# BCs for ATLAS9 + DUSTY99 + blackbody spectra:
#  n     Teff  logg        C        M       T1       T2 DDO51_finf DDO51_f7.9 DDO51_f2.9
   0      500  3.50  -999999  -69.120  -50.732  -38.995  -81.371  -81.609  -82.480
   1      500  4.00  -999999  -67.989  -49.909  -38.309  -76.026  -76.158  -76.861
   2      500  4.50  -999999  -67.606  -49.318  -37.698  -75.460  -75.527  -75.888
   3      500  5.00  -999999  -65.312  -47.454  -36.087  -72.605  -72.656  -72.884
   4      500  5.50  -999999  -62.327  -45.102  -34.091  -69.239  -69.288  -69.511
   5      500  6.00  -79.899  -59.318  -42.759  -32.118  -65.853  -65.900  -66.115
   6      600  3.50  -74.565  -56.067  -41.042  -31.025  -61.766  -61.808  -62.003
   7      600  4.00  -73.676  -55.386  -40.528  -30.594  -60.988  -61.030  -61.222
   8      600  4.50  -76.123  -57.035  -41.452  -31.235  -63.013  -63.057  -63.259
   9      600  5.00  -73.928  -55.228  -39.933  -29.908  -61.029  -61.072  -61.270
  10      600  5.50  -71.180  -52.979  -38.102  -28.336  -58.538  -58.580  -58.773
  11      600  6.00  -68.123  -50.523  -36.188  -26.725  -55.788  -55.828  -56.015
  12      700  3.50  -61.609  -46.048  -33.536  -24.858  -50.346  -50.381  -50.544
  13      700  4.00  -60.901  -45.504  -33.131  -24.524  -49.726  -49.760  -49.922
  14      700  4.50  -62.800  -46.812  -33.886  -25.040  -51.312  -51.348  -51.516
  15      700  5.00  -61.764  -45.912  -33.079  -24.308  -50.349  -50.385  -50.552
  16      700  5.50  -59.640  -44.107  -31.519  -22.923  -48.397  -48.432  -48.596
  17      700  6.00  -56.868  -41.843  -29.690  -21.361  -45.899  -45.933  -46.092
  18      800  3.50  -50.237  -37.127  -26.682  -19.172  -40.320  -40.349  -40.485
  19      800  4.00  -50.443  -37.322  -26.862  -19.331  -40.520  -40.549  -40.685
  20      800  4.50  -52.010  -38.410  -27.507  -19.768  -41.823  -41.853  -41.995
  21      800  5.00  -51.082  -37.547  -26.689  -19.020  -40.935  -40.964  -41.106
  22      800  5.50  -49.690  -36.237  -25.522  -17.998  -39.582  -39.611  -39.753
  23      800  6.00  -47.289  -34.225  -23.961  -16.720  -37.383  -37.411  -37.549
  24      900  3.50  -40.502  -29.544  -21.031  -14.664  -31.813  -31.836  -31.949
  25      900  4.00  -40.551  -29.510  -20.936  -14.543  -31.811  -31.835  -31.948
  26      900  4.50  -42.362  -30.757  -21.722  -15.088  -33.290  -33.315  -33.435
  27      900  5.00  -40.480  -29.084  -20.326  -13.901  -31.515  -31.539  -31.657
  28      900  5.50  -40.547  -29.123  -20.347  -13.915  -31.564  -31.589  -31.707
  29     1000  3.50  -35.628  -25.841  -18.311  -12.559  -27.646  -27.666  -27.765
  30     1000  4.00  -34.823  -25.174  -17.768  -12.105  -26.924  -26.944  -27.042
  31     1000  4.50  -34.764  -24.976  -17.514  -11.840  -26.770  -26.790  -26.889
  32     1000  5.00  -34.704  -24.773  -17.260  -11.580  -26.609  -26.629  -26.730
  33     1000  5.50  -34.220  -24.325  -16.874  -11.247  -26.140  -26.161  -26.261
  34     1000  6.00  -32.782  -23.230  -16.055  -10.607  -24.914  -24.934  -25.030
  35     1100  3.50  -31.082  -22.360  -15.699  -10.541  -23.772  -23.789  -23.877
  36     1100  4.00  -30.727  -22.067  -15.459  -10.339  -23.456  -23.473  -23.560
  37     1100  4.50  -30.612  -21.890  -15.265  -10.149  -23.294  -23.312  -23.399
  38     1100  5.00  -30.099  -21.370  -14.788   -9.722  -22.767  -22.784  -22.872
  39     1100  5.50  -29.416  -20.740  -14.242   -9.254  -22.109  -22.127  -22.214
  40     1100  6.00  -36.042  -26.255  -18.724  -12.973  -28.060  -28.080  -28.179
  41     1200  3.50  -27.075  -19.282  -13.341   -8.705  -20.382  -20.397  -20.475
  42     1200  4.00  -27.075  -19.282  -13.341   -8.705  -20.382  -20.397  -20.475
  43     1200  4.50  -27.075  -19.282  -13.341   -8.705  -20.382  -20.397  -20.475
  44     1200  5.00  -27.138  -19.190  -13.176   -8.511  -20.331  -20.347  -20.426
  45     1200  6.00  -25.585  -17.844  -12.048   -7.575  -18.900  -18.916  -18.993
  46     1300  3.50  -23.555  -16.578  -11.256   -7.085  -17.428  -17.442  -17.512
  47     1300  4.00  -23.590  -16.614  -11.286   -7.111  -17.466  -17.479  -17.549
  48     1300  4.50  -24.187  -17.041  -11.590   -7.329  -17.940  -17.955  -18.026
  49     1300  5.00  -24.179  -16.996  -11.525   -7.258  -17.905  -17.919  -17.990
  50     1300  5.50  -24.007  -16.773  -11.302   -7.056  -17.686  -17.701  -17.772
  51     1300  6.00  -27.257  -19.506  -13.595   -8.980  -20.593  -20.608  -20.686
  52     1400  3.50  -20.622  -14.337   -9.538   -5.770  -14.997  -15.009  -15.071
  53     1400  4.00  -20.660  -14.367   -9.559   -5.785  -15.029  -15.041  -15.103
  54     1400  4.50  -21.037  -14.626   -9.724   -5.890  -15.316  -15.329  -15.393
  55     1400  5.00  -21.412  -14.888   -9.910   -6.022  -15.607  -15.620  -15.684
  56     1400  5.50  -21.218  -14.643   -9.658   -5.798  -15.357  -15.370  -15.435
  57     1400  6.00  -21.227  -14.648   -9.660   -5.799  -15.362  -15.375  -15.440
  58     1500  3.50  -18.419  -12.644   -8.208   -4.702  -13.185  -13.196  -13.251
  59     1500  4.00  -18.335  -12.593   -8.190   -4.718  -13.122  -13.133  -13.188
  60     1500  4.50  -18.716  -12.844   -8.356   -4.837  -13.399  -13.410  -13.467
  61     1500  5.00  -18.887  -12.958   -8.429   -4.890  -13.522  -13.534  -13.591
  62     1500  5.50  -19.035  -13.041   -8.471   -4.915  -13.614  -13.626  -13.684
  63     1500  6.00  -19.042  -13.023   -8.438   -4.887  -13.591  -13.603  -13.662
  64     1600  3.50  -16.733  -11.212   -7.035   -3.686  -11.697  -11.707  -11.757
  65     1600  4.00  -16.612  -11.198   -7.058   -3.736  -11.661  -11.671  -11.721
  66     1600  4.50  -16.679  -11.252   -7.107   -3.823  -11.712  -11.722  -11.772
  67     1600  5.00  -16.771  -11.333   -7.174   -3.907  -11.790  -11.800  -11.851
  68     1600  5.50  -16.894  -11.410   -7.221   -3.958  -11.869  -11.879  -11.930
  69     1600  6.00  -16.991  -11.470   -7.255   -3.994  -11.924  -11.935  -11.987
  70     1700  3.50  -14.931   -9.798   -6.051   -2.763  -10.147  -10.155  -10.194
  71     1700  4.00  -14.562   -9.412   -5.701   -2.528   -9.814   -9.823   -9.860
  72     1700  4.50  -13.413   -8.564   -5.102   -2.004   -8.944   -8.951   -8.983
  73     1700  5.00  -14.685   -9.574   -5.784   -2.595   -9.995  -10.004  -10.044
  74     1700  5.50  -15.047   -9.947   -6.069   -2.923  -10.343  -10.352  -10.397
  75     1700  6.00  -15.212  -10.109   -6.213   -3.156  -10.486  -10.496  -10.541
  76     1800  3.50  -13.532   -8.899   -5.520   -2.226   -9.081   -9.086   -9.116
  77     1800  4.00  -13.348   -8.679   -5.328   -2.119   -8.946   -8.953   -8.982
  78     1800  4.50  -12.520   -8.020   -4.811   -1.749   -8.327   -8.333   -8.360
  79     1800  5.00  -12.493   -8.000   -4.774   -1.707   -8.351   -8.358   -8.384
  80     1800  5.50  -13.309   -8.592   -5.111   -2.043   -8.965   -8.973   -9.007
  81     1800  6.00  -13.431   -8.687   -5.133   -2.086   -9.043   -9.052   -9.088
  82     1900  3.50  -11.640   -7.903   -5.010   -1.684   -7.894   -7.898   -7.921
  83     1900  4.00  -12.336   -8.049   -5.032   -1.743   -8.186   -8.190   -8.213
  84     1900  4.50  -13.200   -8.535   -5.276   -2.004   -8.829   -8.835   -8.861
  85     1900  5.00  -12.422   -7.952   -4.817   -1.669   -8.283   -8.289   -8.312
  86     1900  5.50  -12.616   -8.169   -4.904   -1.830   -8.521   -8.528   -8.556
  87     1900  6.00  -12.610   -8.196   -4.861   -1.895   -8.520   -8.528   -8.559
  88     2000  3.50  -10.293   -7.317   -4.814   -1.390   -7.197   -7.200   -7.222
  89     2000  4.00  -11.058   -7.329   -4.701   -1.348   -7.350   -7.353   -7.372
  90     2000  4.50  -11.525   -7.349   -4.613   -1.311   -7.505   -7.508   -7.525
  91     2000  5.00  -11.924   -7.527   -4.638   -1.376   -7.814   -7.818   -7.836
  92     2000  5.50  -12.266   -7.898   -4.797   -1.645   -8.236   -8.242   -8.265
  93     2000  6.00  -11.925   -7.733   -4.604   -1.631   -8.052   -8.059   -8.085
  94     2100  4.00   -9.895   -6.737   -4.454   -1.067   -6.703   -6.705   -6.724
  95     2100  5.00  -10.872   -6.733   -4.223   -0.924   -6.954   -6.956   -6.969
  96     2100  5.50  -11.628   -7.256   -4.464   -1.189   -7.602   -7.606   -7.620
  97     2100  6.00  -11.787   -7.545   -4.541   -1.422   -7.898   -7.905   -7.927
  98     2200  3.50   -8.021   -6.104   -4.220   -0.849   -5.950   -5.954   -5.978
  99     2200  4.00   -8.774   -6.147   -4.161   -0.810   -6.104   -6.107   -6.128
 100     2200  4.50   -9.563   -6.232   -4.136   -0.759   -6.295   -6.297   -6.312
 101     2200  5.00  -10.207   -6.305   -4.053   -0.707   -6.506   -6.507   -6.518
 102     2200  5.50  -10.828   -6.582   -4.115   -0.793   -6.907   -6.909   -6.918
 103     2200  6.00  -11.046   -6.717   -4.078   -0.839   -7.118   -7.123   -7.135
 104     2300  3.50   -7.194   -5.564   -3.850   -0.610   -5.440   -5.446   -5.471
 105     2300  4.00   -7.865   -5.610   -3.817   -0.574   -5.589   -5.594   -5.617
 106     2300  4.50   -8.675   -5.740   -3.858   -0.543   -5.816   -5.820   -5.837
 107     2300  5.00   -9.482   -5.875   -3.837   -0.511   -6.075   -6.078   -6.088
 108     2300  5.50  -10.117   -6.043   -3.842   -0.517   -6.358   -6.360   -6.367
 109     2300  6.00  -10.402   -6.136   -3.769   -0.512   -6.538   -6.542   -6.549
 110     2400  3.50   -6.530   -5.065   -3.441   -0.388   -4.985   -4.992   -5.018
 111     2400  4.00   -7.094   -5.106   -3.434   -0.357   -5.122   -5.128   -5.154
 112     2400  4.50   -7.826   -5.242   -3.519   -0.336   -5.349   -5.354   -5.375
 113     2400  5.50   -9.333   -5.527   -3.550   -0.275   -5.848   -5.850   -5.856
 114     2400  6.00   -9.880   -5.713   -3.545   -0.304   -6.126   -6.129   -6.134
 115     2500  3.50   -6.055   -4.637   -3.042   -0.201   -4.600   -4.608   -4.635
 116     2500  4.00   -6.485   -4.652   -3.037   -0.165   -4.705   -4.713   -4.741
 117     2500  4.50   -7.119   -4.794   -3.166   -0.154   -4.936   -4.943   -4.967
 118     2500  5.00   -7.848   -4.914   -3.206   -0.113   -5.164   -5.170   -5.185
 119     2500  5.50   -8.635   -5.093   -3.260   -0.098   -5.446   -5.449   -5.456
 120     2500  6.00   -9.252   -5.272   -3.280   -0.108   -5.709   -5.712   -5.717
 121     2600  3.50   -5.672   -4.266   -2.685   -0.048   -4.262   -4.270   -4.298
 122     2600  4.00   -6.003   -4.254   -2.670   -0.008   -4.338   -4.347   -4.376
 123     2600  4.50   -6.530   -4.384   -2.812    0.005   -4.560   -4.569   -4.595
 124     2600  5.00   -7.134   -4.475   -2.853    0.045   -4.758   -4.765   -4.784
 125     2600  5.50   -7.891   -4.644   -2.928    0.066   -5.029   -5.034   -5.043
 126     2600  6.00   -8.596   -4.856   -2.997    0.053   -5.315   -5.320   -5.325
 127     2700  3.50   -5.360   -3.961   -2.399    0.065   -3.978   -3.986   -4.014
 128     2700  4.00   -5.597   -3.904   -2.347    0.120   -4.009   -4.018   -4.047
 129     2700  4.50   -6.019   -4.006   -2.477    0.141   -4.208   -4.218   -4.246
 130     2700  5.00   -6.525   -4.077   -2.510    0.177   -4.385   -4.394   -4.417
 131     2700  5.50   -7.198   -4.223   -2.590    0.201   -4.635   -4.642   -4.655
 132     2700  6.00   -7.917   -4.429   -2.680    0.199   -4.916   -4.922   -4.929
 133     2800  5.00   -7.278   -3.377   -1.658    0.605   -4.207   -4.223   -4.245
 134     2800  5.50   -7.757   -3.487   -1.633    0.681   -4.370   -4.388   -4.414
 135     2900  5.00   -6.700   -3.066   -1.412    0.606   -3.869   -3.885   -3.907
 136     2900  5.50   -7.169   -3.169   -1.420    0.674   -4.040   -4.057   -4.083
 137     3000  5.00   -6.167   -2.791   -1.187    0.608   -3.553   -3.567   -3.589
 138     3000  5.50   -6.618   -2.885   -1.217    0.669   -3.728   -3.744   -3.767
 139     3100  5.00   -5.678   -2.551   -0.989    0.611   -3.259   -3.273   -3.293
 140     3100  5.50   -6.094   -2.635   -1.028    0.663   -3.432   -3.447   -3.468
 141     3200  5.00   -5.237   -2.342   -0.818    0.616   -2.996   -3.008   -3.026
 142     3200  5.50   -5.604   -2.411   -0.857    0.660   -3.153   -3.166   -3.186
 143     3300  5.00   -4.836   -2.157   -0.666    0.624   -2.753   -2.764   -2.780
 144     3300  5.50   -5.144   -2.213   -0.703    0.661   -2.889   -2.901   -2.918
 145     3400  5.00   -4.474   -1.992   -0.532    0.635   -2.533   -2.543   -2.557
 146     3400  5.50   -4.716   -2.036   -0.564    0.663   -2.644   -2.655   -2.669
 147     3500  5.00   -4.143   -1.842   -0.415    0.646   -2.333   -2.341   -2.354
 148     3500  5.50   -4.319   -1.877   -0.440    0.667   -2.415   -2.424   -2.437
 149     3600  5.00   -3.839   -1.707   -0.317    0.655   -2.146   -2.153   -2.165
 150     3600  5.50   -3.963   -1.736   -0.335    0.671   -2.206   -2.213   -2.225
 151     3700  5.00   -3.560   -1.581   -0.238    0.663   -1.966   -1.973   -1.983
 152     3700  5.50   -3.668   -1.612   -0.251    0.674   -2.028   -2.035   -2.045
 153     3800  5.00   -3.308   -1.461   -0.175    0.671   -1.799   -1.805   -1.814
 154     3800  5.50   -3.404   -1.482   -0.173    0.688   -1.861   -1.868   -1.877
 155     3500  0.00   -5.281   -2.618   -0.812    0.374   -2.738   -2.744   -2.766
 156     3500  0.50   -4.802   -2.296   -0.641    0.448   -2.444   -2.450   -2.472
 157     3500  1.00   -4.334   -2.020   -0.499    0.516   -2.203   -2.209   -2.230
 158     3500  1.50   -3.940   -1.827   -0.397    0.572   -2.035   -2.042   -2.062
 159     3500  2.00   -3.680   -1.731   -0.343    0.608   -1.942   -1.949   -1.969
 160     3500  2.50   -3.522   -1.674   -0.307    0.632   -1.901   -1.908   -1.928
 161     3500  3.00   -3.455   -1.645   -0.281    0.648   -1.918   -1.925   -1.948
 162     3500  3.50   -3.461   -1.635   -0.257    0.664   -1.989   -1.998   -2.025
 163     3500  4.00   -3.528   -1.635   -0.229    0.684   -2.112   -2.125   -2.158
 164     3500  4.50   -3.633   -1.632   -0.193    0.713   -2.259   -2.276   -2.317
 165     3500  5.00   -3.753   -1.617   -0.144    0.754   -2.406   -2.428   -2.476
 166     3750  0.00   -4.634   -2.183   -0.572    0.483   -2.219   -2.223   -2.241
 167     3750  0.50   -4.273   -1.963   -0.483    0.496   -2.018   -2.022   -2.039
 168     3750  1.00   -3.903   -1.768   -0.404    0.515   -1.858   -1.862   -1.878
 169     3750  1.50   -3.552   -1.601   -0.326    0.547   -1.733   -1.737   -1.752
 170     3750  2.00   -3.278   -1.488   -0.262    0.589   -1.639   -1.644   -1.658
 171     3750  2.50   -3.102   -1.427   -0.219    0.626   -1.581   -1.586   -1.600
 172     3750  3.00   -2.996   -1.393   -0.191    0.650   -1.560   -1.565   -1.580
 173     3750  3.50   -2.953   -1.376   -0.169    0.668   -1.580   -1.586   -1.602
 174     3750  4.00   -2.964   -1.368   -0.146    0.685   -1.643   -1.651   -1.669
 175     3750  4.50   -3.020   -1.365   -0.118    0.707   -1.747   -1.757   -1.779
 176     3750  5.00   -3.111   -1.359   -0.080    0.737   -1.871   -1.883   -1.911
 177     4000  0.00   -3.855   -1.703   -0.302    0.619   -1.700   -1.703   -1.718
 178     4000  0.50   -3.553   -1.540   -0.251    0.612   -1.538   -1.541   -1.555
 179     4000  1.00   -3.261   -1.406   -0.215    0.602   -1.412   -1.415   -1.427
 180     4000  1.50   -3.005   -1.303   -0.189    0.596   -1.329   -1.332   -1.343
 181     4000  2.00   -2.806   -1.231   -0.164    0.598   -1.289   -1.292   -1.303
 182     4000  2.50   -2.672   -1.186   -0.133    0.622   -1.264   -1.268   -1.279
 183     4000  3.00   -2.586   -1.157   -0.102    0.653   -1.245   -1.248   -1.259
 184     4000  3.50   -2.531   -1.136   -0.075    0.679   -1.240   -1.244   -1.255
 185     4000  4.00   -2.519   -1.128   -0.057    0.697   -1.268   -1.272   -1.284
 186     4000  4.50   -2.539   -1.127   -0.040    0.711   -1.325   -1.331   -1.344
 187     4000  5.00   -2.592   -1.128   -0.016    0.730   -1.415   -1.422   -1.437
 188     4250  0.00   -3.064   -1.287   -0.091    0.705   -1.270   -1.273   -1.286
 189     4250  0.50   -2.842   -1.182   -0.067    0.690   -1.165   -1.167   -1.179
 190     4250  1.00   -2.627   -1.091   -0.050    0.675   -1.077   -1.079   -1.090
 191     4250  1.50   -2.439   -1.021   -0.039    0.662   -1.012   -1.014   -1.024
 192     4250  2.00   -2.292   -0.971   -0.031    0.653   -0.971   -0.973   -0.983
 193     4250  2.50   -2.191   -0.939   -0.021    0.654   -0.954   -0.956   -0.965
 194     4250  3.00   -2.136   -0.924   -0.006    0.668   -0.951   -0.953   -0.962
 195     4250  3.50   -2.114   -0.916    0.013    0.690   -0.951   -0.953   -0.963
 196     4250  4.00   -2.110   -0.911    0.028    0.708   -0.959   -0.962   -0.971
 197     4250  4.50   -2.123   -0.910    0.041    0.722   -0.982   -0.985   -0.995
 198     4250  5.00   -2.155   -0.912    0.054    0.733   -1.030   -1.033   -1.044
 199     4500  0.00   -2.351   -0.947    0.059    0.742   -0.925   -0.927   -0.938
 200     4500  0.50   -2.191   -0.888    0.063    0.725   -0.868   -0.870   -0.880
 201     4500  1.00   -2.048   -0.839    0.065    0.708   -0.821   -0.823   -0.832
 202     4500  1.50   -1.929   -0.800    0.066    0.694   -0.785   -0.787   -0.795
 203     4500  2.00   -1.840   -0.771    0.068    0.685   -0.759   -0.761   -0.769
 204     4500  2.50   -1.782   -0.750    0.071    0.681   -0.744   -0.746   -0.754
 205     4500  3.00   -1.752   -0.739    0.078    0.686   -0.741   -0.742   -0.751
 206     4500  3.50   -1.741   -0.736    0.088    0.698   -0.745   -0.747   -0.755
 207     4500  4.00   -1.746   -0.735    0.101    0.715   -0.749   -0.752   -0.760
 208     4500  4.50   -1.762   -0.734    0.113    0.730   -0.756   -0.759   -0.767
 209     4500  5.00   -1.786   -0.734    0.124    0.741   -0.771   -0.774   -0.782
 210     4750  0.00   -1.797   -0.695    0.155    0.747   -0.674   -0.675   -0.684
 211     4750  0.50   -1.675   -0.666    0.147    0.727   -0.648   -0.649   -0.658
 212     4750  1.00   -1.570   -0.645    0.139    0.709   -0.629   -0.630   -0.638
 213     4750  1.50   -1.488   -0.630    0.131    0.694   -0.615   -0.617   -0.624
 214     4750  2.00   -1.433   -0.619    0.126    0.684   -0.606   -0.607   -0.615
 215     4750  2.50   -1.404   -0.610    0.126    0.680   -0.599   -0.600   -0.607
 216     4750  3.00   -1.396   -0.603    0.130    0.682   -0.595   -0.596   -0.603
 217     4750  3.50   -1.404   -0.600    0.138    0.691   -0.595   -0.597   -0.604
 218     4750  4.00   -1.418   -0.601    0.148    0.705   -0.599   -0.600   -0.608
 219     4750  4.50   -1.437   -0.601    0.159    0.719   -0.602   -0.604   -0.612
 220     4750  5.00   -1.459   -0.600    0.170    0.732   -0.606   -0.608   -0.616
 221     5000  0.00   -1.387   -0.511    0.214    0.733   -0.492   -0.493   -0.501
 222     5000  0.50   -1.299   -0.503    0.199    0.712   -0.486   -0.488   -0.495
 223     5000  1.00   -1.224   -0.500    0.185    0.694   -0.485   -0.487   -0.494
 224     5000  1.50   -1.166   -0.501    0.171    0.678   -0.488   -0.489   -0.496
 225     5000  2.00   -1.125   -0.504    0.160    0.665   -0.491   -0.493   -0.499
 226     5000  2.50   -1.103   -0.506    0.154    0.658   -0.494   -0.495   -0.502
 227     5000  3.00   -1.100   -0.505    0.154    0.658   -0.494   -0.496   -0.502
 228     5000  3.50   -1.114   -0.503    0.161    0.665   -0.493   -0.495   -0.502
 229     5000  4.00   -1.135   -0.502    0.171    0.678   -0.494   -0.495   -0.502
 230     5000  4.50   -1.158   -0.503    0.182    0.692   -0.495   -0.497   -0.504
 231     5000  5.00   -1.181   -0.502    0.193    0.706   -0.497   -0.498   -0.506
 232     5250  0.00   -1.078   -0.373    0.248    0.706   -0.357   -0.358   -0.364
 233     5250  0.50   -1.021   -0.379    0.230    0.687   -0.365   -0.366   -0.372
 234     5250  1.00   -0.972   -0.389    0.213    0.669   -0.375   -0.376   -0.382
 235     5250  1.50   -0.934   -0.400    0.197    0.653   -0.388   -0.389   -0.395
 236     5250  2.00   -0.908   -0.413    0.181    0.640   -0.401   -0.402   -0.408
 237     5250  2.50   -0.891   -0.424    0.170    0.629   -0.413   -0.414   -0.420
 238     5250  3.00   -0.886   -0.432    0.164    0.625   -0.421   -0.422   -0.428
 239     5250  3.50   -0.893   -0.434    0.167    0.628   -0.423   -0.425   -0.431
 240     5250  4.00   -0.911   -0.433    0.176    0.639   -0.423   -0.424   -0.430
 241     5250  4.50   -0.934   -0.432    0.187    0.653   -0.422   -0.423   -0.430
 242     5250  5.00   -0.957   -0.431    0.199    0.668   -0.421   -0.423   -0.429
 243     5500  0.00   -0.838   -0.266    0.265    0.670   -0.252   -0.253   -0.258
 244     5500  0.50   -0.807   -0.281    0.248    0.654   -0.268   -0.269   -0.275
 245     5500  1.00   -0.781   -0.298    0.230    0.639   -0.286   -0.287   -0.293
 246     5500  1.50   -0.760   -0.317    0.213    0.624   -0.306   -0.307   -0.312
 247     5500  2.00   -0.747   -0.337    0.195    0.610   -0.326   -0.327   -0.333
 248     5500  2.50   -0.738   -0.356    0.180    0.598   -0.345   -0.347   -0.352
 249     5500  3.00   -0.735   -0.372    0.169    0.590   -0.361   -0.362   -0.367
 250     5500  3.50   -0.736   -0.381    0.165    0.588   -0.370   -0.371   -0.377
 251     5500  4.00   -0.745   -0.383    0.169    0.594   -0.372   -0.373   -0.379
 252     5500  4.50   -0.761   -0.382    0.179    0.606   -0.371   -0.372   -0.378
 253     5500  5.00   -0.780   -0.380    0.192    0.621   -0.369   -0.370   -0.376
 254     5750  0.00   -0.645   -0.179    0.271    0.627   -0.168   -0.169   -0.173
 255     5750  0.50   -0.636   -0.200    0.255    0.616   -0.189   -0.190   -0.195
 256     5750  1.00   -0.628   -0.222    0.239    0.604   -0.212   -0.213   -0.217
 257     5750  1.50   -0.623   -0.246    0.222    0.591   -0.236   -0.237   -0.242
 258     5750  2.00   -0.620   -0.272    0.204    0.578   -0.261   -0.262   -0.267
 259     5750  2.50   -0.620   -0.296    0.186    0.565   -0.286   -0.287   -0.292
 260     5750  3.00   -0.621   -0.319    0.171    0.555   -0.308   -0.309   -0.314
 261     5750  3.50   -0.623   -0.335    0.161    0.549   -0.324   -0.325   -0.331
 262     5750  4.00   -0.626   -0.344    0.159    0.549   -0.333   -0.334   -0.339
 263     5750  4.50   -0.634   -0.346    0.165    0.557   -0.335   -0.336   -0.342
 264     5750  5.00   -0.647   -0.344    0.176    0.570   -0.333   -0.334   -0.340
 265     6000  0.00   -0.482   -0.108    0.266    0.578   -0.101   -0.101   -0.105
 266     6000  0.50   -0.494   -0.131    0.255    0.572   -0.123   -0.124   -0.128
 267     6000  1.00   -0.501   -0.156    0.242    0.564   -0.148   -0.149   -0.153
 268     6000  1.50   -0.509   -0.184    0.226    0.554   -0.175   -0.176   -0.180
 269     6000  2.00   -0.517   -0.213    0.208    0.543   -0.203   -0.204   -0.209
 270     6000  2.50   -0.525   -0.242    0.189    0.531   -0.233   -0.233   -0.238
 271     6000  3.00   -0.532   -0.270    0.172    0.519   -0.260   -0.261   -0.266
 272     6000  3.50   -0.537   -0.293    0.157    0.510   -0.283   -0.284   -0.289
 273     6000  4.00   -0.539   -0.310    0.149    0.506   -0.299   -0.300   -0.305
 274     6000  4.50   -0.542   -0.317    0.148    0.508   -0.307   -0.308   -0.313
 275     6000  5.00   -0.548   -0.318    0.156    0.518   -0.307   -0.309   -0.314
 276     6250  0.50   -0.369   -0.073    0.248    0.523   -0.068   -0.068   -0.072
 277     6250  1.00   -0.392   -0.099    0.239    0.520   -0.092   -0.093   -0.096
 278     6250  1.50   -0.411   -0.127    0.225    0.514   -0.120   -0.121   -0.124
 279     6250  2.00   -0.429   -0.159    0.209    0.505   -0.151   -0.152   -0.155
 280     6250  2.50   -0.445   -0.192    0.190    0.495   -0.183   -0.184   -0.188
 281     6250  3.00   -0.458   -0.224    0.171    0.483   -0.215   -0.216   -0.220
 282     6250  3.50   -0.468   -0.254    0.153    0.472   -0.244   -0.245   -0.249
 283     6250  4.00   -0.473   -0.277    0.139    0.465   -0.267   -0.268   -0.273
 284     6250  4.50   -0.474   -0.292    0.133    0.462   -0.282   -0.283   -0.288
 285     6250  5.00   -0.475   -0.299    0.134    0.467   -0.288   -0.289   -0.294
 286     6500  0.50   -0.250   -0.027    0.230    0.468   -0.026   -0.026   -0.029
 287     6500  1.00   -0.293   -0.050    0.228    0.471   -0.045   -0.046   -0.049
 288     6500  1.50   -0.324   -0.078    0.220    0.470   -0.072   -0.073   -0.076
 289     6500  2.00   -0.351   -0.110    0.205    0.464   -0.103   -0.104   -0.107
 290     6500  2.50   -0.375   -0.146    0.187    0.456   -0.138   -0.138   -0.142
 291     6500  3.00   -0.395   -0.182    0.168    0.445   -0.173   -0.173   -0.177
 292     6500  3.50   -0.410   -0.216    0.148    0.434   -0.206   -0.207   -0.211
 293     6500  4.00   -0.419   -0.246    0.130    0.424   -0.236   -0.237   -0.241
 294     6500  4.50   -0.423   -0.268    0.118    0.418   -0.258   -0.259   -0.263
 295     6500  5.00   -0.422   -0.282    0.114    0.418   -0.271   -0.272   -0.277
 296     6750  0.50   -0.156    0.010    0.210    0.411    0.009    0.008    0.006
 297     6750  1.00   -0.195   -0.011    0.209    0.416   -0.010   -0.011   -0.013
 298     6750  1.50   -0.242   -0.036    0.207    0.421   -0.032   -0.033   -0.035
 299     6750  2.00   -0.280   -0.067    0.198    0.419   -0.061   -0.062   -0.065
 300     6750  2.50   -0.311   -0.103    0.182    0.414   -0.096   -0.096   -0.100
 301     6750  3.00   -0.338   -0.141    0.163    0.405   -0.133   -0.133   -0.137
 302     6750  3.50   -0.359   -0.179    0.142    0.395   -0.170   -0.171   -0.174
 303     6750  4.00   -0.374   -0.215    0.121    0.384   -0.205   -0.205   -0.209
 304     6750  4.50   -0.381   -0.244    0.105    0.376   -0.234   -0.235   -0.238
 305     6750  5.00   -0.382   -0.265    0.094    0.372   -0.254   -0.255   -0.259
 306     7000  0.50   -0.087    0.037    0.190    0.358    0.033    0.033    0.032
 307     7000  1.00   -0.117    0.019    0.187    0.361    0.017    0.017    0.015
 308     7000  1.50   -0.161   -0.003    0.186    0.366   -0.003   -0.003   -0.005
 309     7000  2.00   -0.213   -0.031    0.184    0.370   -0.027   -0.027   -0.030
 310     7000  2.50   -0.253   -0.065    0.172    0.369   -0.059   -0.060   -0.062
 311     7000  3.00   -0.287   -0.104    0.155    0.363   -0.096   -0.097   -0.100
 312     7000  3.50   -0.314   -0.145    0.134    0.354   -0.136   -0.136   -0.139
 313     7000  4.00   -0.335   -0.184    0.113    0.344   -0.174   -0.175   -0.178
 314     7000  4.50   -0.347   -0.220    0.093    0.335   -0.209   -0.210   -0.213
 315     7000  5.00   -0.351   -0.248    0.077    0.328   -0.237   -0.238   -0.241
 316     7250  0.50   -0.044    0.051    0.170    0.308    0.046    0.046    0.045
 317     7250  1.00   -0.061    0.039    0.165    0.307    0.035    0.034    0.033
 318     7250  1.50   -0.097    0.020    0.163    0.310    0.018    0.018    0.017
 319     7250  2.00   -0.145   -0.004    0.161    0.315   -0.003   -0.003   -0.005
 320     7250  2.50   -0.197   -0.034    0.157    0.319   -0.029   -0.030   -0.032
 321     7250  3.00   -0.239   -0.072    0.144    0.318   -0.064   -0.065   -0.067
 322     7250  3.50   -0.273   -0.113    0.125    0.312   -0.104   -0.104   -0.107
 323     7250  4.00   -0.300   -0.155    0.103    0.303   -0.145   -0.145   -0.148
 324     7250  4.50   -0.317   -0.195    0.081    0.293   -0.184   -0.185   -0.188
 325     7250  5.00   -0.326   -0.230    0.061    0.285   -0.218   -0.219   -0.222
 326     7500  0.50   -0.040    0.045    0.152    0.267    0.041    0.041    0.040
 327     7500  1.00   -0.023    0.045    0.140    0.255    0.039    0.039    0.038
 328     7500  1.50   -0.052    0.032    0.137    0.257    0.029    0.028    0.027
 329     7500  2.00   -0.092    0.013    0.135    0.260    0.012    0.011    0.010
 330     7500  2.50   -0.142   -0.013    0.132    0.264   -0.011   -0.011   -0.013
 331     7500  3.00   -0.194   -0.046    0.127    0.268   -0.039   -0.039   -0.041
 332     7500  3.50   -0.235   -0.085    0.112    0.266   -0.076   -0.077   -0.079
 333     7500  4.00   -0.268   -0.128    0.091    0.260   -0.118   -0.118   -0.121
 334     7500  4.50   -0.291   -0.172    0.068    0.252   -0.160   -0.160   -0.163
 335     7500  5.00   -0.306   -0.211    0.046    0.242   -0.199   -0.199   -0.202
 336     7750  1.00   -0.008    0.035    0.111    0.206    0.029    0.028    0.027
 337     7750  1.50   -0.022    0.031    0.108    0.203    0.025    0.025    0.024
 338     7750  2.00   -0.058    0.017    0.106    0.205    0.015    0.014    0.013
 339     7750  2.50   -0.101   -0.003    0.103    0.208   -0.003   -0.003   -0.004
 340     7750  3.00   -0.151   -0.030    0.100    0.213   -0.025   -0.026   -0.027
 341     7750  3.50   -0.200   -0.064    0.093    0.217   -0.055   -0.056   -0.057
 342     7750  4.00   -0.238   -0.105    0.076    0.215   -0.094   -0.095   -0.097
 343     7750  4.50   -0.268   -0.150    0.054    0.208   -0.137   -0.138   -0.140
 344     7750  5.00   -0.288   -0.193    0.031    0.200   -0.180   -0.180   -0.183
 345     8000  1.00   -0.020    0.006    0.078    0.159   -0.000   -0.000   -0.001
 346     8000  1.50   -0.009    0.016    0.073    0.149    0.009    0.009    0.008
 347     8000  2.00   -0.037    0.009    0.072    0.149    0.005    0.004    0.004
 348     8000  2.50   -0.076   -0.006    0.071    0.151   -0.007   -0.007   -0.008
 349     8000  3.00   -0.120   -0.027    0.067    0.155   -0.025   -0.025   -0.026
 350     8000  3.50   -0.168   -0.054    0.065    0.161   -0.047   -0.047   -0.048
 351     8000  4.00   -0.213   -0.089    0.056    0.165   -0.078   -0.078   -0.080
 352     8000  4.50   -0.247   -0.132    0.038    0.163   -0.118   -0.119   -0.121
 353     8000  5.00   -0.273   -0.177    0.014    0.156   -0.162   -0.162   -0.165
 354     8250  1.00   -0.058   -0.050    0.037    0.111   -0.056   -0.056   -0.057
 355     8250  1.50   -0.011   -0.013    0.033    0.095   -0.021   -0.021   -0.022
 356     8250  2.00   -0.026   -0.012    0.032    0.092   -0.018   -0.018   -0.018
 357     8250  2.50   -0.062   -0.020    0.033    0.093   -0.023   -0.023   -0.024
 358     8250  3.00   -0.104   -0.036    0.031    0.097   -0.035   -0.035   -0.036
 359     8250  3.50   -0.148   -0.058    0.028    0.101   -0.052   -0.053   -0.053
 360     8250  4.00   -0.192   -0.084    0.026    0.109   -0.074   -0.074   -0.075
 361     8250  4.50   -0.230   -0.120    0.016    0.114   -0.106   -0.106   -0.108
 362     8250  5.00   -0.260   -0.164   -0.004    0.111   -0.147   -0.148   -0.150
 363     8500  1.50   -0.029   -0.056   -0.012    0.041   -0.064   -0.064   -0.065
 364     8500  2.00   -0.030   -0.044   -0.012    0.035   -0.051   -0.051   -0.052
 365     8500  2.50   -0.058   -0.046   -0.010    0.034   -0.050   -0.050   -0.051
 366     8500  3.00   -0.097   -0.056   -0.010    0.037   -0.056   -0.056   -0.057
 367     8500  3.50   -0.139   -0.072   -0.012    0.041   -0.068   -0.068   -0.069
 368     8500  4.00   -0.181   -0.094   -0.015    0.048   -0.085   -0.085   -0.086
 369     8500  4.50   -0.218   -0.119   -0.015    0.058   -0.105   -0.105   -0.106
 370     8500  5.00   -0.250   -0.156   -0.028    0.062   -0.139   -0.139   -0.141
 371     8750  1.50   -0.057   -0.109   -0.063   -0.016   -0.117   -0.118   -0.118
 372     8750  2.00   -0.044   -0.085   -0.061   -0.024   -0.094   -0.094   -0.094
 373     8750  2.50   -0.064   -0.081   -0.059   -0.026   -0.087   -0.087   -0.088
 374     8750  3.00   -0.098   -0.085   -0.057   -0.024   -0.088   -0.088   -0.088
 375     8750  3.50   -0.138   -0.096   -0.056   -0.020   -0.094   -0.094   -0.095
 376     8750  4.00   -0.179   -0.113   -0.058   -0.014   -0.106   -0.106   -0.106
 377     8750  4.50   -0.217   -0.133   -0.058   -0.004   -0.120   -0.121   -0.121
 378     8750  5.00   -0.246   -0.158   -0.059    0.007   -0.140   -0.140   -0.142
 379     9000  1.50   -0.089   -0.166   -0.119   -0.076   -0.175   -0.175   -0.176
 380     9000  2.00   -0.066   -0.133   -0.113   -0.083   -0.143   -0.143   -0.143
 381     9000  2.50   -0.079   -0.123   -0.110   -0.087   -0.131   -0.131   -0.131
 382     9000  3.00   -0.108   -0.123   -0.107   -0.086   -0.127   -0.127   -0.128
 383     9000  3.50   -0.145   -0.129   -0.105   -0.083   -0.128   -0.129   -0.129
 384     9000  4.00   -0.185   -0.140   -0.105   -0.077   -0.134   -0.135   -0.135
 385     9000  4.50   -0.223   -0.157   -0.106   -0.068   -0.146   -0.146   -0.146
 386     9000  5.00   -0.251   -0.175   -0.102   -0.054   -0.158   -0.158   -0.159
 387     9250  2.00   -0.094   -0.185   -0.168   -0.144   -0.195   -0.195   -0.196
 388     9250  2.50   -0.101   -0.171   -0.164   -0.149   -0.180   -0.180   -0.180
 389     9250  3.00   -0.125   -0.167   -0.161   -0.149   -0.173   -0.173   -0.173
 390     9250  3.50   -0.158   -0.169   -0.158   -0.146   -0.170   -0.170   -0.170
 391     9250  4.00   -0.195   -0.175   -0.155   -0.140   -0.171   -0.171   -0.172
 392     9250  4.50   -0.232   -0.187   -0.154   -0.132   -0.177   -0.177   -0.178
 393     9250  5.00   -0.265   -0.203   -0.153   -0.120   -0.187   -0.187   -0.188
 394     9500  2.00   -0.125   -0.238   -0.224   -0.205   -0.249   -0.249   -0.250
 395     9500  2.50   -0.127   -0.221   -0.220   -0.210   -0.231   -0.231   -0.231
 396     9500  3.00   -0.147   -0.215   -0.217   -0.212   -0.222   -0.222   -0.222
 397     9500  3.50   -0.176   -0.213   -0.213   -0.210   -0.217   -0.217   -0.217
 398     9500  4.00   -0.211   -0.216   -0.208   -0.204   -0.214   -0.214   -0.214
 399     9500  4.50   -0.247   -0.224   -0.205   -0.196   -0.215   -0.215   -0.215
 400     9500  5.00   -0.281   -0.236   -0.204   -0.185   -0.221   -0.221   -0.221
 401     9750  2.00   -0.156   -0.292   -0.280   -0.266   -0.304   -0.304   -0.304
 402     9750  2.50   -0.156   -0.273   -0.276   -0.272   -0.284   -0.284   -0.284
 403     9750  3.00   -0.173   -0.265   -0.273   -0.274   -0.273   -0.273   -0.273
 404     9750  3.50   -0.199   -0.262   -0.269   -0.273   -0.266   -0.266   -0.266
 405     9750  4.00   -0.232   -0.262   -0.264   -0.268   -0.261   -0.261   -0.261
 406     9750  4.50   -0.266   -0.265   -0.259   -0.260   -0.258   -0.258   -0.258
 407     9750  5.00   -0.299   -0.273   -0.256   -0.249   -0.259   -0.259   -0.260
 408    10000  2.00   -0.188   -0.345   -0.336   -0.328   -0.357   -0.357   -0.358
 409    10000  2.50   -0.187   -0.325   -0.332   -0.333   -0.337   -0.337   -0.337
 410    10000  3.00   -0.202   -0.316   -0.329   -0.336   -0.326   -0.326   -0.326
 411    10000  3.50   -0.226   -0.312   -0.326   -0.337   -0.318   -0.318   -0.318
 412    10000  4.00   -0.256   -0.310   -0.320   -0.333   -0.311   -0.311   -0.311
 413    10000  4.50   -0.288   -0.310   -0.315   -0.324   -0.306   -0.306   -0.306
 414    10000  5.00   -0.320   -0.315   -0.310   -0.313   -0.303   -0.303   -0.303
 415    10250  2.00   -0.221   -0.398   -0.392   -0.388   -0.411   -0.411   -0.411
 416    10250  2.50   -0.220   -0.378   -0.388   -0.394   -0.390   -0.390   -0.390
 417    10250  3.00   -0.233   -0.368   -0.386   -0.398   -0.379   -0.379   -0.379
 418    10250  3.50   -0.255   -0.363   -0.382   -0.399   -0.370   -0.370   -0.370
 419    10250  4.00   -0.282   -0.360   -0.378   -0.396   -0.363   -0.363   -0.363
 420    10250  4.50   -0.313   -0.359   -0.372   -0.388   -0.356   -0.356   -0.356
 421    10250  5.00   -0.343   -0.360   -0.365   -0.377   -0.350   -0.350   -0.350
 422    10500  2.00   -0.253   -0.450   -0.447   -0.448   -0.463   -0.463   -0.463
 423    10500  2.50   -0.252   -0.430   -0.444   -0.454   -0.443   -0.443   -0.443
 424    10500  3.00   -0.265   -0.420   -0.442   -0.459   -0.432   -0.432   -0.431
 425    10500  3.50   -0.285   -0.414   -0.439   -0.460   -0.423   -0.423   -0.423
 426    10500  4.00   -0.311   -0.411   -0.435   -0.458   -0.415   -0.415   -0.415
 427    10500  4.50   -0.340   -0.408   -0.429   -0.452   -0.407   -0.407   -0.407
 428    10500  5.00   -0.369   -0.408   -0.422   -0.441   -0.399   -0.399   -0.399
 429    10750  2.00   -0.286   -0.501   -0.502   -0.507   -0.515   -0.515   -0.515
 430    10750  2.50   -0.286   -0.481   -0.499   -0.514   -0.495   -0.495   -0.495
 431    10750  3.00   -0.298   -0.472   -0.498   -0.519   -0.484   -0.484   -0.484
 432    10750  3.50   -0.317   -0.466   -0.495   -0.521   -0.476   -0.476   -0.476
 433    10750  4.00   -0.341   -0.462   -0.491   -0.520   -0.468   -0.468   -0.467
 434    10750  4.50   -0.368   -0.459   -0.486   -0.514   -0.459   -0.459   -0.459
 435    10750  5.00   -0.397   -0.457   -0.478   -0.504   -0.450   -0.450   -0.450
 436    11000  2.00   -0.318   -0.552   -0.556   -0.566   -0.566   -0.566   -0.566
 437    11000  2.50   -0.319   -0.532   -0.553   -0.573   -0.546   -0.546   -0.546
 438    11000  3.00   -0.331   -0.523   -0.553   -0.578   -0.536   -0.536   -0.536
 439    11000  3.50   -0.350   -0.518   -0.551   -0.581   -0.528   -0.528   -0.528
 440    11000  4.00   -0.373   -0.513   -0.547   -0.580   -0.520   -0.520   -0.520
 441    11000  4.50   -0.398   -0.510   -0.542   -0.576   -0.512   -0.511   -0.511
 442    11000  5.00   -0.426   -0.507   -0.535   -0.567   -0.502   -0.502   -0.501
 443    11250  2.00   -0.351   -0.602   -0.609   -0.624   -0.617   -0.617   -0.617
 444    11250  2.50   -0.352   -0.583   -0.607   -0.631   -0.597   -0.597   -0.597
 445    11250  3.00   -0.365   -0.574   -0.607   -0.637   -0.587   -0.587   -0.587
 446    11250  3.50   -0.383   -0.569   -0.606   -0.640   -0.580   -0.580   -0.580
 447    11250  4.00   -0.405   -0.565   -0.603   -0.640   -0.572   -0.572   -0.572
 448    11250  4.50   -0.429   -0.561   -0.598   -0.636   -0.564   -0.564   -0.563
 449    11250  5.00   -0.456   -0.557   -0.591   -0.628   -0.554   -0.554   -0.553
 450    11500  2.00   -0.383   -0.652   -0.662   -0.680   -0.667   -0.667   -0.667
 451    11500  2.50   -0.385   -0.632   -0.660   -0.688   -0.648   -0.647   -0.647
 452    11500  3.00   -0.398   -0.624   -0.661   -0.695   -0.638   -0.638   -0.638
 453    11500  3.50   -0.416   -0.619   -0.660   -0.699   -0.631   -0.631   -0.631
 454    11500  4.00   -0.437   -0.615   -0.658   -0.699   -0.624   -0.624   -0.624
 455    11500  4.50   -0.461   -0.611   -0.653   -0.696   -0.616   -0.616   -0.615
 456    11500  5.00   -0.486   -0.607   -0.647   -0.688   -0.606   -0.606   -0.605
 457    11750  2.00   -0.415   -0.701   -0.714   -0.737   -0.716   -0.716   -0.716
 458    11750  2.50   -0.418   -0.682   -0.713   -0.745   -0.697   -0.697   -0.697
 459    11750  3.00   -0.432   -0.674   -0.714   -0.752   -0.688   -0.688   -0.688
 460    11750  3.50   -0.450   -0.669   -0.714   -0.756   -0.682   -0.682   -0.681
 461    11750  4.00   -0.471   -0.666   -0.712   -0.757   -0.675   -0.675   -0.674
 462    11750  4.50   -0.493   -0.662   -0.708   -0.754   -0.667   -0.667   -0.666
 463    11750  5.00   -0.517   -0.657   -0.702   -0.747   -0.657   -0.657   -0.657
 464    12000  2.50   -0.451   -0.730   -0.764   -0.800   -0.746   -0.746   -0.746
 465    12000  3.00   -0.466   -0.723   -0.766   -0.808   -0.738   -0.738   -0.737
 466    12000  3.50   -0.484   -0.719   -0.767   -0.813   -0.732   -0.732   -0.731
 467    12000  4.00   -0.504   -0.715   -0.765   -0.814   -0.725   -0.725   -0.725
 468    12000  4.50   -0.526   -0.711   -0.761   -0.812   -0.718   -0.718   -0.717
 469    12000  5.00   -0.548   -0.707   -0.756   -0.805   -0.708   -0.708   -0.707
 470    12250  2.50   -0.484   -0.778   -0.816   -0.855   -0.794   -0.794   -0.794
 471    12250  3.00   -0.499   -0.771   -0.818   -0.863   -0.786   -0.786   -0.786
 472    12250  3.50   -0.517   -0.767   -0.819   -0.868   -0.781   -0.781   -0.780
 473    12250  4.00   -0.537   -0.764   -0.818   -0.870   -0.775   -0.775   -0.774
 474    12250  4.50   -0.558   -0.761   -0.814   -0.868   -0.768   -0.768   -0.767
 475    12250  5.00   -0.580   -0.756   -0.809   -0.862   -0.758   -0.758   -0.758
 476    12500  2.50   -0.517   -0.825   -0.866   -0.909   -0.842   -0.842   -0.841
 477    12500  3.00   -0.532   -0.819   -0.869   -0.918   -0.835   -0.835   -0.834
 478    12500  3.50   -0.551   -0.816   -0.870   -0.923   -0.830   -0.830   -0.829
 479    12500  4.00   -0.571   -0.813   -0.869   -0.925   -0.824   -0.824   -0.823
 480    12500  4.50   -0.591   -0.809   -0.866   -0.924   -0.817   -0.817   -0.816
 481    12500  5.00   -0.612   -0.805   -0.862   -0.919   -0.808   -0.808   -0.807
 482    12750  2.50   -0.550   -0.871   -0.916   -0.963   -0.889   -0.889   -0.888
 483    12750  3.00   -0.566   -0.866   -0.919   -0.971   -0.882   -0.882   -0.882
 484    12750  3.50   -0.584   -0.863   -0.921   -0.977   -0.878   -0.877   -0.877
 485    12750  4.00   -0.604   -0.860   -0.920   -0.980   -0.872   -0.872   -0.872
 486    12750  4.50   -0.624   -0.857   -0.918   -0.978   -0.866   -0.866   -0.865
 487    12750  5.00   -0.644   -0.853   -0.913   -0.974   -0.857   -0.857   -0.856
 488    13000  2.50   -0.582   -0.917   -0.965   -1.015   -0.935   -0.935   -0.934
 489    13000  3.00   -0.598   -0.912   -0.968   -1.024   -0.929   -0.929   -0.928
 490    13000  3.50   -0.618   -0.910   -0.971   -1.031   -0.925   -0.925   -0.924
 491    13000  4.00   -0.637   -0.908   -0.971   -1.033   -0.920   -0.920   -0.919
 492    13000  4.50   -0.657   -0.904   -0.968   -1.032   -0.914   -0.913   -0.913
 493    13000  5.00   -0.676   -0.901   -0.964   -1.028   -0.905   -0.905   -0.905
 494    14000  2.00   -0.698   -1.112   -1.151   -1.204   -1.131   -1.131   -1.130
 495    14000  2.50   -0.707   -1.093   -1.153   -1.216   -1.112   -1.112   -1.112
 496    14000  3.00   -0.727   -1.091   -1.159   -1.228   -1.109   -1.109   -1.108
 497    14000  3.50   -0.748   -1.090   -1.163   -1.235   -1.107   -1.107   -1.106
 498    14000  4.00   -0.768   -1.089   -1.165   -1.239   -1.104   -1.104   -1.103
 499    14000  4.50   -0.786   -1.087   -1.163   -1.239   -1.099   -1.098   -1.098
 500    14000  5.00   -0.804   -1.084   -1.160   -1.236   -1.091   -1.091   -1.091
 501    15000  2.50   -0.826   -1.259   -1.329   -1.404   -1.279   -1.279   -1.278
 502    15000  3.00   -0.850   -1.258   -1.338   -1.418   -1.278   -1.278   -1.277
 503    15000  3.50   -0.873   -1.260   -1.345   -1.428   -1.278   -1.278   -1.278
 504    15000  4.00   -0.893   -1.261   -1.347   -1.433   -1.277   -1.277   -1.276
 505    15000  4.50   -0.912   -1.260   -1.347   -1.434   -1.273   -1.273   -1.272
 506    15000  5.00   -0.929   -1.257   -1.344   -1.431   -1.267   -1.267   -1.266
 507    16000  2.50   -0.939   -1.414   -1.494   -1.579   -1.435   -1.435   -1.435
 508    16000  3.00   -0.966   -1.416   -1.506   -1.597   -1.436   -1.436   -1.436
 509    16000  3.50   -0.991   -1.420   -1.515   -1.608   -1.439   -1.439   -1.438
 510    16000  4.00   -1.013   -1.422   -1.519   -1.614   -1.440   -1.440   -1.439
 511    16000  4.50   -1.032   -1.422   -1.520   -1.616   -1.437   -1.437   -1.436
 512    16000  5.00   -1.049   -1.421   -1.518   -1.614   -1.432   -1.432   -1.431
 513    17000  2.50   -1.045   -1.560   -1.649   -1.743   -1.583   -1.583   -1.582
 514    17000  3.00   -1.075   -1.564   -1.663   -1.763   -1.585   -1.585   -1.585
 515    17000  3.50   -1.103   -1.570   -1.674   -1.777   -1.591   -1.591   -1.590
 516    17000  4.00   -1.127   -1.574   -1.681   -1.785   -1.593   -1.593   -1.592
 517    17000  4.50   -1.146   -1.576   -1.683   -1.788   -1.592   -1.592   -1.591
 518    17000  5.00   -1.163   -1.575   -1.682   -1.787   -1.588   -1.588   -1.587
 519    18000  2.50   -1.145   -1.699   -1.794   -1.896   -1.722   -1.722   -1.721
 520    18000  3.00   -1.178   -1.703   -1.811   -1.919   -1.726   -1.726   -1.725
 521    18000  3.50   -1.209   -1.711   -1.824   -1.935   -1.733   -1.733   -1.732
 522    18000  4.00   -1.235   -1.718   -1.832   -1.945   -1.737   -1.737   -1.736
 523    18000  4.50   -1.255   -1.720   -1.836   -1.949   -1.738   -1.737   -1.737
 524    18000  5.00   -1.272   -1.720   -1.836   -1.949   -1.735   -1.734   -1.733
 525    19000  2.50   -1.241   -1.829   -1.931   -2.041   -1.853   -1.853   -1.852
 526    19000  3.00   -1.276   -1.834   -1.950   -2.066   -1.858   -1.858   -1.857
 527    19000  3.50   -1.310   -1.845   -1.965   -2.084   -1.868   -1.868   -1.867
 528    19000  4.00   -1.337   -1.853   -1.975   -2.096   -1.874   -1.873   -1.872
 529    19000  4.50   -1.358   -1.857   -1.980   -2.101   -1.875   -1.875   -1.874
 530    19000  5.00   -1.376   -1.858   -1.981   -2.102   -1.873   -1.873   -1.872
 531    20000  3.00   -1.369   -1.958   -2.081   -2.204   -1.983   -1.983   -1.982
 532    20000  3.50   -1.405   -1.971   -2.099   -2.225   -1.995   -1.995   -1.994
 533    20000  4.00   -1.434   -1.980   -2.111   -2.238   -2.003   -2.002   -2.001
 534    20000  4.50   -1.456   -1.986   -2.117   -2.244   -2.006   -2.005   -2.004
 535    20000  5.00   -1.474   -1.988   -2.119   -2.246   -2.004   -2.004   -2.003
 536    21000  3.00   -1.458   -2.075   -2.205   -2.335   -2.101   -2.101   -2.100
 537    21000  3.50   -1.496   -2.090   -2.225   -2.358   -2.115   -2.115   -2.114
 538    21000  4.00   -1.526   -2.102   -2.239   -2.372   -2.125   -2.124   -2.123
 539    21000  4.50   -1.549   -2.108   -2.246   -2.380   -2.129   -2.129   -2.128
 540    21000  5.00   -1.567   -2.111   -2.249   -2.383   -2.129   -2.128   -2.127
 541    22000  3.00   -1.540   -2.185   -2.321   -2.457   -2.211   -2.211   -2.210
 542    22000  3.50   -1.583   -2.203   -2.345   -2.484   -2.229   -2.229   -2.228
 543    22000  4.00   -1.615   -2.216   -2.360   -2.500   -2.241   -2.240   -2.239
 544    22000  4.50   -1.638   -2.224   -2.368   -2.508   -2.246   -2.246   -2.245
 545    22000  5.00   -1.656   -2.227   -2.372   -2.512   -2.247   -2.246   -2.245
 546    23000  3.00   -1.616   -2.286   -2.429   -2.572   -2.314   -2.313   -2.312
 547    23000  3.50   -1.665   -2.310   -2.458   -2.603   -2.336   -2.336   -2.335
 548    23000  4.00   -1.699   -2.325   -2.475   -2.621   -2.350   -2.350   -2.349
 549    23000  4.50   -1.724   -2.334   -2.485   -2.631   -2.357   -2.357   -2.356
 550    23000  5.00   -1.742   -2.338   -2.489   -2.635   -2.359   -2.359   -2.357
 551    24000  3.00   -1.683   -2.378   -2.527   -2.676   -2.406   -2.406   -2.405
 552    24000  3.50   -1.741   -2.409   -2.564   -2.715   -2.437   -2.437   -2.435
 553    24000  4.00   -1.779   -2.428   -2.584   -2.736   -2.454   -2.454   -2.452
 554    24000  4.50   -1.805   -2.439   -2.596   -2.747   -2.463   -2.462   -2.461
 555    24000  5.00   -1.823   -2.444   -2.601   -2.752   -2.465   -2.465   -2.464
 556    25000  3.00   -1.738   -2.458   -2.612   -2.767   -2.487   -2.486   -2.485
 557    25000  3.50   -1.811   -2.502   -2.663   -2.819   -2.530   -2.530   -2.529
 558    25000  4.00   -1.854   -2.525   -2.687   -2.844   -2.552   -2.551   -2.550
 559    25000  4.50   -1.882   -2.538   -2.700   -2.857   -2.563   -2.562   -2.561
 560    25000  5.00   -1.901   -2.544   -2.707   -2.863   -2.566   -2.566   -2.565
 561    26000  3.00   -1.776   -2.521   -2.678   -2.837   -2.551   -2.550   -2.549
 562    26000  3.50   -1.874   -2.586   -2.753   -2.915   -2.616   -2.615   -2.614
 563    26000  4.00   -1.923   -2.615   -2.783   -2.946   -2.643   -2.643   -2.641
 564    26000  4.50   -1.954   -2.631   -2.799   -2.961   -2.656   -2.656   -2.655
 565    26000  5.00   -1.974   -2.638   -2.807   -2.968   -2.662   -2.661   -2.660
 566    27000  3.50   -1.928   -2.661   -2.834   -3.001   -2.691   -2.691   -2.689
 567    27000  4.00   -1.986   -2.699   -2.873   -3.040   -2.727   -2.727   -2.725
 568    27000  4.50   -2.021   -2.718   -2.892   -3.059   -2.744   -2.744   -2.742
 569    27000  5.00   -2.043   -2.727   -2.901   -3.068   -2.751   -2.751   -2.750
 570    28000  3.50   -1.970   -2.726   -2.902   -3.074   -2.756   -2.756   -2.754
 571    28000  4.00   -2.042   -2.774   -2.954   -3.126   -2.804   -2.804   -2.802
 572    28000  4.50   -2.082   -2.798   -2.978   -3.150   -2.826   -2.825   -2.824
 573    28000  5.00   -2.106   -2.810   -2.989   -3.161   -2.835   -2.835   -2.833
 574    29000  3.50   -2.006   -2.782   -2.961   -3.136   -2.813   -2.813   -2.811
 575    29000  4.00   -2.090   -2.842   -3.027   -3.204   -2.872   -2.872   -2.870
 576    29000  4.50   -2.137   -2.872   -3.057   -3.233   -2.900   -2.900   -2.898
 577    29000  5.00   -2.164   -2.886   -3.071   -3.247   -2.913   -2.912   -2.911
 578    30000  3.50   -2.044   -2.838   -3.017   -3.194   -2.869   -2.869   -2.867
 579    30000  4.00   -2.131   -2.902   -3.091   -3.272   -2.933   -2.933   -2.931
 580    30000  4.50   -2.185   -2.939   -3.128   -3.309   -2.968   -2.967   -2.966
 581    30000  5.00   -2.216   -2.957   -3.146   -3.326   -2.984   -2.984   -2.982
 582    31000  3.50   -2.091   -2.898   -3.077   -3.254   -2.930   -2.929   -2.928
 583    31000  4.00   -2.169   -2.958   -3.149   -3.333   -2.989   -2.989   -2.987
 584    31000  4.50   -2.227   -2.999   -3.193   -3.377   -3.029   -3.029   -3.027
 585    31000  5.00   -2.262   -3.021   -3.215   -3.399   -3.049   -3.049   -3.047
 586    32000  4.00   -2.208   -3.013   -3.206   -3.392   -3.044   -3.044   -3.042
 587    32000  4.50   -2.267   -3.056   -3.253   -3.440   -3.086   -3.086   -3.084
 588    32000  5.00   -2.304   -3.080   -3.278   -3.466   -3.109   -3.109   -3.107
 589    33000  4.00   -2.254   -3.071   -3.265   -3.453   -3.103   -3.103   -3.101
 590    33000  4.50   -2.306   -3.110   -3.310   -3.500   -3.141   -3.141   -3.139
 591    33000  5.00   -2.344   -3.136   -3.338   -3.528   -3.166   -3.166   -3.164
 592    34000  4.00   -2.309   -3.136   -3.329   -3.518   -3.167   -3.167   -3.165
 593    34000  4.50   -2.349   -3.166   -3.368   -3.560   -3.198   -3.197   -3.196
 594    34000  5.00   -2.384   -3.191   -3.395   -3.588   -3.222   -3.221   -3.219
 595    35000  4.00   -2.371   -3.205   -3.397   -3.586   -3.237   -3.237   -3.235
 596    35000  4.50   -2.400   -3.227   -3.429   -3.623   -3.258   -3.258   -3.256
 597    35000  5.00   -2.429   -3.249   -3.454   -3.649   -3.279   -3.279   -3.277
 598    36000  4.00   -2.440   -3.280   -3.471   -3.659   -3.312   -3.312   -3.310
 599    36000  4.50   -2.456   -3.291   -3.493   -3.687   -3.323   -3.323   -3.321
 600    36000  5.00   -2.479   -3.308   -3.515   -3.711   -3.339   -3.339   -3.337
 601    37000  4.00   -2.514   -3.360   -3.549   -3.737   -3.392   -3.391   -3.389
 602    37000  4.50   -2.518   -3.360   -3.561   -3.756   -3.392   -3.392   -3.390
 603    37000  5.00   -2.534   -3.372   -3.579   -3.776   -3.403   -3.402   -3.400
 604    38000  4.00   -2.592   -3.441   -3.631   -3.819   -3.473   -3.473   -3.471
 605    38000  4.50   -2.586   -3.434   -3.634   -3.828   -3.466   -3.465   -3.463
 606    38000  5.00   -2.595   -3.439   -3.645   -3.843   -3.470   -3.470   -3.468
 607    39000  4.00   -2.671   -3.524   -3.714   -3.902   -3.556   -3.556   -3.554
 608    39000  4.50   -2.659   -3.511   -3.710   -3.905   -3.542   -3.542   -3.540
 609    39000  5.00   -2.660   -3.509   -3.715   -3.913   -3.541   -3.540   -3.538
 610    40000  4.50   -2.733   -3.589   -3.788   -3.984   -3.621   -3.621   -3.619
 611    40000  5.00   -2.729   -3.583   -3.789   -3.987   -3.615   -3.614   -3.612
 612    41000  4.50   -2.809   -3.668   -3.868   -4.064   -3.700   -3.700   -3.698
 613    41000  5.00   -2.801   -3.659   -3.864   -4.063   -3.690   -3.690   -3.688
 614    42000  4.50   -2.884   -3.747   -3.947   -4.144   -3.779   -3.779   -3.776
 615    42000  5.00   -2.874   -3.735   -3.941   -4.140   -3.767   -3.767   -3.765
 616    43000  4.50   -2.958   -3.824   -4.026   -4.223   -3.856   -3.856   -3.854
 617    43000  5.00   -2.948   -3.812   -4.019   -4.218   -3.844   -3.844   -3.841
 618    44000  4.50   -3.032   -3.900   -4.103   -4.301   -3.933   -3.932   -3.930
 619    44000  5.00   -3.021   -3.888   -4.095   -4.296   -3.920   -3.920   -3.918
 620    45000  4.50   -3.103   -3.975   -4.178   -4.377   -4.007   -4.007   -4.005
 621    45000  5.00   -3.093   -3.963   -4.171   -4.372   -3.995   -3.995   -3.993
 622    46000  4.50   -3.173   -4.047   -4.252   -4.452   -4.080   -4.080   -4.078
 623    46000  5.00   -3.164   -4.037   -4.246   -4.448   -4.069   -4.069   -4.067
 624    47000  4.50   -3.242   -4.118   -4.324   -4.525   -4.152   -4.151   -4.149
 625    47000  5.00   -3.234   -4.109   -4.319   -4.522   -4.142   -4.141   -4.139
 626    48000  4.50   -3.309   -4.188   -4.395   -4.596   -4.221   -4.221   -4.219
 627    48000  5.00   -3.302   -4.180   -4.391   -4.594   -4.212   -4.212   -4.210
 628    49000  4.50   -3.374   -4.256   -4.463   -4.666   -4.289   -4.289   -4.287
 629    49000  5.00   -3.369   -4.249   -4.461   -4.665   -4.282   -4.281   -4.279
 630    50000  5.00   -3.434   -4.317   -4.530   -4.735   -4.350   -4.349   -4.347
 631    56101  5.00   -3.508   -4.413   -4.613   -4.805   -4.450   -4.449   -4.447
 632    62946  5.00   -3.838   -4.755   -4.963   -5.160   -4.793   -4.792   -4.790
 633    70627  5.00   -4.173   -5.101   -5.316   -5.517   -5.140   -5.139   -5.137
 634    79245  5.00   -4.514   -5.451   -5.671   -5.877   -5.490   -5.489   -5.487
 635    88914  5.00   -4.858   -5.804   -6.028   -6.238   -5.843   -5.842   -5.840
 636    99763  5.00   -5.206   -6.159   -6.388   -6.600   -6.198   -6.198   -6.196
 637   111936  5.00   -5.556   -6.516   -6.749   -6.965   -6.556   -6.556   -6.553
 638   125595  5.00   -5.910   -6.875   -7.111   -7.330   -6.916   -6.915   -6.913
 639   140920  5.00   -6.266   -7.236   -7.475   -7.696   -7.277   -7.277   -7.274
 640   158115  5.00   -6.624   -7.599   -7.841   -8.064   -7.640   -7.640   -7.637
 641   177407  5.00   -6.985   -7.963   -8.207   -8.432   -8.004   -8.004   -8.001
 642   199055  5.00   -7.346   -8.328   -8.574   -8.801   -8.370   -8.369   -8.367
 643   223343  5.00   -7.710   -8.694   -8.943   -9.170   -8.736   -8.736   -8.733
 644   250595  5.00   -8.074   -9.062   -9.311   -9.540   -9.104   -9.103   -9.101
 645   281172  5.00   -8.440   -9.430   -9.681   -9.911   -9.472   -9.472   -9.469
 646   315481  5.00   -8.807   -9.799  -10.051  -10.282   -9.841   -9.841   -9.838
 647   353975  5.00   -9.174  -10.168  -10.422  -10.654  -10.211  -10.210  -10.208
 648   397167  5.00   -9.543  -10.539  -10.793  -11.026  -10.581  -10.581  -10.578
 649   445629  5.00   -9.912  -10.909  -11.165  -11.398  -10.952  -10.951  -10.949
 650   500004  5.00  -10.282  -11.280  -11.537  -11.771  -11.323  -11.323  -11.320
 651   561014  5.00  -10.652  -11.652  -11.909  -12.144  -11.695  -11.694  -11.692
 652   629469  5.00  -11.023  -12.024  -12.282  -12.517  -12.067  -12.066  -12.064
 653   706276  5.00  -11.394  -12.396  -12.654  -12.890  -12.439  -12.439  -12.436
 654   792455  5.00  -11.766  -12.769  -13.028  -13.264  -12.812  -12.811  -12.809
 655   889149  5.00  -12.138  -13.142  -13.401  -13.637  -13.185  -13.184  -13.182
 656   997642  5.00  -12.511  -13.515  -13.774  -14.011  -13.558  -13.557  -13.555
 657  1119373  5.00  -12.884  -13.888  -14.148  -14.385  -13.931  -13.931  -13.928
 658  1255958  5.00  -13.256  -14.262  -14.522  -14.759  -14.305  -14.304  -14.301
 659  1409209  5.00  -13.630  -14.635  -14.896  -15.133  -14.678  -14.678  -14.675
 660  1581159  5.00  -14.003  -15.009  -15.270  -15.508  -15.052  -15.052  -15.049
 661  1774090  5.00  -14.377  -15.383  -15.644  -15.882  -15.426  -15.426  -15.423
 662  1990563  5.00  -14.750  -15.757  -16.018  -16.256  -15.800  -15.800  -15.797
 663  2233450  5.00  -15.124  -16.131  -16.393  -16.631  -16.174  -16.174  -16.171
 664  2505973  5.00  -15.498  -16.505  -16.767  -17.005  -16.549  -16.548  -16.545
 665  2811749  5.00  -15.872  -16.880  -17.141  -17.380  -16.923  -16.922  -16.920
 666  3154836  5.00  -16.246  -17.254  -17.516  -17.754  -17.297  -17.297  -17.294
 667  3539785  5.00  -16.621  -17.629  -17.891  -18.129  -17.672  -17.671  -17.669
 668  3971706  5.00  -16.995  -18.003  -18.265  -18.504  -18.046  -18.046  -18.043
 669  4456330  5.00  -17.370  -18.378  -18.640  -18.879  -18.421  -18.420  -18.418
# BCs for Fluks et al. 1994 M-giant spectra:
#  n     Teff  logg        C        M       T1       T2 DDO51_finf DDO51_f7.9 DDO51_f2.9
   0     3810  0.00   -3.657   -1.726   -0.418    0.426   -1.906   -1.911   -1.925
   1     3736  0.00   -3.893   -1.953   -0.607    0.402   -2.088   -2.092   -2.102
   2     3666  0.00   -4.155   -2.197   -0.827    0.363   -2.289   -2.292   -2.303
   3     3574  0.00   -4.456   -2.602   -1.160    0.241   -2.633   -2.636   -2.647
   4     3434  0.00   -5.025   -3.306   -1.762   -0.014   -3.256   -3.258   -3.267
   5     3309  0.00   -5.769   -4.357   -2.616   -0.401   -4.165   -4.166   -4.173
   6     3126  0.00   -6.951   -5.748   -3.848   -1.043   -5.616   -5.617   -5.632
   7     2890  0.00   -7.951   -7.154   -4.580   -1.589   -7.133   -7.135   -7.154
   8     2667  0.00   -8.753   -8.185   -5.024   -1.858   -8.236   -8.238   -8.260
   9     2500  0.00   -9.504   -8.936   -5.527   -1.997   -8.963   -8.965   -8.991
