# BCs for ATLAS9 + DUSTY99 + blackbody spectra:
#  n     Teff  logg        C        M       T1       T2 DDO51_finf DDO51_f7.9 DDO51_f2.9
   0      500  3.50  -999999  -69.120  -50.732  -38.995  -81.371  -81.609  -82.480
   1      500  4.00  -999999  -67.989  -49.909  -38.309  -76.026  -76.158  -76.861
   2      500  4.50  -999999  -67.606  -49.318  -37.698  -75.460  -75.527  -75.888
   3      500  5.00  -999999  -65.312  -47.454  -36.087  -72.605  -72.656  -72.884
   4      500  5.50  -999999  -62.327  -45.102  -34.091  -69.239  -69.288  -69.511
   5      500  6.00  -79.899  -59.318  -42.759  -32.118  -65.853  -65.900  -66.115
   6      600  3.50  -74.565  -56.067  -41.042  -31.025  -61.766  -61.808  -62.003
   7      600  4.00  -73.676  -55.386  -40.528  -30.594  -60.988  -61.030  -61.222
   8      600  4.50  -76.123  -57.035  -41.452  -31.235  -63.013  -63.057  -63.259
   9      600  5.00  -73.928  -55.228  -39.933  -29.908  -61.029  -61.072  -61.270
  10      600  5.50  -71.180  -52.979  -38.102  -28.336  -58.538  -58.580  -58.773
  11      600  6.00  -68.123  -50.523  -36.188  -26.725  -55.788  -55.828  -56.015
  12      700  3.50  -61.609  -46.048  -33.536  -24.858  -50.346  -50.381  -50.544
  13      700  4.00  -60.901  -45.504  -33.131  -24.524  -49.726  -49.760  -49.922
  14      700  4.50  -62.800  -46.812  -33.886  -25.040  -51.312  -51.348  -51.516
  15      700  5.00  -61.764  -45.912  -33.079  -24.308  -50.349  -50.385  -50.552
  16      700  5.50  -59.640  -44.107  -31.519  -22.923  -48.397  -48.432  -48.596
  17      700  6.00  -56.868  -41.843  -29.690  -21.361  -45.899  -45.933  -46.092
  18      800  3.50  -50.237  -37.127  -26.682  -19.172  -40.320  -40.349  -40.485
  19      800  4.00  -50.443  -37.322  -26.862  -19.331  -40.520  -40.549  -40.685
  20      800  4.50  -52.010  -38.410  -27.507  -19.768  -41.823  -41.853  -41.995
  21      800  5.00  -51.082  -37.547  -26.689  -19.020  -40.935  -40.964  -41.106
  22      800  5.50  -49.690  -36.237  -25.522  -17.998  -39.582  -39.611  -39.753
  23      800  6.00  -47.289  -34.225  -23.961  -16.720  -37.383  -37.411  -37.549
  24      900  3.50  -40.502  -29.544  -21.031  -14.664  -31.813  -31.836  -31.949
  25      900  4.00  -40.551  -29.510  -20.936  -14.543  -31.811  -31.835  -31.948
  26      900  4.50  -42.362  -30.757  -21.722  -15.088  -33.290  -33.315  -33.435
  27      900  5.00  -40.480  -29.084  -20.326  -13.901  -31.515  -31.539  -31.657
  28      900  5.50  -40.547  -29.123  -20.347  -13.915  -31.564  -31.589  -31.707
  29     1000  3.50  -35.628  -25.841  -18.311  -12.559  -27.646  -27.666  -27.765
  30     1000  4.00  -34.823  -25.174  -17.768  -12.105  -26.924  -26.944  -27.042
  31     1000  4.50  -34.764  -24.976  -17.514  -11.840  -26.770  -26.790  -26.889
  32     1000  5.00  -34.704  -24.773  -17.260  -11.580  -26.609  -26.629  -26.730
  33     1000  5.50  -34.220  -24.325  -16.874  -11.247  -26.140  -26.161  -26.261
  34     1000  6.00  -32.782  -23.230  -16.055  -10.607  -24.914  -24.934  -25.030
  35     1100  3.50  -31.082  -22.360  -15.699  -10.541  -23.772  -23.789  -23.877
  36     1100  4.00  -30.727  -22.067  -15.459  -10.339  -23.456  -23.473  -23.560
  37     1100  4.50  -30.612  -21.890  -15.265  -10.149  -23.294  -23.312  -23.399
  38     1100  5.00  -30.099  -21.370  -14.788   -9.722  -22.767  -22.784  -22.872
  39     1100  5.50  -29.416  -20.740  -14.242   -9.254  -22.109  -22.127  -22.214
  40     1100  6.00  -36.042  -26.255  -18.724  -12.973  -28.060  -28.080  -28.179
  41     1200  3.50  -27.075  -19.282  -13.341   -8.705  -20.382  -20.397  -20.475
  42     1200  4.00  -27.075  -19.282  -13.341   -8.705  -20.382  -20.397  -20.475
  43     1200  4.50  -27.075  -19.282  -13.341   -8.705  -20.382  -20.397  -20.475
  44     1200  5.00  -27.138  -19.190  -13.176   -8.511  -20.331  -20.347  -20.426
  45     1200  6.00  -25.585  -17.844  -12.048   -7.575  -18.900  -18.916  -18.993
  46     1300  3.50  -23.555  -16.578  -11.256   -7.085  -17.428  -17.442  -17.512
  47     1300  4.00  -23.590  -16.614  -11.286   -7.111  -17.466  -17.479  -17.549
  48     1300  4.50  -24.187  -17.041  -11.590   -7.329  -17.940  -17.955  -18.026
  49     1300  5.00  -24.179  -16.996  -11.525   -7.258  -17.905  -17.919  -17.990
  50     1300  5.50  -24.007  -16.773  -11.302   -7.056  -17.686  -17.701  -17.772
  51     1300  6.00  -27.257  -19.506  -13.595   -8.980  -20.593  -20.608  -20.686
  52     1400  3.50  -20.622  -14.337   -9.538   -5.770  -14.997  -15.009  -15.071
  53     1400  4.00  -20.660  -14.367   -9.559   -5.785  -15.029  -15.041  -15.103
  54     1400  4.50  -21.037  -14.626   -9.724   -5.890  -15.316  -15.329  -15.393
  55     1400  5.00  -21.412  -14.888   -9.910   -6.022  -15.607  -15.620  -15.684
  56     1400  5.50  -21.218  -14.643   -9.658   -5.798  -15.357  -15.370  -15.435
  57     1400  6.00  -21.227  -14.648   -9.660   -5.799  -15.362  -15.375  -15.440
  58     1500  3.50  -18.419  -12.644   -8.208   -4.702  -13.185  -13.196  -13.251
  59     1500  4.00  -18.335  -12.593   -8.190   -4.718  -13.122  -13.133  -13.188
  60     1500  4.50  -18.716  -12.844   -8.356   -4.837  -13.399  -13.410  -13.467
  61     1500  5.00  -18.887  -12.958   -8.429   -4.890  -13.522  -13.534  -13.591
  62     1500  5.50  -19.035  -13.041   -8.471   -4.915  -13.614  -13.626  -13.684
  63     1500  6.00  -19.042  -13.023   -8.438   -4.887  -13.591  -13.603  -13.662
  64     1600  3.50  -16.733  -11.212   -7.035   -3.686  -11.697  -11.707  -11.757
  65     1600  4.00  -16.612  -11.198   -7.058   -3.736  -11.661  -11.671  -11.721
  66     1600  4.50  -16.679  -11.252   -7.107   -3.823  -11.712  -11.722  -11.772
  67     1600  5.00  -16.771  -11.333   -7.174   -3.907  -11.790  -11.800  -11.851
  68     1600  5.50  -16.894  -11.410   -7.221   -3.958  -11.869  -11.879  -11.930
  69     1600  6.00  -16.991  -11.470   -7.255   -3.994  -11.924  -11.935  -11.987
  70     1700  3.50  -14.931   -9.798   -6.051   -2.763  -10.147  -10.155  -10.194
  71     1700  4.00  -14.562   -9.412   -5.701   -2.528   -9.814   -9.823   -9.860
  72     1700  4.50  -13.413   -8.564   -5.102   -2.004   -8.944   -8.951   -8.983
  73     1700  5.00  -14.685   -9.574   -5.784   -2.595   -9.995  -10.004  -10.044
  74     1700  5.50  -15.047   -9.947   -6.069   -2.923  -10.343  -10.352  -10.397
  75     1700  6.00  -15.212  -10.109   -6.213   -3.156  -10.486  -10.496  -10.541
  76     1800  3.50  -13.532   -8.899   -5.520   -2.226   -9.081   -9.086   -9.116
  77     1800  4.00  -13.348   -8.679   -5.328   -2.119   -8.946   -8.953   -8.982
  78     1800  4.50  -12.520   -8.020   -4.811   -1.749   -8.327   -8.333   -8.360
  79     1800  5.00  -12.493   -8.000   -4.774   -1.707   -8.351   -8.358   -8.384
  80     1800  5.50  -13.309   -8.592   -5.111   -2.043   -8.965   -8.973   -9.007
  81     1800  6.00  -13.431   -8.687   -5.133   -2.086   -9.043   -9.052   -9.088
  82     1900  3.50  -11.640   -7.903   -5.010   -1.684   -7.894   -7.898   -7.921
  83     1900  4.00  -12.336   -8.049   -5.032   -1.743   -8.186   -8.190   -8.213
  84     1900  4.50  -13.200   -8.535   -5.276   -2.004   -8.829   -8.835   -8.861
  85     1900  5.00  -12.422   -7.952   -4.817   -1.669   -8.283   -8.289   -8.312
  86     1900  5.50  -12.616   -8.169   -4.904   -1.830   -8.521   -8.528   -8.556
  87     1900  6.00  -12.610   -8.196   -4.861   -1.895   -8.520   -8.528   -8.559
  88     2000  3.50  -10.293   -7.317   -4.814   -1.390   -7.197   -7.200   -7.222
  89     2000  4.00  -11.058   -7.329   -4.701   -1.348   -7.350   -7.353   -7.372
  90     2000  4.50  -11.525   -7.349   -4.613   -1.311   -7.505   -7.508   -7.525
  91     2000  5.00  -11.924   -7.527   -4.638   -1.376   -7.814   -7.818   -7.836
  92     2000  5.50  -12.266   -7.898   -4.797   -1.645   -8.236   -8.242   -8.265
  93     2000  6.00  -11.925   -7.733   -4.604   -1.631   -8.052   -8.059   -8.085
  94     2100  4.00   -9.895   -6.737   -4.454   -1.067   -6.703   -6.705   -6.724
  95     2100  5.00  -10.872   -6.733   -4.223   -0.924   -6.954   -6.956   -6.969
  96     2100  5.50  -11.628   -7.256   -4.464   -1.189   -7.602   -7.606   -7.620
  97     2100  6.00  -11.787   -7.545   -4.541   -1.422   -7.898   -7.905   -7.927
  98     2200  3.50   -8.021   -6.104   -4.220   -0.849   -5.950   -5.954   -5.978
  99     2200  4.00   -8.774   -6.147   -4.161   -0.810   -6.104   -6.107   -6.128
 100     2200  4.50   -9.563   -6.232   -4.136   -0.759   -6.295   -6.297   -6.312
 101     2200  5.00  -10.207   -6.305   -4.053   -0.707   -6.506   -6.507   -6.518
 102     2200  5.50  -10.828   -6.582   -4.115   -0.793   -6.907   -6.909   -6.918
 103     2200  6.00  -11.046   -6.717   -4.078   -0.839   -7.118   -7.123   -7.135
 104     2300  3.50   -7.194   -5.564   -3.850   -0.610   -5.440   -5.446   -5.471
 105     2300  4.00   -7.865   -5.610   -3.817   -0.574   -5.589   -5.594   -5.617
 106     2300  4.50   -8.675   -5.740   -3.858   -0.543   -5.816   -5.820   -5.837
 107     2300  5.00   -9.482   -5.875   -3.837   -0.511   -6.075   -6.078   -6.088
 108     2300  5.50  -10.117   -6.043   -3.842   -0.517   -6.358   -6.360   -6.367
 109     2300  6.00  -10.402   -6.136   -3.769   -0.512   -6.538   -6.542   -6.549
 110     2400  3.50   -6.530   -5.065   -3.441   -0.388   -4.985   -4.992   -5.018
 111     2400  4.00   -7.094   -5.106   -3.434   -0.357   -5.122   -5.128   -5.154
 112     2400  4.50   -7.826   -5.242   -3.519   -0.336   -5.349   -5.354   -5.375
 113     2400  5.50   -9.333   -5.527   -3.550   -0.275   -5.848   -5.850   -5.856
 114     2400  6.00   -9.880   -5.713   -3.545   -0.304   -6.126   -6.129   -6.134
 115     2500  3.50   -6.055   -4.637   -3.042   -0.201   -4.600   -4.608   -4.635
 116     2500  4.00   -6.485   -4.652   -3.037   -0.165   -4.705   -4.713   -4.741
 117     2500  4.50   -7.119   -4.794   -3.166   -0.154   -4.936   -4.943   -4.967
 118     2500  5.00   -7.848   -4.914   -3.206   -0.113   -5.164   -5.170   -5.185
 119     2500  5.50   -8.635   -5.093   -3.260   -0.098   -5.446   -5.449   -5.456
 120     2500  6.00   -9.252   -5.272   -3.280   -0.108   -5.709   -5.712   -5.717
 121     2600  3.50   -5.672   -4.266   -2.685   -0.048   -4.262   -4.270   -4.298
 122     2600  4.00   -6.003   -4.254   -2.670   -0.008   -4.338   -4.347   -4.376
 123     2600  4.50   -6.530   -4.384   -2.812    0.005   -4.560   -4.569   -4.595
 124     2600  5.00   -7.134   -4.475   -2.853    0.045   -4.758   -4.765   -4.784
 125     2600  5.50   -7.891   -4.644   -2.928    0.066   -5.029   -5.034   -5.043
 126     2600  6.00   -8.596   -4.856   -2.997    0.053   -5.315   -5.320   -5.325
 127     2700  3.50   -5.360   -3.961   -2.399    0.065   -3.978   -3.986   -4.014
 128     2700  4.00   -5.597   -3.904   -2.347    0.120   -4.009   -4.018   -4.047
 129     2700  4.50   -6.019   -4.006   -2.477    0.141   -4.208   -4.218   -4.246
 130     2700  5.00   -6.525   -4.077   -2.510    0.177   -4.385   -4.394   -4.417
 131     2700  5.50   -7.198   -4.223   -2.590    0.201   -4.635   -4.642   -4.655
 132     2700  6.00   -7.917   -4.429   -2.680    0.199   -4.916   -4.922   -4.929
 133     2800  5.00   -7.069   -3.646   -1.997    0.486   -4.315   -4.327   -4.344
 134     2800  5.50   -7.698   -3.846   -2.046    0.528   -4.581   -4.594   -4.611
 135     2900  5.00   -6.447   -3.262   -1.679    0.523   -3.929   -3.942   -3.961
 136     2900  5.50   -7.050   -3.444   -1.752    0.559   -4.186   -4.200   -4.219
 137     3000  5.00   -5.903   -2.936   -1.399    0.549   -3.580   -3.593   -3.613
 138     3000  5.50   -6.448   -3.087   -1.475    0.582   -3.816   -3.830   -3.849
 139     3100  5.00   -5.416   -2.650   -1.148    0.574   -3.257   -3.269   -3.289
 140     3100  5.50   -5.894   -2.778   -1.221    0.601   -3.472   -3.485   -3.505
 141     3200  5.00   -4.999   -2.413   -0.941    0.593   -2.979   -2.990   -3.008
 142     3200  5.50   -5.396   -2.508   -0.998    0.618   -3.159   -3.172   -3.190
 143     3300  5.00   -4.626   -2.205   -0.761    0.613   -2.731   -2.741   -2.758
 144     3300  5.50   -4.953   -2.278   -0.808    0.633   -2.882   -2.893   -2.911
 145     3400  5.00   -4.301   -2.025   -0.607    0.631   -2.512   -2.521   -2.537
 146     3400  5.50   -4.558   -2.081   -0.644    0.647   -2.632   -2.642   -2.657
 147     3500  5.00   -4.011   -1.864   -0.471    0.650   -2.315   -2.323   -2.337
 148     3500  5.50   -4.201   -1.907   -0.501    0.661   -2.403   -2.412   -2.426
 149     3600  5.00   -3.754   -1.722   -0.358    0.664   -2.140   -2.147   -2.160
 150     3600  5.50   -3.893   -1.753   -0.377    0.676   -2.205   -2.213   -2.226
 151     3700  5.00   -3.522   -1.593   -0.262    0.675   -1.978   -1.984   -1.995
 152     3700  5.50   -3.618   -1.618   -0.275    0.686   -2.025   -2.032   -2.043
 153     3800  5.00   -3.307   -1.476   -0.188    0.682   -1.825   -1.831   -1.841
 154     3800  5.50   -3.375   -1.496   -0.192    0.695   -1.864   -1.870   -1.880
 155     3500  0.00   -4.815   -2.297   -0.756    0.373   -2.568   -2.576   -2.599
 156     3500  0.50   -4.457   -2.158   -0.706    0.410   -2.456   -2.465   -2.491
 157     3500  1.00   -4.133   -2.041   -0.657    0.454   -2.364   -2.373   -2.401
 158     3500  1.50   -3.854   -1.940   -0.606    0.502   -2.285   -2.296   -2.326
 159     3500  2.00   -3.619   -1.849   -0.551    0.554   -2.217   -2.228   -2.261
 160     3500  2.50   -3.449   -1.774   -0.490    0.608   -2.164   -2.176   -2.210
 161     3500  3.00   -3.355   -1.717   -0.416    0.662   -2.108   -2.119   -2.153
 162     3500  3.50   -3.315   -1.672   -0.341    0.697   -2.072   -2.084   -2.117
 163     3500  4.00   -3.335   -1.664   -0.298    0.710   -2.101   -2.114   -2.150
 164     3500  4.50   -3.409   -1.683   -0.275    0.715   -2.193   -2.208   -2.249
 165     3500  5.00   -3.543   -1.728   -0.267    0.717   -2.345   -2.364   -2.413
 166     3750  0.00   -4.198   -1.799   -0.428    0.477   -1.960   -1.965   -1.980
 167     3750  0.50   -3.932   -1.716   -0.408    0.477   -1.928   -1.933   -1.950
 168     3750  1.00   -3.700   -1.655   -0.389    0.485   -1.917   -1.924   -1.943
 169     3750  1.50   -3.495   -1.603   -0.366    0.505   -1.910   -1.918   -1.940
 170     3750  2.00   -3.314   -1.554   -0.338    0.533   -1.898   -1.907   -1.933
 171     3750  2.50   -3.170   -1.508   -0.305    0.568   -1.887   -1.898   -1.926
 172     3750  3.00   -3.075   -1.474   -0.267    0.611   -1.872   -1.883   -1.913
 173     3750  3.50   -3.022   -1.448   -0.220    0.660   -1.833   -1.843   -1.872
 174     3750  4.00   -2.987   -1.422   -0.175    0.695   -1.805   -1.815   -1.843
 175     3750  4.50   -2.997   -1.420   -0.148    0.713   -1.835   -1.847   -1.877
 176     3750  5.00   -3.057   -1.438   -0.132    0.724   -1.924   -1.938   -1.973
 177     4000  0.00   -3.557   -1.386   -0.190    0.590   -1.436   -1.439   -1.450
 178     4000  0.50   -3.317   -1.314   -0.184    0.577   -1.391   -1.394   -1.405
 179     4000  1.00   -3.123   -1.273   -0.182    0.568   -1.387   -1.391   -1.401
 180     4000  1.50   -2.975   -1.252   -0.182    0.563   -1.414   -1.419   -1.430
 181     4000  2.00   -2.867   -1.244   -0.178    0.563   -1.459   -1.465   -1.479
 182     4000  2.50   -2.790   -1.238   -0.168    0.571   -1.512   -1.518   -1.536
 183     4000  3.00   -2.734   -1.228   -0.148    0.590   -1.559   -1.567   -1.589
 184     4000  3.50   -2.701   -1.221   -0.120    0.625   -1.583   -1.592   -1.616
 185     4000  4.00   -2.679   -1.213   -0.087    0.668   -1.567   -1.576   -1.599
 186     4000  4.50   -2.654   -1.201   -0.055    0.704   -1.553   -1.563   -1.585
 187     4000  5.00   -2.662   -1.203   -0.033    0.726   -1.588   -1.598   -1.623
 188     4250  0.00   -3.007   -1.086   -0.017    0.674   -1.099   -1.102   -1.112
 189     4250  0.50   -2.791   -1.020   -0.016    0.656   -1.041   -1.043   -1.052
 190     4250  1.00   -2.616   -0.980   -0.020    0.642   -1.015   -1.017   -1.026
 191     4250  1.50   -2.483   -0.960   -0.026    0.632   -1.016   -1.019   -1.027
 192     4250  2.00   -2.389   -0.953   -0.030    0.625   -1.040   -1.043   -1.052
 193     4250  2.50   -2.328   -0.954   -0.032    0.622   -1.083   -1.087   -1.096
 194     4250  3.00   -2.295   -0.960   -0.030    0.623   -1.141   -1.146   -1.157
 195     4250  3.50   -2.287   -0.969   -0.023    0.630   -1.210   -1.215   -1.229
 196     4250  4.00   -2.302   -0.982   -0.007    0.650   -1.264   -1.271   -1.287
 197     4250  4.50   -2.320   -0.991    0.017    0.684   -1.283   -1.290   -1.307
 198     4250  5.00   -2.327   -0.996    0.042    0.716   -1.304   -1.311   -1.329
 199     4500  0.00   -2.526   -0.857    0.107    0.730   -0.860   -0.862   -0.870
 200     4500  0.50   -2.349   -0.804    0.104    0.710   -0.811   -0.813   -0.821
 201     4500  1.00   -2.204   -0.771    0.098    0.694   -0.783   -0.784   -0.792
 202     4500  1.50   -2.093   -0.752    0.091    0.681   -0.773   -0.775   -0.782
 203     4500  2.00   -2.015   -0.744    0.084    0.672   -0.778   -0.780   -0.788
 204     4500  2.50   -1.962   -0.743    0.079    0.667   -0.798   -0.800   -0.808
 205     4500  3.00   -1.933   -0.746    0.078    0.665   -0.832   -0.834   -0.842
 206     4500  3.50   -1.924   -0.752    0.080    0.666   -0.879   -0.882   -0.891
 207     4500  4.00   -1.931   -0.762    0.086    0.672   -0.940   -0.944   -0.954
 208     4500  4.50   -1.958   -0.776    0.097    0.685   -1.003   -1.008   -1.020
 209     4500  5.00   -1.993   -0.790    0.114    0.711   -1.043   -1.049   -1.062
 210     4750  0.00   -2.066   -0.663    0.193    0.756   -0.660   -0.662   -0.669
 211     4750  0.50   -1.934   -0.629    0.186    0.737   -0.630   -0.631   -0.638
 212     4750  1.00   -1.823   -0.607    0.178    0.720   -0.610   -0.612   -0.618
 213     4750  1.50   -1.738   -0.595    0.170    0.707   -0.601   -0.603   -0.609
 214     4750  2.00   -1.678   -0.589    0.162    0.697   -0.601   -0.602   -0.609
 215     4750  2.50   -1.640   -0.587    0.157    0.690   -0.607   -0.609   -0.615
 216     4750  3.00   -1.618   -0.587    0.154    0.686   -0.621   -0.623   -0.630
 217     4750  3.50   -1.613   -0.589    0.154    0.686   -0.644   -0.646   -0.653
 218     4750  4.00   -1.619   -0.593    0.158    0.689   -0.677   -0.680   -0.687
 219     4750  4.50   -1.637   -0.599    0.164    0.695   -0.723   -0.726   -0.734
 220     4750  5.00   -1.671   -0.610    0.175    0.707   -0.781   -0.785   -0.793
 221     5000  0.00   -1.637   -0.496    0.250    0.754   -0.491   -0.492   -0.498
 222     5000  0.50   -1.546   -0.482    0.239    0.736   -0.479   -0.481   -0.486
 223     5000  1.00   -1.468   -0.473    0.229    0.721   -0.472   -0.474   -0.479
 224     5000  1.50   -1.408   -0.469    0.219    0.708   -0.470   -0.472   -0.477
 225     5000  2.00   -1.366   -0.468    0.211    0.698   -0.472   -0.474   -0.479
 226     5000  2.50   -1.340   -0.469    0.204    0.691   -0.477   -0.478   -0.484
 227     5000  3.00   -1.328   -0.470    0.201    0.687   -0.484   -0.486   -0.491
 228     5000  3.50   -1.329   -0.471    0.201    0.687   -0.494   -0.496   -0.502
 229     5000  4.00   -1.339   -0.471    0.204    0.689   -0.509   -0.511   -0.516
 230     5000  4.50   -1.357   -0.472    0.210    0.694   -0.531   -0.533   -0.539
 231     5000  5.00   -1.385   -0.475    0.219    0.703   -0.563   -0.565   -0.571
 232     5250  0.00   -1.278   -0.359    0.286    0.732   -0.355   -0.356   -0.360
 233     5250  0.50   -1.217   -0.360    0.272    0.717   -0.357   -0.358   -0.363
 234     5250  1.00   -1.165   -0.363    0.259    0.703   -0.361   -0.362   -0.367
 235     5250  1.50   -1.125   -0.368    0.248    0.692   -0.367   -0.368   -0.373
 236     5250  2.00   -1.098   -0.373    0.239    0.683   -0.374   -0.375   -0.380
 237     5250  2.50   -1.082   -0.379    0.231    0.676   -0.382   -0.383   -0.388
 238     5250  3.00   -1.076   -0.383    0.227    0.672   -0.389   -0.390   -0.395
 239     5250  3.50   -1.081   -0.385    0.226    0.671   -0.395   -0.397   -0.402
 240     5250  4.00   -1.094   -0.385    0.229    0.674   -0.403   -0.404   -0.409
 241     5250  4.50   -1.113   -0.383    0.235    0.679   -0.412   -0.414   -0.419
 242     5250  5.00   -1.139   -0.382    0.244    0.687   -0.426   -0.428   -0.433
 243     5500  0.00   -0.995   -0.249    0.303    0.698   -0.246   -0.247   -0.250
 244     5500  0.50   -0.957   -0.260    0.289    0.685   -0.258   -0.259   -0.263
 245     5500  1.00   -0.923   -0.272    0.276    0.674   -0.270   -0.271   -0.275
 246     5500  1.50   -0.897   -0.284    0.263    0.664   -0.283   -0.284   -0.288
 247     5500  2.00   -0.880   -0.296    0.252    0.655   -0.296   -0.297   -0.301
 248     5500  2.50   -0.870   -0.307    0.243    0.648   -0.308   -0.309   -0.313
 249     5500  3.00   -0.868   -0.316    0.237    0.644   -0.318   -0.319   -0.324
 250     5500  3.50   -0.873   -0.321    0.234    0.642   -0.326   -0.327   -0.332
 251     5500  4.00   -0.885   -0.323    0.236    0.645   -0.332   -0.333   -0.338
 252     5500  4.50   -0.903   -0.322    0.242    0.650   -0.336   -0.338   -0.342
 253     5500  5.00   -0.926   -0.319    0.251    0.659   -0.342   -0.344   -0.348
 254     5750  0.00   -0.767   -0.159    0.308    0.655   -0.158   -0.159   -0.162
 255     5750  0.50   -0.751   -0.177    0.296    0.646   -0.176   -0.177   -0.180
 256     5750  1.00   -0.733   -0.194    0.283    0.638   -0.194   -0.194   -0.198
 257     5750  1.50   -0.720   -0.212    0.270    0.629   -0.212   -0.212   -0.216
 258     5750  2.00   -0.710   -0.230    0.258    0.621   -0.230   -0.230   -0.234
 259     5750  2.50   -0.706   -0.247    0.246    0.614   -0.247   -0.248   -0.251
 260     5750  3.00   -0.706   -0.262    0.237    0.608   -0.262   -0.263   -0.267
 261     5750  3.50   -0.709   -0.273    0.231    0.605   -0.274   -0.275   -0.279
 262     5750  4.00   -0.718   -0.278    0.231    0.606   -0.282   -0.283   -0.288
 263     5750  4.50   -0.731   -0.279    0.235    0.611   -0.287   -0.288   -0.292
 264     5750  5.00   -0.750   -0.277    0.243    0.620   -0.289   -0.291   -0.295
 265     6000  0.00   -0.574   -0.088    0.302    0.604   -0.088   -0.089   -0.091
 266     6000  0.50   -0.582   -0.107    0.294    0.601   -0.108   -0.108   -0.111
 267     6000  1.00   -0.580   -0.128    0.283    0.596   -0.128   -0.129   -0.131
 268     6000  1.50   -0.579   -0.150    0.271    0.590   -0.150   -0.150   -0.153
 269     6000  2.00   -0.579   -0.173    0.259    0.583   -0.172   -0.172   -0.175
 270     6000  2.50   -0.580   -0.195    0.246    0.576   -0.193   -0.194   -0.197
 271     6000  3.00   -0.583   -0.215    0.234    0.569   -0.214   -0.215   -0.218
 272     6000  3.50   -0.587   -0.232    0.224    0.564   -0.232   -0.233   -0.236
 273     6000  4.00   -0.592   -0.244    0.219    0.563   -0.245   -0.246   -0.249
 274     6000  4.50   -0.600   -0.249    0.220    0.565   -0.252   -0.253   -0.257
 275     6000  5.00   -0.612   -0.249    0.226    0.573   -0.256   -0.257   -0.261
 276     6250  0.50   -0.434   -0.050    0.282    0.549   -0.052   -0.053   -0.054
 277     6250  1.00   -0.451   -0.072    0.277    0.549   -0.072   -0.073   -0.075
 278     6250  1.50   -0.462   -0.095    0.267    0.546   -0.095   -0.095   -0.098
 279     6250  2.00   -0.471   -0.121    0.255    0.542   -0.120   -0.120   -0.123
 280     6250  2.50   -0.480   -0.147    0.242    0.536   -0.145   -0.146   -0.149
 281     6250  3.00   -0.488   -0.172    0.228    0.529   -0.170   -0.171   -0.174
 282     6250  3.50   -0.495   -0.195    0.215    0.523   -0.194   -0.194   -0.198
 283     6250  4.00   -0.500   -0.214    0.206    0.518   -0.213   -0.213   -0.217
 284     6250  4.50   -0.504   -0.226    0.202    0.518   -0.226   -0.227   -0.230
 285     6250  5.00   -0.510   -0.231    0.204    0.523   -0.233   -0.234   -0.238
 286     6500  0.50   -0.297   -0.005    0.261    0.491   -0.010   -0.010   -0.011
 287     6500  1.00   -0.334   -0.024    0.262    0.497   -0.027   -0.027   -0.028
 288     6500  1.50   -0.360   -0.048    0.257    0.499   -0.048   -0.048   -0.050
 289     6500  2.00   -0.380   -0.075    0.248    0.497   -0.074   -0.074   -0.076
 290     6500  2.50   -0.396   -0.103    0.235    0.492   -0.101   -0.102   -0.104
 291     6500  3.00   -0.411   -0.133    0.220    0.486   -0.130   -0.131   -0.133
 292     6500  3.50   -0.422   -0.161    0.205    0.480   -0.158   -0.159   -0.161
 293     6500  4.00   -0.429   -0.186    0.192    0.474   -0.183   -0.183   -0.187
 294     6500  4.50   -0.434   -0.204    0.183    0.471   -0.202   -0.203   -0.206
 295     6500  5.00   -0.436   -0.216    0.180    0.472   -0.215   -0.216   -0.220
 296     6750  0.50   -0.192    0.031    0.239    0.433    0.025    0.025    0.024
 297     6750  1.00   -0.224    0.013    0.239    0.438    0.008    0.008    0.007
 298     6750  1.50   -0.266   -0.008    0.241    0.446   -0.010   -0.010   -0.011
 299     6750  2.00   -0.299   -0.034    0.235    0.448   -0.034   -0.034   -0.036
 300     6750  2.50   -0.324   -0.064    0.224    0.446   -0.062   -0.063   -0.064
 301     6750  3.00   -0.345   -0.096    0.210    0.442   -0.093   -0.093   -0.096
 302     6750  3.50   -0.362   -0.128    0.194    0.436   -0.124   -0.125   -0.127
 303     6750  4.00   -0.374   -0.158    0.178    0.430   -0.154   -0.155   -0.157
 304     6750  4.50   -0.380   -0.184    0.165    0.425   -0.180   -0.180   -0.183
 305     6750  5.00   -0.382   -0.202    0.157    0.422   -0.199   -0.200   -0.203
 306     7000  0.50   -0.112    0.056    0.217    0.379    0.050    0.049    0.049
 307     7000  1.00   -0.139    0.041    0.215    0.382    0.035    0.035    0.034
 308     7000  1.50   -0.176    0.022    0.215    0.387    0.018    0.018    0.017
 309     7000  2.00   -0.222   -0.001    0.217    0.395   -0.002   -0.002   -0.003
 310     7000  2.50   -0.259   -0.030    0.210    0.397   -0.028   -0.029   -0.030
 311     7000  3.00   -0.287   -0.063    0.197    0.395   -0.060   -0.060   -0.062
 312     7000  3.50   -0.310   -0.098    0.181    0.391   -0.093   -0.093   -0.096
 313     7000  4.00   -0.328   -0.132    0.164    0.385   -0.126   -0.127   -0.129
 314     7000  4.50   -0.338   -0.163    0.148    0.379   -0.157   -0.158   -0.161
 315     7000  5.00   -0.343   -0.188    0.135    0.374   -0.183   -0.184   -0.187
 316     7250  0.50   -0.059    0.070    0.195    0.328    0.063    0.063    0.062
 317     7250  1.00   -0.074    0.059    0.190    0.327    0.052    0.052    0.052
 318     7250  1.50   -0.107    0.044    0.190    0.331    0.039    0.039    0.038
 319     7250  2.00   -0.148    0.023    0.190    0.337    0.020    0.020    0.020
 320     7250  2.50   -0.197   -0.003    0.189    0.344   -0.002   -0.002   -0.003
 321     7250  3.00   -0.235   -0.035    0.181    0.346   -0.031   -0.031   -0.033
 322     7250  3.50   -0.265   -0.071    0.166    0.344   -0.065   -0.065   -0.067
 323     7250  4.00   -0.288   -0.108    0.149    0.339   -0.101   -0.101   -0.103
 324     7250  4.50   -0.304   -0.143    0.131    0.333   -0.136   -0.136   -0.139
 325     7250  5.00   -0.312   -0.174    0.115    0.328   -0.167   -0.168   -0.170
 326     7500  0.50   -0.049    0.063    0.177    0.288    0.059    0.059    0.058
 327     7500  1.00   -0.027    0.065    0.163    0.274    0.057    0.057    0.057
 328     7500  1.50   -0.054    0.055    0.163    0.276    0.049    0.048    0.048
 329     7500  2.00   -0.092    0.038    0.162    0.280    0.034    0.034    0.034
 330     7500  2.50   -0.137    0.015    0.161    0.286    0.015    0.015    0.014
 331     7500  3.00   -0.186   -0.013    0.159    0.292   -0.009   -0.010   -0.011
 332     7500  3.50   -0.224   -0.048    0.148    0.294   -0.041   -0.042   -0.043
 333     7500  4.00   -0.253   -0.086    0.132    0.292   -0.078   -0.078   -0.080
 334     7500  4.50   -0.275   -0.124    0.113    0.287   -0.115   -0.116   -0.118
 335     7500  5.00   -0.288   -0.160    0.095    0.281   -0.151   -0.151   -0.154
 336     7750  1.00   -0.004    0.055    0.133    0.223    0.048    0.048    0.047
 337     7750  1.50   -0.016    0.053    0.131    0.221    0.046    0.046    0.046
 338     7750  2.00   -0.050    0.042    0.132    0.224    0.037    0.037    0.037
 339     7750  2.50   -0.092    0.024    0.130    0.229    0.023    0.023    0.022
 340     7750  3.00   -0.138   -0.000    0.129    0.235    0.002    0.002    0.001
 341     7750  3.50   -0.186   -0.030    0.125    0.241   -0.024   -0.025   -0.026
 342     7750  4.00   -0.222   -0.068    0.112    0.242   -0.059   -0.059   -0.060
 343     7750  4.50   -0.250   -0.107    0.094    0.239   -0.097   -0.097   -0.099
 344     7750  5.00   -0.269   -0.147    0.074    0.234   -0.136   -0.136   -0.138
 345     8000  1.00   -0.011    0.026    0.100    0.177    0.019    0.019    0.018
 346     8000  1.50    0.004    0.038    0.094    0.166    0.030    0.030    0.029
 347     8000  2.00   -0.022    0.033    0.095    0.167    0.027    0.027    0.027
 348     8000  2.50   -0.060    0.021    0.096    0.171    0.018    0.018    0.018
 349     8000  3.00   -0.103    0.002    0.095    0.176    0.003    0.003    0.002
 350     8000  3.50   -0.150   -0.023    0.093    0.183   -0.018   -0.018   -0.019
 351     8000  4.00   -0.195   -0.055    0.087    0.189   -0.046   -0.046   -0.047
 352     8000  4.50   -0.228   -0.094    0.073    0.190   -0.083   -0.083   -0.084
 353     8000  5.00   -0.252   -0.135    0.053    0.186   -0.122   -0.122   -0.124
 354     8250  1.00   -0.043   -0.029    0.059    0.130   -0.035   -0.036   -0.037
 355     8250  1.50    0.006    0.009    0.054    0.112    0.000   -0.000   -0.000
 356     8250  2.00   -0.008    0.012    0.054    0.109    0.004    0.004    0.004
 357     8250  2.50   -0.042    0.005    0.056    0.112    0.001    0.001    0.001
 358     8250  3.00   -0.083   -0.008    0.057    0.116   -0.008   -0.008   -0.009
 359     8250  3.50   -0.126   -0.028    0.055    0.122   -0.024   -0.024   -0.024
 360     8250  4.00   -0.171   -0.053    0.054    0.131   -0.044   -0.045   -0.045
 361     8250  4.50   -0.209   -0.086    0.046    0.137   -0.074   -0.074   -0.076
 362     8250  5.00   -0.239   -0.126    0.030    0.137   -0.112   -0.112   -0.114
 363     8500  1.50   -0.009   -0.032    0.010    0.058   -0.042   -0.042   -0.042
 364     8500  2.00   -0.009   -0.020    0.009    0.051   -0.029   -0.029   -0.029
 365     8500  2.50   -0.036   -0.021    0.011    0.051   -0.027   -0.027   -0.027
 366     8500  3.00   -0.073   -0.029    0.013    0.055   -0.031   -0.031   -0.032
 367     8500  3.50   -0.114   -0.044    0.013    0.061   -0.041   -0.041   -0.042
 368     8500  4.00   -0.156   -0.064    0.011    0.068   -0.057   -0.057   -0.057
 369     8500  4.50   -0.196   -0.088    0.011    0.079   -0.076   -0.077   -0.077
 370     8500  5.00   -0.229   -0.123    0.002    0.084   -0.107   -0.108   -0.109
 371     8750  1.50   -0.032   -0.083   -0.039    0.004   -0.093   -0.093   -0.093
 372     8750  2.00   -0.019   -0.060   -0.039   -0.006   -0.070   -0.070   -0.070
 373     8750  2.50   -0.038   -0.056   -0.037   -0.009   -0.063   -0.063   -0.064
 374     8750  3.00   -0.072   -0.060   -0.034   -0.007   -0.064   -0.064   -0.064
 375     8750  3.50   -0.112   -0.069   -0.033   -0.002   -0.069   -0.069   -0.069
 376     8750  4.00   -0.153   -0.085   -0.033    0.005   -0.079   -0.079   -0.079
 377     8750  4.50   -0.193   -0.105   -0.034    0.015   -0.093   -0.093   -0.094
 378     8750  5.00   -0.224   -0.129   -0.033    0.027   -0.112   -0.113   -0.114
 379     9000  1.50   -0.059   -0.138   -0.092   -0.054   -0.148   -0.148   -0.149
 380     9000  2.00   -0.038   -0.106   -0.089   -0.064   -0.116   -0.117   -0.117
 381     9000  2.50   -0.050   -0.097   -0.087   -0.068   -0.106   -0.106   -0.106
 382     9000  3.00   -0.080   -0.097   -0.085   -0.069   -0.103   -0.103   -0.103
 383     9000  3.50   -0.118   -0.103   -0.083   -0.065   -0.104   -0.104   -0.104
 384     9000  4.00   -0.158   -0.114   -0.082   -0.059   -0.109   -0.109   -0.109
 385     9000  4.50   -0.196   -0.130   -0.082   -0.050   -0.119   -0.120   -0.120
 386     9000  5.00   -0.229   -0.148   -0.079   -0.037   -0.133   -0.133   -0.134
 387     9250  2.00   -0.062   -0.155   -0.141   -0.122   -0.167   -0.167   -0.167
 388     9250  2.50   -0.068   -0.142   -0.139   -0.128   -0.152   -0.152   -0.152
 389     9250  3.00   -0.094   -0.139   -0.137   -0.130   -0.146   -0.146   -0.147
 390     9250  3.50   -0.129   -0.142   -0.134   -0.127   -0.145   -0.145   -0.145
 391     9250  4.00   -0.167   -0.150   -0.132   -0.122   -0.147   -0.147   -0.147
 392     9250  4.50   -0.205   -0.162   -0.132   -0.114   -0.153   -0.153   -0.153
 393     9250  5.00   -0.240   -0.178   -0.131   -0.103   -0.163   -0.163   -0.163
 394     9500  2.00   -0.088   -0.207   -0.195   -0.180   -0.219   -0.219   -0.219
 395     9500  2.50   -0.091   -0.191   -0.193   -0.187   -0.202   -0.202   -0.202
 396     9500  3.00   -0.112   -0.186   -0.191   -0.190   -0.194   -0.194   -0.194
 397     9500  3.50   -0.143   -0.186   -0.188   -0.190   -0.190   -0.190   -0.190
 398     9500  4.00   -0.180   -0.190   -0.186   -0.185   -0.189   -0.189   -0.189
 399     9500  4.50   -0.219   -0.199   -0.184   -0.178   -0.191   -0.191   -0.192
 400     9500  5.00   -0.255   -0.211   -0.183   -0.168   -0.197   -0.198   -0.198
 401     9750  2.00   -0.116   -0.258   -0.249   -0.240   -0.271   -0.271   -0.271
 402     9750  2.50   -0.117   -0.241   -0.247   -0.247   -0.253   -0.253   -0.253
 403     9750  3.00   -0.134   -0.234   -0.245   -0.251   -0.244   -0.244   -0.244
 404     9750  3.50   -0.163   -0.233   -0.243   -0.252   -0.239   -0.239   -0.239
 405     9750  4.00   -0.198   -0.235   -0.240   -0.249   -0.236   -0.236   -0.236
 406     9750  4.50   -0.236   -0.240   -0.237   -0.242   -0.235   -0.235   -0.235
 407     9750  5.00   -0.273   -0.249   -0.235   -0.233   -0.237   -0.237   -0.237
 408    10000  2.00   -0.145   -0.310   -0.303   -0.299   -0.323   -0.323   -0.323
 409    10000  2.50   -0.145   -0.291   -0.301   -0.306   -0.304   -0.304   -0.304
 410    10000  3.00   -0.161   -0.284   -0.300   -0.311   -0.294   -0.294   -0.294
 411    10000  3.50   -0.187   -0.281   -0.298   -0.313   -0.289   -0.289   -0.288
 412    10000  4.00   -0.219   -0.282   -0.295   -0.311   -0.284   -0.284   -0.284
 413    10000  4.50   -0.256   -0.285   -0.292   -0.305   -0.281   -0.281   -0.281
 414    10000  5.00   -0.292   -0.291   -0.289   -0.296   -0.280   -0.280   -0.281
 415    10250  2.00   -0.175   -0.361   -0.357   -0.357   -0.375   -0.375   -0.375
 416    10250  2.50   -0.175   -0.342   -0.355   -0.365   -0.355   -0.355   -0.355
 417    10250  3.00   -0.189   -0.334   -0.355   -0.371   -0.346   -0.346   -0.346
 418    10250  3.50   -0.213   -0.331   -0.354   -0.374   -0.340   -0.340   -0.340
 419    10250  4.00   -0.243   -0.331   -0.351   -0.373   -0.335   -0.335   -0.335
 420    10250  4.50   -0.277   -0.332   -0.348   -0.368   -0.330   -0.330   -0.330
 421    10250  5.00   -0.312   -0.336   -0.344   -0.360   -0.327   -0.327   -0.327
 422    10500  2.00   -0.205   -0.412   -0.411   -0.416   -0.426   -0.426   -0.427
 423    10500  2.50   -0.205   -0.393   -0.409   -0.424   -0.406   -0.406   -0.407
 424    10500  3.00   -0.219   -0.385   -0.410   -0.430   -0.397   -0.397   -0.397
 425    10500  3.50   -0.242   -0.382   -0.409   -0.434   -0.391   -0.391   -0.391
 426    10500  4.00   -0.270   -0.381   -0.407   -0.434   -0.386   -0.386   -0.386
 427    10500  4.50   -0.302   -0.381   -0.404   -0.430   -0.381   -0.381   -0.381
 428    10500  5.00   -0.336   -0.383   -0.400   -0.422   -0.376   -0.376   -0.376
 429    10750  2.00   -0.236   -0.463   -0.464   -0.474   -0.477   -0.477   -0.478
 430    10750  2.50   -0.236   -0.443   -0.463   -0.482   -0.457   -0.457   -0.457
 431    10750  3.00   -0.250   -0.435   -0.464   -0.489   -0.448   -0.448   -0.448
 432    10750  3.50   -0.272   -0.432   -0.464   -0.494   -0.443   -0.443   -0.443
 433    10750  4.00   -0.299   -0.431   -0.463   -0.495   -0.438   -0.438   -0.438
 434    10750  4.50   -0.329   -0.431   -0.460   -0.492   -0.432   -0.432   -0.432
 435    10750  5.00   -0.361   -0.431   -0.456   -0.485   -0.426   -0.426   -0.426
 436    11000  2.00   -0.266   -0.513   -0.517   -0.531   -0.528   -0.528   -0.528
 437    11000  2.50   -0.268   -0.493   -0.516   -0.539   -0.508   -0.508   -0.508
 438    11000  3.00   -0.282   -0.486   -0.517   -0.547   -0.499   -0.499   -0.499
 439    11000  3.50   -0.303   -0.483   -0.519   -0.552   -0.494   -0.494   -0.494
 440    11000  4.00   -0.329   -0.482   -0.518   -0.554   -0.490   -0.490   -0.489
 441    11000  4.50   -0.358   -0.481   -0.516   -0.552   -0.484   -0.484   -0.484
 442    11000  5.00   -0.389   -0.481   -0.512   -0.546   -0.477   -0.477   -0.477
 443    11250  2.00   -0.298   -0.563   -0.570   -0.588   -0.578   -0.578   -0.578
 444    11250  2.50   -0.299   -0.543   -0.568   -0.596   -0.558   -0.558   -0.558
 445    11250  3.00   -0.314   -0.536   -0.571   -0.604   -0.550   -0.550   -0.550
 446    11250  3.50   -0.335   -0.533   -0.573   -0.610   -0.545   -0.545   -0.545
 447    11250  4.00   -0.360   -0.532   -0.573   -0.613   -0.541   -0.541   -0.541
 448    11250  4.50   -0.388   -0.532   -0.571   -0.612   -0.536   -0.536   -0.535
 449    11250  5.00   -0.417   -0.531   -0.567   -0.607   -0.529   -0.529   -0.529
 450    11500  2.00   -0.330   -0.612   -0.623   -0.644   -0.628   -0.628   -0.628
 451    11500  2.50   -0.331   -0.592   -0.621   -0.652   -0.608   -0.608   -0.608
 452    11500  3.00   -0.346   -0.585   -0.623   -0.661   -0.600   -0.600   -0.599
 453    11500  3.50   -0.367   -0.583   -0.626   -0.668   -0.595   -0.595   -0.595
 454    11500  4.00   -0.392   -0.582   -0.627   -0.671   -0.592   -0.592   -0.591
 455    11500  4.50   -0.419   -0.582   -0.626   -0.671   -0.587   -0.587   -0.587
 456    11500  5.00   -0.447   -0.581   -0.623   -0.666   -0.580   -0.580   -0.580
 457    11750  2.00   -0.362   -0.661   -0.675   -0.700   -0.677   -0.677   -0.678
 458    11750  2.50   -0.364   -0.641   -0.673   -0.708   -0.657   -0.657   -0.657
 459    11750  3.00   -0.379   -0.634   -0.676   -0.717   -0.649   -0.649   -0.649
 460    11750  3.50   -0.400   -0.632   -0.679   -0.724   -0.645   -0.645   -0.645
 461    11750  4.00   -0.424   -0.632   -0.680   -0.728   -0.642   -0.642   -0.642
 462    11750  4.50   -0.451   -0.632   -0.680   -0.729   -0.638   -0.638   -0.637
 463    11750  5.00   -0.478   -0.631   -0.677   -0.725   -0.632   -0.632   -0.631
 464    12000  2.50   -0.396   -0.689   -0.724   -0.763   -0.706   -0.706   -0.706
 465    12000  3.00   -0.412   -0.682   -0.727   -0.772   -0.698   -0.698   -0.698
 466    12000  3.50   -0.433   -0.681   -0.730   -0.780   -0.695   -0.694   -0.694
 467    12000  4.00   -0.457   -0.681   -0.733   -0.784   -0.692   -0.692   -0.691
 468    12000  4.50   -0.483   -0.681   -0.733   -0.786   -0.688   -0.688   -0.687
 469    12000  5.00   -0.509   -0.680   -0.731   -0.783   -0.682   -0.682   -0.682
 470    12250  2.50   -0.429   -0.737   -0.775   -0.818   -0.754   -0.754   -0.754
 471    12250  3.00   -0.444   -0.731   -0.778   -0.827   -0.747   -0.747   -0.746
 472    12250  3.50   -0.466   -0.729   -0.782   -0.835   -0.743   -0.743   -0.743
 473    12250  4.00   -0.489   -0.729   -0.784   -0.840   -0.741   -0.741   -0.740
 474    12250  4.50   -0.515   -0.729   -0.785   -0.841   -0.737   -0.737   -0.737
 475    12250  5.00   -0.541   -0.729   -0.784   -0.839   -0.732   -0.732   -0.732
 476    12500  2.50   -0.461   -0.784   -0.826   -0.872   -0.801   -0.801   -0.801
 477    12500  3.00   -0.477   -0.778   -0.829   -0.881   -0.795   -0.794   -0.794
 478    12500  3.50   -0.498   -0.777   -0.833   -0.889   -0.792   -0.792   -0.791
 479    12500  4.00   -0.522   -0.777   -0.836   -0.894   -0.789   -0.789   -0.789
 480    12500  4.50   -0.547   -0.778   -0.837   -0.896   -0.786   -0.786   -0.786
 481    12500  5.00   -0.572   -0.777   -0.836   -0.895   -0.781   -0.781   -0.781
 482    12750  2.50   -0.494   -0.831   -0.876   -0.925   -0.848   -0.848   -0.848
 483    12750  3.00   -0.510   -0.825   -0.879   -0.934   -0.842   -0.842   -0.842
 484    12750  3.50   -0.531   -0.824   -0.883   -0.942   -0.839   -0.839   -0.839
 485    12750  4.00   -0.555   -0.825   -0.886   -0.948   -0.837   -0.837   -0.837
 486    12750  4.50   -0.579   -0.825   -0.887   -0.950   -0.834   -0.834   -0.834
 487    12750  5.00   -0.604   -0.825   -0.887   -0.949   -0.830   -0.830   -0.829
 488    13000  2.50   -0.526   -0.877   -0.925   -0.978   -0.895   -0.895   -0.895
 489    13000  3.00   -0.543   -0.871   -0.929   -0.987   -0.889   -0.889   -0.888
 490    13000  3.50   -0.564   -0.871   -0.933   -0.995   -0.886   -0.886   -0.886
 491    13000  4.00   -0.587   -0.871   -0.936   -1.001   -0.885   -0.884   -0.884
 492    13000  4.50   -0.611   -0.872   -0.937   -1.004   -0.882   -0.882   -0.881
 493    13000  5.00   -0.636   -0.872   -0.937   -1.003   -0.878   -0.878   -0.877
 494    14000  2.00   -0.645   -1.075   -1.113   -1.168   -1.094   -1.094   -1.094
 495    14000  2.50   -0.653   -1.054   -1.114   -1.180   -1.073   -1.073   -1.073
 496    14000  3.00   -0.672   -1.051   -1.120   -1.191   -1.070   -1.069   -1.069
 497    14000  3.50   -0.694   -1.052   -1.125   -1.200   -1.069   -1.069   -1.068
 498    14000  4.00   -0.717   -1.053   -1.129   -1.206   -1.068   -1.068   -1.067
 499    14000  4.50   -0.740   -1.054   -1.131   -1.209   -1.066   -1.066   -1.065
 500    14000  5.00   -0.762   -1.055   -1.132   -1.209   -1.063   -1.062   -1.062
 501    15000  2.50   -0.773   -1.220   -1.291   -1.368   -1.240   -1.240   -1.240
 502    15000  3.00   -0.797   -1.220   -1.300   -1.382   -1.240   -1.240   -1.239
 503    15000  3.50   -0.821   -1.223   -1.308   -1.393   -1.241   -1.241   -1.241
 504    15000  4.00   -0.843   -1.225   -1.312   -1.399   -1.242   -1.242   -1.241
 505    15000  4.50   -0.865   -1.227   -1.315   -1.403   -1.241   -1.241   -1.240
 506    15000  5.00   -0.886   -1.228   -1.315   -1.403   -1.238   -1.238   -1.237
 507    16000  2.50   -0.885   -1.375   -1.456   -1.543   -1.397   -1.397   -1.396
 508    16000  3.00   -0.914   -1.378   -1.469   -1.561   -1.399   -1.399   -1.399
 509    16000  3.50   -0.941   -1.384   -1.479   -1.574   -1.404   -1.404   -1.403
 510    16000  4.00   -0.965   -1.388   -1.485   -1.582   -1.406   -1.406   -1.405
 511    16000  4.50   -0.987   -1.391   -1.488   -1.586   -1.406   -1.406   -1.405
 512    16000  5.00   -1.007   -1.392   -1.489   -1.587   -1.403   -1.403   -1.403
 513    17000  2.50   -0.990   -1.520   -1.609   -1.706   -1.543   -1.543   -1.542
 514    17000  3.00   -1.024   -1.526   -1.626   -1.728   -1.548   -1.548   -1.548
 515    17000  3.50   -1.055   -1.535   -1.640   -1.744   -1.556   -1.556   -1.555
 516    17000  4.00   -1.081   -1.542   -1.648   -1.754   -1.561   -1.560   -1.560
 517    17000  4.50   -1.103   -1.545   -1.652   -1.758   -1.562   -1.562   -1.561
 518    17000  5.00   -1.123   -1.547   -1.654   -1.760   -1.560   -1.560   -1.559
 519    18000  2.50   -1.088   -1.656   -1.752   -1.857   -1.679   -1.679   -1.678
 520    18000  3.00   -1.127   -1.665   -1.773   -1.884   -1.688   -1.688   -1.687
 521    18000  3.50   -1.162   -1.677   -1.790   -1.903   -1.699   -1.699   -1.698
 522    18000  4.00   -1.191   -1.686   -1.801   -1.915   -1.706   -1.706   -1.705
 523    18000  4.50   -1.214   -1.691   -1.807   -1.921   -1.709   -1.709   -1.708
 524    18000  5.00   -1.234   -1.694   -1.809   -1.923   -1.708   -1.708   -1.707
 525    19000  2.50   -1.179   -1.783   -1.885   -1.997   -1.807   -1.807   -1.806
 526    19000  3.00   -1.223   -1.794   -1.911   -2.030   -1.818   -1.818   -1.817
 527    19000  3.50   -1.262   -1.810   -1.931   -2.052   -1.833   -1.833   -1.832
 528    19000  4.00   -1.294   -1.821   -1.945   -2.066   -1.843   -1.842   -1.842
 529    19000  4.50   -1.319   -1.829   -1.952   -2.074   -1.847   -1.847   -1.846
 530    19000  5.00   -1.340   -1.832   -1.956   -2.077   -1.848   -1.848   -1.847
 531    20000  3.00   -1.313   -1.916   -2.040   -2.165   -1.941   -1.940   -1.940
 532    20000  3.50   -1.357   -1.935   -2.064   -2.191   -1.959   -1.958   -1.958
 533    20000  4.00   -1.391   -1.949   -2.080   -2.208   -1.971   -1.971   -1.970
 534    20000  4.50   -1.418   -1.958   -2.089   -2.218   -1.978   -1.978   -1.977
 535    20000  5.00   -1.440   -1.963   -2.094   -2.222   -1.980   -1.980   -1.979
 536    21000  3.00   -1.398   -2.029   -2.160   -2.292   -2.055   -2.055   -2.054
 537    21000  3.50   -1.446   -2.052   -2.188   -2.323   -2.077   -2.077   -2.076
 538    21000  4.00   -1.483   -2.069   -2.207   -2.342   -2.093   -2.092   -2.091
 539    21000  4.50   -1.512   -2.080   -2.219   -2.354   -2.101   -2.101   -2.100
 540    21000  5.00   -1.534   -2.087   -2.225   -2.359   -2.105   -2.105   -2.104
 541    22000  3.00   -1.477   -2.136   -2.272   -2.410   -2.162   -2.162   -2.161
 542    22000  3.50   -1.530   -2.163   -2.305   -2.446   -2.188   -2.188   -2.187
 543    22000  4.00   -1.570   -2.183   -2.327   -2.469   -2.207   -2.207   -2.206
 544    22000  4.50   -1.601   -2.196   -2.341   -2.482   -2.218   -2.218   -2.217
 545    22000  5.00   -1.624   -2.203   -2.348   -2.489   -2.223   -2.223   -2.222
 546    23000  3.00   -1.551   -2.236   -2.377   -2.520   -2.263   -2.263   -2.262
 547    23000  3.50   -1.609   -2.267   -2.415   -2.562   -2.293   -2.293   -2.292
 548    23000  4.00   -1.653   -2.290   -2.441   -2.588   -2.315   -2.315   -2.313
 549    23000  4.50   -1.685   -2.305   -2.456   -2.604   -2.328   -2.328   -2.327
 550    23000  5.00   -1.709   -2.314   -2.465   -2.612   -2.334   -2.334   -2.333
 551    24000  3.00   -1.619   -2.328   -2.474   -2.623   -2.356   -2.356   -2.354
 552    24000  3.50   -1.684   -2.365   -2.519   -2.671   -2.392   -2.392   -2.390
 553    24000  4.00   -1.731   -2.391   -2.547   -2.700   -2.417   -2.416   -2.415
 554    24000  4.50   -1.765   -2.408   -2.566   -2.718   -2.432   -2.432   -2.431
 555    24000  5.00   -1.790   -2.419   -2.576   -2.728   -2.440   -2.440   -2.439
 556    25000  3.00   -1.678   -2.410   -2.562   -2.715   -2.439   -2.439   -2.437
 557    25000  3.50   -1.754   -2.457   -2.616   -2.773   -2.485   -2.484   -2.483
 558    25000  4.00   -1.804   -2.486   -2.648   -2.806   -2.513   -2.512   -2.511
 559    25000  4.50   -1.840   -2.505   -2.669   -2.827   -2.530   -2.530   -2.529
 560    25000  5.00   -1.867   -2.518   -2.681   -2.838   -2.540   -2.540   -2.538
 561    26000  3.00   -1.726   -2.482   -2.635   -2.792   -2.510   -2.510   -2.509
 562    26000  3.50   -1.818   -2.542   -2.707   -2.870   -2.571   -2.570   -2.569
 563    26000  4.00   -1.873   -2.576   -2.743   -2.907   -2.603   -2.603   -2.601
 564    26000  4.50   -1.911   -2.597   -2.766   -2.929   -2.623   -2.623   -2.621
 565    26000  5.00   -1.939   -2.611   -2.780   -2.942   -2.634   -2.634   -2.633
 566    27000  3.50   -1.875   -2.619   -2.790   -2.958   -2.648   -2.648   -2.647
 567    27000  4.00   -1.937   -2.659   -2.833   -3.001   -2.688   -2.687   -2.686
 568    27000  4.50   -1.978   -2.684   -2.858   -3.026   -2.710   -2.710   -2.708
 569    27000  5.00   -2.007   -2.699   -2.873   -3.040   -2.723   -2.723   -2.721
 570    28000  3.50   -1.924   -2.688   -2.863   -3.035   -2.717   -2.717   -2.716
 571    28000  4.00   -1.996   -2.737   -2.916   -3.089   -2.766   -2.765   -2.764
 572    28000  4.50   -2.040   -2.765   -2.944   -3.117   -2.792   -2.792   -2.790
 573    28000  5.00   -2.070   -2.781   -2.960   -3.133   -2.806   -2.806   -2.804
 574    29000  3.50   -1.968   -2.751   -2.929   -3.104   -2.781   -2.781   -2.779
 575    29000  4.00   -2.047   -2.807   -2.991   -3.169   -2.836   -2.836   -2.835
 576    29000  4.50   -2.097   -2.839   -3.024   -3.201   -2.868   -2.867   -2.866
 577    29000  5.00   -2.128   -2.858   -3.042   -3.219   -2.884   -2.884   -2.882
 578    30000  3.50   -2.015   -2.813   -2.992   -3.169   -2.844   -2.844   -2.842
 579    30000  4.00   -2.093   -2.871   -3.059   -3.241   -2.901   -2.901   -2.899
 580    30000  4.50   -2.148   -2.908   -3.098   -3.279   -2.937   -2.937   -2.935
 581    30000  5.00   -2.182   -2.929   -3.119   -3.300   -2.956   -2.956   -2.954
 582    31000  3.50   -2.069   -2.880   -3.058   -3.236   -2.911   -2.911   -2.909
 583    31000  4.00   -2.138   -2.931   -3.123   -3.308   -2.962   -2.962   -2.960
 584    31000  4.50   -2.194   -2.972   -3.165   -3.351   -3.001   -3.001   -2.999
 585    31000  5.00   -2.231   -2.996   -3.190   -3.374   -3.023   -3.023   -3.021
 586    32000  4.00   -2.183   -2.991   -3.184   -3.371   -3.022   -3.022   -3.020
 587    32000  4.50   -2.238   -3.032   -3.229   -3.418   -3.062   -3.062   -3.060
 588    32000  5.00   -2.276   -3.058   -3.256   -3.444   -3.086   -3.086   -3.084
 589    33000  4.00   -2.234   -3.054   -3.248   -3.437   -3.085   -3.085   -3.083
 590    33000  4.50   -2.282   -3.090   -3.290   -3.481   -3.120   -3.120   -3.118
 591    33000  5.00   -2.320   -3.117   -3.318   -3.509   -3.146   -3.146   -3.144
 592    34000  4.00   -2.292   -3.121   -3.315   -3.505   -3.153   -3.152   -3.150
 593    34000  4.50   -2.330   -3.150   -3.352   -3.545   -3.181   -3.180   -3.179
 594    34000  5.00   -2.365   -3.175   -3.379   -3.572   -3.205   -3.204   -3.202
 595    35000  4.00   -2.357   -3.193   -3.386   -3.576   -3.224   -3.224   -3.222
 596    35000  4.50   -2.384   -3.213   -3.416   -3.610   -3.244   -3.244   -3.242
 597    35000  5.00   -2.413   -3.235   -3.441   -3.636   -3.265   -3.264   -3.262
 598    36000  4.00   -2.427   -3.269   -3.461   -3.651   -3.300   -3.300   -3.298
 599    36000  4.50   -2.442   -3.279   -3.482   -3.678   -3.311   -3.310   -3.308
 600    36000  5.00   -2.465   -3.297   -3.504   -3.701   -3.327   -3.327   -3.325
 601    37000  4.00   -2.501   -3.348   -3.539   -3.730   -3.380   -3.379   -3.378
 602    37000  4.50   -2.506   -3.350   -3.551   -3.748   -3.381   -3.380   -3.378
 603    37000  5.00   -2.522   -3.361   -3.569   -3.767   -3.392   -3.391   -3.389
 604    38000  4.00   -2.577   -3.429   -3.620   -3.811   -3.461   -3.460   -3.458
 605    38000  4.50   -2.574   -3.423   -3.625   -3.821   -3.454   -3.454   -3.452
 606    38000  5.00   -2.583   -3.429   -3.636   -3.835   -3.460   -3.459   -3.457
 607    39000  4.00   -2.654   -3.510   -3.702   -3.893   -3.542   -3.541   -3.539
 608    39000  4.50   -2.645   -3.499   -3.701   -3.898   -3.531   -3.530   -3.528
 609    39000  5.00   -2.649   -3.500   -3.707   -3.906   -3.530   -3.530   -3.528
 610    40000  4.50   -2.718   -3.577   -3.778   -3.976   -3.608   -3.608   -3.606
 611    40000  5.00   -2.717   -3.573   -3.780   -3.980   -3.604   -3.604   -3.601
 612    41000  4.50   -2.792   -3.654   -3.856   -4.055   -3.686   -3.685   -3.683
 613    41000  5.00   -2.788   -3.648   -3.855   -4.056   -3.679   -3.678   -3.676
 614    42000  4.50   -2.865   -3.730   -3.934   -4.133   -3.762   -3.762   -3.760
 615    42000  5.00   -2.860   -3.723   -3.931   -4.132   -3.754   -3.754   -3.752
 616    43000  4.50   -2.937   -3.806   -4.010   -4.210   -3.838   -3.837   -3.835
 617    43000  5.00   -2.931   -3.798   -4.007   -4.209   -3.830   -3.829   -3.827
 618    44000  4.50   -3.008   -3.879   -4.084   -4.285   -3.912   -3.911   -3.909
 619    44000  5.00   -3.002   -3.872   -4.082   -4.285   -3.904   -3.903   -3.901
 620    45000  4.50   -3.077   -3.951   -4.157   -4.359   -3.984   -3.984   -3.982
 621    45000  5.00   -3.072   -3.945   -4.156   -4.359   -3.977   -3.977   -3.974
 622    46000  4.50   -3.144   -4.022   -4.229   -4.431   -4.055   -4.054   -4.052
 623    46000  5.00   -3.141   -4.017   -4.228   -4.433   -4.049   -4.048   -4.046
 624    47000  4.50   -3.211   -4.091   -4.299   -4.502   -4.124   -4.124   -4.121
 625    47000  5.00   -3.208   -4.087   -4.299   -4.504   -4.119   -4.119   -4.116
 626    48000  4.50   -3.275   -4.158   -4.367   -4.571   -4.192   -4.191   -4.189
 627    48000  5.00   -3.274   -4.155   -4.369   -4.575   -4.188   -4.187   -4.185
 628    49000  4.50   -3.339   -4.225   -4.434   -4.638   -4.258   -4.258   -4.256
 629    49000  5.00   -3.339   -4.222   -4.437   -4.643   -4.255   -4.255   -4.253
 630    50000  5.00   -3.402   -4.288   -4.503   -4.711   -4.321   -4.321   -4.319
 631    56101  5.00   -3.508   -4.413   -4.613   -4.805   -4.450   -4.449   -4.447
 632    62946  5.00   -3.838   -4.755   -4.963   -5.160   -4.793   -4.792   -4.790
 633    70627  5.00   -4.173   -5.101   -5.316   -5.517   -5.140   -5.139   -5.137
 634    79245  5.00   -4.514   -5.451   -5.671   -5.877   -5.490   -5.489   -5.487
 635    88914  5.00   -4.858   -5.804   -6.028   -6.238   -5.843   -5.842   -5.840
 636    99763  5.00   -5.206   -6.159   -6.388   -6.600   -6.198   -6.198   -6.196
 637   111936  5.00   -5.556   -6.516   -6.749   -6.965   -6.556   -6.556   -6.553
 638   125595  5.00   -5.910   -6.875   -7.111   -7.330   -6.916   -6.915   -6.913
 639   140920  5.00   -6.266   -7.236   -7.475   -7.696   -7.277   -7.277   -7.274
 640   158115  5.00   -6.624   -7.599   -7.841   -8.064   -7.640   -7.640   -7.637
 641   177407  5.00   -6.985   -7.963   -8.207   -8.432   -8.004   -8.004   -8.001
 642   199055  5.00   -7.346   -8.328   -8.574   -8.801   -8.370   -8.369   -8.367
 643   223343  5.00   -7.710   -8.694   -8.943   -9.170   -8.736   -8.736   -8.733
 644   250595  5.00   -8.074   -9.062   -9.311   -9.540   -9.104   -9.103   -9.101
 645   281172  5.00   -8.440   -9.430   -9.681   -9.911   -9.472   -9.472   -9.469
 646   315481  5.00   -8.807   -9.799  -10.051  -10.282   -9.841   -9.841   -9.838
 647   353975  5.00   -9.174  -10.168  -10.422  -10.654  -10.211  -10.210  -10.208
 648   397167  5.00   -9.543  -10.539  -10.793  -11.026  -10.581  -10.581  -10.578
 649   445629  5.00   -9.912  -10.909  -11.165  -11.398  -10.952  -10.951  -10.949
 650   500004  5.00  -10.282  -11.280  -11.537  -11.771  -11.323  -11.323  -11.320
 651   561014  5.00  -10.652  -11.652  -11.909  -12.144  -11.695  -11.694  -11.692
 652   629469  5.00  -11.023  -12.024  -12.282  -12.517  -12.067  -12.066  -12.064
 653   706276  5.00  -11.394  -12.396  -12.654  -12.890  -12.439  -12.439  -12.436
 654   792455  5.00  -11.766  -12.769  -13.028  -13.264  -12.812  -12.811  -12.809
 655   889149  5.00  -12.138  -13.142  -13.401  -13.637  -13.185  -13.184  -13.182
 656   997642  5.00  -12.511  -13.515  -13.774  -14.011  -13.558  -13.557  -13.555
 657  1119373  5.00  -12.884  -13.888  -14.148  -14.385  -13.931  -13.931  -13.928
 658  1255958  5.00  -13.256  -14.262  -14.522  -14.759  -14.305  -14.304  -14.301
 659  1409209  5.00  -13.630  -14.635  -14.896  -15.133  -14.678  -14.678  -14.675
 660  1581159  5.00  -14.003  -15.009  -15.270  -15.508  -15.052  -15.052  -15.049
 661  1774090  5.00  -14.377  -15.383  -15.644  -15.882  -15.426  -15.426  -15.423
 662  1990563  5.00  -14.750  -15.757  -16.018  -16.256  -15.800  -15.800  -15.797
 663  2233450  5.00  -15.124  -16.131  -16.393  -16.631  -16.174  -16.174  -16.171
 664  2505973  5.00  -15.498  -16.505  -16.767  -17.005  -16.549  -16.548  -16.545
 665  2811749  5.00  -15.872  -16.880  -17.141  -17.380  -16.923  -16.922  -16.920
 666  3154836  5.00  -16.246  -17.254  -17.516  -17.754  -17.297  -17.297  -17.294
 667  3539785  5.00  -16.621  -17.629  -17.891  -18.129  -17.672  -17.671  -17.669
 668  3971706  5.00  -16.995  -18.003  -18.265  -18.504  -18.046  -18.046  -18.043
 669  4456330  5.00  -17.370  -18.378  -18.640  -18.879  -18.421  -18.420  -18.418
# BCs for Fluks et al. 1994 M-giant spectra:
#  n     Teff  logg        C        M       T1       T2 DDO51_finf DDO51_f7.9 DDO51_f2.9
   0     3810  0.00   -3.657   -1.726   -0.418    0.426   -1.906   -1.911   -1.925
   1     3736  0.00   -3.893   -1.953   -0.607    0.402   -2.088   -2.092   -2.102
   2     3666  0.00   -4.155   -2.197   -0.827    0.363   -2.289   -2.292   -2.303
   3     3574  0.00   -4.456   -2.602   -1.160    0.241   -2.633   -2.636   -2.647
   4     3434  0.00   -5.025   -3.306   -1.762   -0.014   -3.256   -3.258   -3.267
   5     3309  0.00   -5.769   -4.357   -2.616   -0.401   -4.165   -4.166   -4.173
   6     3126  0.00   -6.951   -5.748   -3.848   -1.043   -5.616   -5.617   -5.632
   7     2890  0.00   -7.951   -7.154   -4.580   -1.589   -7.133   -7.135   -7.154
   8     2667  0.00   -8.753   -8.185   -5.024   -1.858   -8.236   -8.238   -8.260
   9     2500  0.00   -9.504   -8.936   -5.527   -1.997   -8.963   -8.965   -8.991
