# BCs for ATLAS9 + DUSTY99 + blackbody spectra:
#  n     Teff  logg        C        M       T1       T2 DDO51_finf DDO51_f7.9 DDO51_f2.9
   0      500  3.50  -999999  -69.120  -50.732  -38.995  -81.371  -81.609  -82.480
   1      500  4.00  -999999  -67.989  -49.909  -38.309  -76.026  -76.158  -76.861
   2      500  4.50  -999999  -67.606  -49.318  -37.698  -75.460  -75.527  -75.888
   3      500  5.00  -999999  -65.312  -47.454  -36.087  -72.605  -72.656  -72.884
   4      500  5.50  -999999  -62.327  -45.102  -34.091  -69.239  -69.288  -69.511
   5      500  6.00  -79.899  -59.318  -42.759  -32.118  -65.853  -65.900  -66.115
   6      600  3.50  -74.565  -56.067  -41.042  -31.025  -61.766  -61.808  -62.003
   7      600  4.00  -73.676  -55.386  -40.528  -30.594  -60.988  -61.030  -61.222
   8      600  4.50  -76.123  -57.035  -41.452  -31.235  -63.013  -63.057  -63.259
   9      600  5.00  -73.928  -55.228  -39.933  -29.908  -61.029  -61.072  -61.270
  10      600  5.50  -71.180  -52.979  -38.102  -28.336  -58.538  -58.580  -58.773
  11      600  6.00  -68.123  -50.523  -36.188  -26.725  -55.788  -55.828  -56.015
  12      700  3.50  -61.609  -46.048  -33.536  -24.858  -50.346  -50.381  -50.544
  13      700  4.00  -60.901  -45.504  -33.131  -24.524  -49.726  -49.760  -49.922
  14      700  4.50  -62.800  -46.812  -33.886  -25.040  -51.312  -51.348  -51.516
  15      700  5.00  -61.764  -45.912  -33.079  -24.308  -50.349  -50.385  -50.552
  16      700  5.50  -59.640  -44.107  -31.519  -22.923  -48.397  -48.432  -48.596
  17      700  6.00  -56.868  -41.843  -29.690  -21.361  -45.899  -45.933  -46.092
  18      800  3.50  -50.237  -37.127  -26.682  -19.172  -40.320  -40.349  -40.485
  19      800  4.00  -50.443  -37.322  -26.862  -19.331  -40.520  -40.549  -40.685
  20      800  4.50  -52.010  -38.410  -27.507  -19.768  -41.823  -41.853  -41.995
  21      800  5.00  -51.082  -37.547  -26.689  -19.020  -40.935  -40.964  -41.106
  22      800  5.50  -49.690  -36.237  -25.522  -17.998  -39.582  -39.611  -39.753
  23      800  6.00  -47.289  -34.225  -23.961  -16.720  -37.383  -37.411  -37.549
  24      900  3.50  -40.502  -29.544  -21.031  -14.664  -31.813  -31.836  -31.949
  25      900  4.00  -40.551  -29.510  -20.936  -14.543  -31.811  -31.835  -31.948
  26      900  4.50  -42.362  -30.757  -21.722  -15.088  -33.290  -33.315  -33.435
  27      900  5.00  -40.480  -29.084  -20.326  -13.901  -31.515  -31.539  -31.657
  28      900  5.50  -40.547  -29.123  -20.347  -13.915  -31.564  -31.589  -31.707
  29     1000  3.50  -35.628  -25.841  -18.311  -12.559  -27.646  -27.666  -27.765
  30     1000  4.00  -34.823  -25.174  -17.768  -12.105  -26.924  -26.944  -27.042
  31     1000  4.50  -34.764  -24.976  -17.514  -11.840  -26.770  -26.790  -26.889
  32     1000  5.00  -34.704  -24.773  -17.260  -11.580  -26.609  -26.629  -26.730
  33     1000  5.50  -34.220  -24.325  -16.874  -11.247  -26.140  -26.161  -26.261
  34     1000  6.00  -32.782  -23.230  -16.055  -10.607  -24.914  -24.934  -25.030
  35     1100  3.50  -31.082  -22.360  -15.699  -10.541  -23.772  -23.789  -23.877
  36     1100  4.00  -30.727  -22.067  -15.459  -10.339  -23.456  -23.473  -23.560
  37     1100  4.50  -30.612  -21.890  -15.265  -10.149  -23.294  -23.312  -23.399
  38     1100  5.00  -30.099  -21.370  -14.788   -9.722  -22.767  -22.784  -22.872
  39     1100  5.50  -29.416  -20.740  -14.242   -9.254  -22.109  -22.127  -22.214
  40     1100  6.00  -36.042  -26.255  -18.724  -12.973  -28.060  -28.080  -28.179
  41     1200  3.50  -27.075  -19.282  -13.341   -8.705  -20.382  -20.397  -20.475
  42     1200  4.00  -27.075  -19.282  -13.341   -8.705  -20.382  -20.397  -20.475
  43     1200  4.50  -27.075  -19.282  -13.341   -8.705  -20.382  -20.397  -20.475
  44     1200  5.00  -27.138  -19.190  -13.176   -8.511  -20.331  -20.347  -20.426
  45     1200  6.00  -25.585  -17.844  -12.048   -7.575  -18.900  -18.916  -18.993
  46     1300  3.50  -23.555  -16.578  -11.256   -7.085  -17.428  -17.442  -17.512
  47     1300  4.00  -23.590  -16.614  -11.286   -7.111  -17.466  -17.479  -17.549
  48     1300  4.50  -24.187  -17.041  -11.590   -7.329  -17.940  -17.955  -18.026
  49     1300  5.00  -24.179  -16.996  -11.525   -7.258  -17.905  -17.919  -17.990
  50     1300  5.50  -24.007  -16.773  -11.302   -7.056  -17.686  -17.701  -17.772
  51     1300  6.00  -27.257  -19.506  -13.595   -8.980  -20.593  -20.608  -20.686
  52     1400  3.50  -20.622  -14.337   -9.538   -5.770  -14.997  -15.009  -15.071
  53     1400  4.00  -20.660  -14.367   -9.559   -5.785  -15.029  -15.041  -15.103
  54     1400  4.50  -21.037  -14.626   -9.724   -5.890  -15.316  -15.329  -15.393
  55     1400  5.00  -21.412  -14.888   -9.910   -6.022  -15.607  -15.620  -15.684
  56     1400  5.50  -21.218  -14.643   -9.658   -5.798  -15.357  -15.370  -15.435
  57     1400  6.00  -21.227  -14.648   -9.660   -5.799  -15.362  -15.375  -15.440
  58     1500  3.50  -18.419  -12.644   -8.208   -4.702  -13.185  -13.196  -13.251
  59     1500  4.00  -18.335  -12.593   -8.190   -4.718  -13.122  -13.133  -13.188
  60     1500  4.50  -18.716  -12.844   -8.356   -4.837  -13.399  -13.410  -13.467
  61     1500  5.00  -18.887  -12.958   -8.429   -4.890  -13.522  -13.534  -13.591
  62     1500  5.50  -19.035  -13.041   -8.471   -4.915  -13.614  -13.626  -13.684
  63     1500  6.00  -19.042  -13.023   -8.438   -4.887  -13.591  -13.603  -13.662
  64     1600  3.50  -16.733  -11.212   -7.035   -3.686  -11.697  -11.707  -11.757
  65     1600  4.00  -16.612  -11.198   -7.058   -3.736  -11.661  -11.671  -11.721
  66     1600  4.50  -16.679  -11.252   -7.107   -3.823  -11.712  -11.722  -11.772
  67     1600  5.00  -16.771  -11.333   -7.174   -3.907  -11.790  -11.800  -11.851
  68     1600  5.50  -16.894  -11.410   -7.221   -3.958  -11.869  -11.879  -11.930
  69     1600  6.00  -16.991  -11.470   -7.255   -3.994  -11.924  -11.935  -11.987
  70     1700  3.50  -14.931   -9.798   -6.051   -2.763  -10.147  -10.155  -10.194
  71     1700  4.00  -14.562   -9.412   -5.701   -2.528   -9.814   -9.823   -9.860
  72     1700  4.50  -13.413   -8.564   -5.102   -2.004   -8.944   -8.951   -8.983
  73     1700  5.00  -14.685   -9.574   -5.784   -2.595   -9.995  -10.004  -10.044
  74     1700  5.50  -15.047   -9.947   -6.069   -2.923  -10.343  -10.352  -10.397
  75     1700  6.00  -15.212  -10.109   -6.213   -3.156  -10.486  -10.496  -10.541
  76     1800  3.50  -13.532   -8.899   -5.520   -2.226   -9.081   -9.086   -9.116
  77     1800  4.00  -13.348   -8.679   -5.328   -2.119   -8.946   -8.953   -8.982
  78     1800  4.50  -12.520   -8.020   -4.811   -1.749   -8.327   -8.333   -8.360
  79     1800  5.00  -12.493   -8.000   -4.774   -1.707   -8.351   -8.358   -8.384
  80     1800  5.50  -13.309   -8.592   -5.111   -2.043   -8.965   -8.973   -9.007
  81     1800  6.00  -13.431   -8.687   -5.133   -2.086   -9.043   -9.052   -9.088
  82     1900  3.50  -11.640   -7.903   -5.010   -1.684   -7.894   -7.898   -7.921
  83     1900  4.00  -12.336   -8.049   -5.032   -1.743   -8.186   -8.190   -8.213
  84     1900  4.50  -13.200   -8.535   -5.276   -2.004   -8.829   -8.835   -8.861
  85     1900  5.00  -12.422   -7.952   -4.817   -1.669   -8.283   -8.289   -8.312
  86     1900  5.50  -12.616   -8.169   -4.904   -1.830   -8.521   -8.528   -8.556
  87     1900  6.00  -12.610   -8.196   -4.861   -1.895   -8.520   -8.528   -8.559
  88     2000  3.50  -10.293   -7.317   -4.814   -1.390   -7.197   -7.200   -7.222
  89     2000  4.00  -11.058   -7.329   -4.701   -1.348   -7.350   -7.353   -7.372
  90     2000  4.50  -11.525   -7.349   -4.613   -1.311   -7.505   -7.508   -7.525
  91     2000  5.00  -11.924   -7.527   -4.638   -1.376   -7.814   -7.818   -7.836
  92     2000  5.50  -12.266   -7.898   -4.797   -1.645   -8.236   -8.242   -8.265
  93     2000  6.00  -11.925   -7.733   -4.604   -1.631   -8.052   -8.059   -8.085
  94     2100  4.00   -9.895   -6.737   -4.454   -1.067   -6.703   -6.705   -6.724
  95     2100  5.00  -10.872   -6.733   -4.223   -0.924   -6.954   -6.956   -6.969
  96     2100  5.50  -11.628   -7.256   -4.464   -1.189   -7.602   -7.606   -7.620
  97     2100  6.00  -11.787   -7.545   -4.541   -1.422   -7.898   -7.905   -7.927
  98     2200  3.50   -8.021   -6.104   -4.220   -0.849   -5.950   -5.954   -5.978
  99     2200  4.00   -8.774   -6.147   -4.161   -0.810   -6.104   -6.107   -6.128
 100     2200  4.50   -9.563   -6.232   -4.136   -0.759   -6.295   -6.297   -6.312
 101     2200  5.00  -10.207   -6.305   -4.053   -0.707   -6.506   -6.507   -6.518
 102     2200  5.50  -10.828   -6.582   -4.115   -0.793   -6.907   -6.909   -6.918
 103     2200  6.00  -11.046   -6.717   -4.078   -0.839   -7.118   -7.123   -7.135
 104     2300  3.50   -7.194   -5.564   -3.850   -0.610   -5.440   -5.446   -5.471
 105     2300  4.00   -7.865   -5.610   -3.817   -0.574   -5.589   -5.594   -5.617
 106     2300  4.50   -8.675   -5.740   -3.858   -0.543   -5.816   -5.820   -5.837
 107     2300  5.00   -9.482   -5.875   -3.837   -0.511   -6.075   -6.078   -6.088
 108     2300  5.50  -10.117   -6.043   -3.842   -0.517   -6.358   -6.360   -6.367
 109     2300  6.00  -10.402   -6.136   -3.769   -0.512   -6.538   -6.542   -6.549
 110     2400  3.50   -6.530   -5.065   -3.441   -0.388   -4.985   -4.992   -5.018
 111     2400  4.00   -7.094   -5.106   -3.434   -0.357   -5.122   -5.128   -5.154
 112     2400  4.50   -7.826   -5.242   -3.519   -0.336   -5.349   -5.354   -5.375
 113     2400  5.50   -9.333   -5.527   -3.550   -0.275   -5.848   -5.850   -5.856
 114     2400  6.00   -9.880   -5.713   -3.545   -0.304   -6.126   -6.129   -6.134
 115     2500  3.50   -6.055   -4.637   -3.042   -0.201   -4.600   -4.608   -4.635
 116     2500  4.00   -6.485   -4.652   -3.037   -0.165   -4.705   -4.713   -4.741
 117     2500  4.50   -7.119   -4.794   -3.166   -0.154   -4.936   -4.943   -4.967
 118     2500  5.00   -7.848   -4.914   -3.206   -0.113   -5.164   -5.170   -5.185
 119     2500  5.50   -8.635   -5.093   -3.260   -0.098   -5.446   -5.449   -5.456
 120     2500  6.00   -9.252   -5.272   -3.280   -0.108   -5.709   -5.712   -5.717
 121     2600  3.50   -5.672   -4.266   -2.685   -0.048   -4.262   -4.270   -4.298
 122     2600  4.00   -6.003   -4.254   -2.670   -0.008   -4.338   -4.347   -4.376
 123     2600  4.50   -6.530   -4.384   -2.812    0.005   -4.560   -4.569   -4.595
 124     2600  5.00   -7.134   -4.475   -2.853    0.045   -4.758   -4.765   -4.784
 125     2600  5.50   -7.891   -4.644   -2.928    0.066   -5.029   -5.034   -5.043
 126     2600  6.00   -8.596   -4.856   -2.997    0.053   -5.315   -5.320   -5.325
 127     2700  3.50   -5.360   -3.961   -2.399    0.065   -3.978   -3.986   -4.014
 128     2700  4.00   -5.597   -3.904   -2.347    0.120   -4.009   -4.018   -4.047
 129     2700  4.50   -6.019   -4.006   -2.477    0.141   -4.208   -4.218   -4.246
 130     2700  5.00   -6.525   -4.077   -2.510    0.177   -4.385   -4.394   -4.417
 131     2700  5.50   -7.198   -4.223   -2.590    0.201   -4.635   -4.642   -4.655
 132     2700  6.00   -7.917   -4.429   -2.680    0.199   -4.916   -4.922   -4.929
 133     2800  5.00   -5.979   -3.698   -2.178    0.295   -4.024   -4.034   -4.059
 134     2800  5.50   -6.572   -3.831   -2.259    0.312   -4.261   -4.269   -4.286
 135     2900  5.00   -5.530   -3.378   -1.895    0.379   -3.710   -3.721   -3.746
 136     2900  5.50   -6.016   -3.470   -1.951    0.403   -3.910   -3.920   -3.938
 137     3000  5.00   -5.139   -3.092   -1.648    0.447   -3.425   -3.435   -3.460
 138     3000  5.50   -5.538   -3.153   -1.681    0.473   -3.593   -3.604   -3.623
 139     3100  5.00   -4.794   -2.836   -1.429    0.505   -3.165   -3.176   -3.199
 140     3100  5.50   -5.118   -2.870   -1.437    0.528   -3.300   -3.310   -3.330
 141     3200  5.00   -4.490   -2.605   -1.236    0.553   -2.930   -2.940   -2.962
 142     3200  5.50   -4.747   -2.616   -1.219    0.575   -3.031   -3.041   -3.060
 143     3300  5.00   -4.224   -2.401   -1.067    0.595   -2.723   -2.732   -2.753
 144     3300  5.50   -4.425   -2.391   -1.030    0.615   -2.791   -2.800   -2.819
 145     3400  5.00   -3.995   -2.220   -0.918    0.630   -2.543   -2.551   -2.570
 146     3400  5.50   -4.146   -2.194   -0.866    0.648   -2.582   -2.590   -2.607
 147     3500  5.00   -3.781   -2.044   -0.761    0.652   -2.353   -2.360   -2.377
 148     3500  5.50   -3.883   -2.010   -0.707    0.672   -2.374   -2.382   -2.398
 149     3600  5.00   -3.618   -1.901   -0.643    0.675   -2.225   -2.233   -2.248
 150     3600  5.50   -3.682   -1.859   -0.582    0.693   -2.224   -2.231   -2.245
 151     3700  5.00   -3.484   -1.775   -0.536    0.691   -2.120   -2.127   -2.140
 152     3700  5.50   -3.511   -1.727   -0.471    0.710   -2.095   -2.102   -2.114
 153     3800  5.00   -3.371   -1.659   -0.437    0.702   -2.027   -2.034   -2.046
 154     3800  5.50   -3.364   -1.607   -0.369    0.723   -1.981   -1.988   -1.999
 155     3500  0.00   -4.906   -2.561   -1.152    0.328   -2.729   -2.736   -2.755
 156     3500  0.50   -4.698   -2.582   -1.223    0.327   -2.733   -2.740   -2.763
 157     3500  1.00   -4.493   -2.598   -1.278    0.332   -2.731   -2.739   -2.764
 158     3500  1.50   -4.284   -2.596   -1.308    0.347   -2.716   -2.724   -2.751
 159     3500  2.00   -4.070   -2.568   -1.310    0.374   -2.684   -2.693   -2.721
 160     3500  2.50   -3.859   -2.510   -1.279    0.414   -2.636   -2.645   -2.675
 161     3500  3.00   -3.658   -2.422   -1.215    0.469   -2.573   -2.583   -2.614
 162     3500  3.50   -3.483   -2.303   -1.107    0.542   -2.496   -2.506   -2.539
 163     3500  4.00   -3.340   -2.153   -0.947    0.629   -2.397   -2.408   -2.442
 164     3500  4.50   -3.255   -2.017   -0.779    0.695   -2.323   -2.334   -2.368
 165     3500  5.00   -3.265   -1.939   -0.648    0.730   -2.318   -2.330   -2.366
 166     3750  0.00   -4.310   -1.799   -0.462    0.493   -2.020   -2.025   -2.036
 167     3750  0.50   -4.138   -1.800   -0.490    0.492   -2.048   -2.054   -2.069
 168     3750  1.00   -3.977   -1.812   -0.523    0.494   -2.080   -2.087   -2.106
 169     3750  1.50   -3.822   -1.826   -0.558    0.500   -2.108   -2.116   -2.138
 170     3750  2.00   -3.667   -1.836   -0.591    0.509   -2.127   -2.136   -2.162
 171     3750  2.50   -3.520   -1.839   -0.615    0.524   -2.140   -2.150   -2.178
 172     3750  3.00   -3.377   -1.828   -0.624    0.546   -2.143   -2.153   -2.184
 173     3750  3.50   -3.253   -1.803   -0.610    0.579   -2.139   -2.150   -2.183
 174     3750  4.00   -3.155   -1.755   -0.555    0.630   -2.111   -2.123   -2.158
 175     3750  4.50   -3.063   -1.680   -0.463    0.686   -2.054   -2.066   -2.100
 176     3750  5.00   -3.012   -1.617   -0.375    0.728   -2.023   -2.036   -2.070
 177     4000  0.00   -3.725   -1.333   -0.155    0.593   -1.460   -1.464   -1.472
 178     4000  0.50   -3.577   -1.323   -0.165    0.588   -1.481   -1.485   -1.493
 179     4000  1.00   -3.445   -1.325   -0.176    0.586   -1.519   -1.524   -1.534
 180     4000  1.50   -3.325   -1.335   -0.189    0.585   -1.569   -1.575   -1.588
 181     4000  2.00   -3.211   -1.346   -0.202    0.586   -1.622   -1.628   -1.645
 182     4000  2.50   -3.112   -1.359   -0.216    0.589   -1.675   -1.683   -1.704
 183     4000  3.00   -3.025   -1.372   -0.229    0.596   -1.725   -1.734   -1.759
 184     4000  3.50   -2.955   -1.384   -0.239    0.609   -1.774   -1.784   -1.813
 185     4000  4.00   -2.899   -1.389   -0.235    0.634   -1.812   -1.823   -1.856
 186     4000  4.50   -2.851   -1.376   -0.201    0.675   -1.808   -1.820   -1.853
 187     4000  5.00   -2.797   -1.347   -0.153    0.716   -1.780   -1.792   -1.824
 188     4250  0.00   -3.192   -1.018    0.030    0.666   -1.088   -1.091   -1.100
 189     4250  0.50   -3.057   -1.001    0.021    0.658   -1.082   -1.085   -1.093
 190     4250  1.00   -2.940   -0.997    0.011    0.653   -1.096   -1.099   -1.107
 191     4250  1.50   -2.834   -1.001    0.003    0.650   -1.129   -1.132   -1.140
 192     4250  2.00   -2.738   -1.008   -0.005    0.647   -1.174   -1.178   -1.188
 193     4250  2.50   -2.657   -1.018   -0.012    0.646   -1.232   -1.237   -1.249
 194     4250  3.00   -2.600   -1.032   -0.017    0.646   -1.301   -1.307   -1.322
 195     4250  3.50   -2.563   -1.050   -0.021    0.648   -1.375   -1.382   -1.401
 196     4250  4.00   -2.548   -1.071   -0.023    0.654   -1.454   -1.463   -1.486
 197     4250  4.50   -2.543   -1.089   -0.017    0.672   -1.517   -1.528   -1.555
 198     4250  5.00   -2.534   -1.098    0.004    0.703   -1.535   -1.546   -1.574
 199     4500  0.00   -2.736   -0.794    0.159    0.718   -0.844   -0.846   -0.855
 200     4500  0.50   -2.619   -0.776    0.150    0.709   -0.828   -0.831   -0.839
 201     4500  1.00   -2.520   -0.769    0.140    0.702   -0.827   -0.829   -0.837
 202     4500  1.50   -2.432   -0.769    0.131    0.698   -0.839   -0.841   -0.848
 203     4500  2.00   -2.353   -0.773    0.123    0.694   -0.864   -0.866   -0.874
 204     4500  2.50   -2.282   -0.779    0.115    0.691   -0.902   -0.905   -0.913
 205     4500  3.00   -2.230   -0.789    0.110    0.689   -0.956   -0.960   -0.969
 206     4500  3.50   -2.198   -0.802    0.108    0.689   -1.024   -1.028   -1.039
 207     4500  4.00   -2.188   -0.821    0.107    0.691   -1.103   -1.110   -1.123
 208     4500  4.50   -2.196   -0.843    0.109    0.696   -1.192   -1.200   -1.218
 209     4500  5.00   -2.217   -0.866    0.116    0.708   -1.274   -1.283   -1.305
 210     4750  0.00   -2.329   -0.621    0.248    0.753   -0.656   -0.658   -0.666
 211     4750  0.50   -2.228   -0.606    0.238    0.742   -0.643   -0.645   -0.653
 212     4750  1.00   -2.145   -0.598    0.229    0.734   -0.638   -0.640   -0.647
 213     4750  1.50   -2.074   -0.596    0.221    0.728   -0.640   -0.642   -0.649
 214     4750  2.00   -2.011   -0.598    0.212    0.723   -0.649   -0.651   -0.657
 215     4750  2.50   -1.956   -0.600    0.205    0.719   -0.665   -0.668   -0.674
 216     4750  3.00   -1.911   -0.605    0.199    0.715   -0.694   -0.697   -0.703
 217     4750  3.50   -1.882   -0.613    0.195    0.713   -0.738   -0.741   -0.748
 218     4750  4.00   -1.869   -0.624    0.194    0.714   -0.797   -0.801   -0.809
 219     4750  4.50   -1.873   -0.640    0.195    0.716   -0.871   -0.876   -0.886
 220     4750  5.00   -1.893   -0.660    0.198    0.722   -0.958   -0.964   -0.976
 221     5000  0.00   -1.954   -0.475    0.305    0.768   -0.495   -0.497   -0.503
 222     5000  0.50   -1.869   -0.466    0.296    0.756   -0.490   -0.491   -0.497
 223     5000  1.00   -1.797   -0.461    0.287    0.747   -0.488   -0.490   -0.496
 224     5000  1.50   -1.737   -0.461    0.278    0.740   -0.490   -0.492   -0.498
 225     5000  2.00   -1.687   -0.463    0.270    0.734   -0.495   -0.497   -0.503
 226     5000  2.50   -1.646   -0.465    0.263    0.729   -0.503   -0.505   -0.511
 227     5000  3.00   -1.614   -0.468    0.257    0.725   -0.517   -0.519   -0.525
 228     5000  3.50   -1.593   -0.472    0.253    0.721   -0.539   -0.541   -0.547
 229     5000  4.00   -1.583   -0.477    0.251    0.720   -0.572   -0.575   -0.581
 230     5000  4.50   -1.586   -0.485    0.252    0.722   -0.620   -0.623   -0.629
 231     5000  5.00   -1.599   -0.497    0.255    0.725   -0.683   -0.687   -0.693
 232     5250  0.00   -1.604   -0.346    0.342    0.761   -0.355   -0.356   -0.360
 233     5250  0.50   -1.541   -0.345    0.331    0.750   -0.358   -0.359   -0.363
 234     5250  1.00   -1.484   -0.346    0.322    0.741   -0.362   -0.363   -0.368
 235     5250  1.50   -1.435   -0.350    0.313    0.734   -0.368   -0.369   -0.374
 236     5250  2.00   -1.395   -0.354    0.305    0.728   -0.375   -0.376   -0.381
 237     5250  2.50   -1.364   -0.359    0.298    0.723   -0.383   -0.385   -0.390
 238     5250  3.00   -1.342   -0.363    0.292    0.718   -0.393   -0.394   -0.400
 239     5250  3.50   -1.328   -0.366    0.288    0.715   -0.406   -0.407   -0.413
 240     5250  4.00   -1.325   -0.369    0.287    0.714   -0.424   -0.425   -0.431
 241     5250  4.50   -1.331   -0.373    0.288    0.715   -0.450   -0.452   -0.457
 242     5250  5.00   -1.344   -0.378    0.291    0.718   -0.488   -0.491   -0.495
 243     5500  0.00   -1.285   -0.233    0.361    0.735   -0.238   -0.239   -0.242
 244     5500  0.50   -1.246   -0.241    0.351    0.727   -0.248   -0.248   -0.252
 245     5500  1.00   -1.206   -0.249    0.341    0.720   -0.257   -0.258   -0.261
 246     5500  1.50   -1.171   -0.256    0.332    0.714   -0.267   -0.268   -0.271
 247     5500  2.00   -1.141   -0.265    0.324    0.708   -0.277   -0.278   -0.282
 248     5500  2.50   -1.118   -0.273    0.316    0.703   -0.287   -0.288   -0.293
 249     5500  3.00   -1.101   -0.279    0.310    0.699   -0.298   -0.299   -0.303
 250     5500  3.50   -1.093   -0.285    0.306    0.696   -0.309   -0.310   -0.315
 251     5500  4.00   -1.093   -0.288    0.305    0.695   -0.321   -0.323   -0.328
 252     5500  4.50   -1.101   -0.291    0.306    0.696   -0.337   -0.339   -0.343
 253     5500  5.00   -1.117   -0.293    0.309    0.699   -0.359   -0.361   -0.365
 254     5750  0.00   -1.008   -0.138    0.367    0.695   -0.143   -0.143   -0.146
 255     5750  0.50   -0.990   -0.153    0.358    0.691   -0.157   -0.158   -0.161
 256     5750  1.00   -0.967   -0.166    0.349    0.687   -0.171   -0.172   -0.174
 257     5750  1.50   -0.944   -0.178    0.340    0.682   -0.184   -0.185   -0.188
 258     5750  2.00   -0.924   -0.190    0.331    0.678   -0.197   -0.198   -0.201
 259     5750  2.50   -0.909   -0.202    0.324    0.673   -0.210   -0.211   -0.215
 260     5750  3.00   -0.898   -0.212    0.317    0.670   -0.223   -0.224   -0.228
 261     5750  3.50   -0.893   -0.220    0.312    0.667   -0.235   -0.236   -0.240
 262     5750  4.00   -0.894   -0.226    0.310    0.666   -0.247   -0.248   -0.252
 263     5750  4.50   -0.902   -0.230    0.310    0.667   -0.259   -0.261   -0.265
 264     5750  5.00   -0.917   -0.231    0.313    0.670   -0.273   -0.275   -0.279
 265     6000  0.00   -0.766   -0.062    0.358    0.644   -0.068   -0.069   -0.071
 266     6000  0.50   -0.774   -0.079    0.354    0.646   -0.084   -0.085   -0.087
 267     6000  1.00   -0.766   -0.096    0.347    0.644   -0.100   -0.101   -0.103
 268     6000  1.50   -0.754   -0.112    0.340    0.642   -0.116   -0.117   -0.120
 269     6000  2.00   -0.744   -0.128    0.331    0.639   -0.132   -0.133   -0.136
 270     6000  2.50   -0.735   -0.143    0.323    0.637   -0.148   -0.148   -0.152
 271     6000  3.00   -0.730   -0.157    0.316    0.634   -0.163   -0.164   -0.167
 272     6000  3.50   -0.728   -0.168    0.310    0.632   -0.177   -0.178   -0.182
 273     6000  4.00   -0.730   -0.177    0.306    0.630   -0.190   -0.191   -0.195
 274     6000  4.50   -0.737   -0.184    0.305    0.631   -0.203   -0.204   -0.208
 275     6000  5.00   -0.749   -0.187    0.308    0.634   -0.214   -0.216   -0.219
 276     6250  0.50   -0.582   -0.020    0.339    0.591   -0.027   -0.028   -0.029
 277     6250  1.00   -0.597   -0.037    0.338    0.595   -0.042   -0.043   -0.044
 278     6250  1.50   -0.597   -0.056    0.332    0.596   -0.060   -0.060   -0.062
 279     6250  2.00   -0.595   -0.075    0.325    0.596   -0.078   -0.078   -0.081
 280     6250  2.50   -0.593   -0.093    0.317    0.594   -0.096   -0.097   -0.099
 281     6250  3.00   -0.593   -0.111    0.309    0.593   -0.114   -0.115   -0.117
 282     6250  3.50   -0.594   -0.126    0.302    0.591   -0.131   -0.132   -0.135
 283     6250  4.00   -0.597   -0.139    0.297    0.590   -0.147   -0.148   -0.151
 284     6250  4.50   -0.602   -0.149    0.294    0.590   -0.161   -0.162   -0.165
 285     6250  5.00   -0.612   -0.154    0.295    0.593   -0.173   -0.174   -0.177
 286     6500  0.50   -0.416    0.027    0.315    0.531    0.017    0.017    0.016
 287     6500  1.00   -0.443    0.010    0.318    0.539    0.003    0.002    0.001
 288     6500  1.50   -0.463   -0.008    0.318    0.545   -0.013   -0.013   -0.015
 289     6500  2.00   -0.472   -0.029    0.314    0.547   -0.032   -0.032   -0.034
 290     6500  2.50   -0.477   -0.050    0.306    0.548   -0.052   -0.052   -0.055
 291     6500  3.00   -0.482   -0.071    0.298    0.548   -0.072   -0.073   -0.075
 292     6500  3.50   -0.486   -0.090    0.290    0.546   -0.093   -0.093   -0.096
 293     6500  4.00   -0.490   -0.108    0.283    0.545   -0.112   -0.112   -0.115
 294     6500  4.50   -0.496   -0.121    0.278    0.546   -0.128   -0.129   -0.132
 295     6500  5.00   -0.502   -0.131    0.276    0.547   -0.142   -0.143   -0.147
 296     6750  0.50   -0.284    0.063    0.290    0.472    0.051    0.051    0.050
 297     6750  1.00   -0.308    0.047    0.291    0.478    0.037    0.037    0.036
 298     6750  1.50   -0.339    0.030    0.295    0.487    0.023    0.023    0.022
 299     6750  2.00   -0.365    0.010    0.296    0.495    0.006    0.006    0.005
 300     6750  2.50   -0.381   -0.013    0.291    0.498   -0.014   -0.015   -0.016
 301     6750  3.00   -0.392   -0.036    0.284    0.499   -0.037   -0.037   -0.039
 302     6750  3.50   -0.401   -0.059    0.275    0.499   -0.060   -0.060   -0.063
 303     6750  4.00   -0.408   -0.081    0.266    0.498   -0.082   -0.083   -0.085
 304     6750  4.50   -0.413   -0.099    0.258    0.498   -0.102   -0.103   -0.106
 305     6750  5.00   -0.418   -0.114    0.254    0.499   -0.120   -0.121   -0.124
 306     7000  0.50   -0.178    0.086    0.263    0.414    0.074    0.074    0.074
 307     7000  1.00   -0.202    0.074    0.264    0.419    0.063    0.062    0.062
 308     7000  1.50   -0.230    0.059    0.266    0.426    0.050    0.050    0.049
 309     7000  2.00   -0.267    0.040    0.271    0.436    0.035    0.035    0.034
 310     7000  2.50   -0.297    0.019    0.271    0.444    0.017    0.016    0.015
 311     7000  3.00   -0.316   -0.006    0.266    0.448   -0.006   -0.007   -0.008
 312     7000  3.50   -0.331   -0.032    0.257    0.449   -0.031   -0.032   -0.034
 313     7000  4.00   -0.343   -0.058    0.247    0.449   -0.056   -0.057   -0.059
 314     7000  4.50   -0.350   -0.081    0.237    0.449   -0.080   -0.081   -0.083
 315     7000  5.00   -0.355   -0.100    0.230    0.449   -0.102   -0.103   -0.105
 316     7250  0.50   -0.104    0.098    0.238    0.361    0.086    0.086    0.087
 317     7250  1.00   -0.115    0.091    0.235    0.361    0.078    0.078    0.079
 318     7250  1.50   -0.145    0.079    0.237    0.367    0.069    0.069    0.069
 319     7250  2.00   -0.177    0.063    0.239    0.374    0.056    0.056    0.055
 320     7250  2.50   -0.218    0.042    0.244    0.385    0.039    0.039    0.038
 321     7250  3.00   -0.251    0.018    0.243    0.393    0.018    0.018    0.017
 322     7250  3.50   -0.273   -0.009    0.236    0.397   -0.007   -0.007   -0.009
 323     7250  4.00   -0.290   -0.037    0.225    0.398   -0.034   -0.034   -0.036
 324     7250  4.50   -0.302   -0.064    0.214    0.398   -0.061   -0.062   -0.064
 325     7250  5.00   -0.308   -0.088    0.205    0.399   -0.087   -0.087   -0.090
 326     7500  0.50   -0.081    0.088    0.221    0.324    0.080    0.080    0.080
 327     7500  1.00   -0.050    0.095    0.204    0.306    0.082    0.082    0.083
 328     7500  1.50   -0.075    0.088    0.206    0.309    0.077    0.077    0.078
 329     7500  2.00   -0.109    0.076    0.209    0.315    0.068    0.068    0.068
 330     7500  2.50   -0.146    0.059    0.210    0.323    0.054    0.054    0.054
 331     7500  3.00   -0.189    0.036    0.214    0.334    0.036    0.036    0.035
 332     7500  3.50   -0.223    0.009    0.211    0.341    0.012    0.012    0.011
 333     7500  4.00   -0.246   -0.020    0.202    0.345   -0.016   -0.016   -0.018
 334     7500  4.50   -0.263   -0.050    0.190    0.346   -0.045   -0.045   -0.047
 335     7500  5.00   -0.273   -0.078    0.179    0.347   -0.074   -0.074   -0.076
 336     7750  1.00   -0.012    0.086    0.173    0.255    0.073    0.074    0.074
 337     7750  1.50   -0.023    0.086    0.172    0.253    0.074    0.074    0.074
 338     7750  2.00   -0.056    0.078    0.175    0.258    0.069    0.069    0.069
 339     7750  2.50   -0.093    0.065    0.177    0.264    0.059    0.059    0.059
 340     7750  3.00   -0.133    0.046    0.178    0.272    0.044    0.044    0.044
 341     7750  3.50   -0.176    0.022    0.180    0.282    0.024    0.024    0.023
 342     7750  4.00   -0.209   -0.008    0.175    0.290   -0.002   -0.002   -0.003
 343     7750  4.50   -0.232   -0.039    0.165    0.293   -0.032   -0.032   -0.034
 344     7750  5.00   -0.246   -0.070    0.152    0.295   -0.063   -0.063   -0.065
 345     8000  1.00   -0.004    0.057    0.140    0.210    0.046    0.046    0.046
 346     8000  1.50    0.012    0.072    0.134    0.198    0.059    0.059    0.060
 347     8000  2.00   -0.014    0.070    0.137    0.200    0.059    0.059    0.060
 348     8000  2.50   -0.051    0.061    0.141    0.206    0.054    0.054    0.054
 349     8000  3.00   -0.092    0.046    0.143    0.212    0.043    0.043    0.043
 350     8000  3.50   -0.134    0.025    0.143    0.221    0.027    0.027    0.027
 351     8000  4.00   -0.176   -0.001    0.143    0.231    0.005    0.005    0.004
 352     8000  4.50   -0.205   -0.032    0.136    0.238   -0.023   -0.024   -0.025
 353     8000  5.00   -0.226   -0.065    0.124    0.241   -0.055   -0.055   -0.057
 354     8250  1.00   -0.023    0.002    0.099    0.164   -0.008   -0.008   -0.009
 355     8250  1.50    0.026    0.045    0.093    0.144    0.032    0.032    0.032
 356     8250  2.00    0.013    0.050    0.095    0.142    0.039    0.039    0.039
 357     8250  2.50   -0.021    0.046    0.100    0.146    0.038    0.038    0.038
 358     8250  3.00   -0.061    0.036    0.103    0.153    0.032    0.032    0.032
 359     8250  3.50   -0.103    0.020    0.104    0.160    0.021    0.021    0.021
 360     8250  4.00   -0.145   -0.002    0.104    0.169    0.003    0.003    0.003
 361     8250  4.50   -0.183   -0.030    0.103    0.180   -0.020   -0.020   -0.021
 362     8250  5.00   -0.209   -0.062    0.093    0.186   -0.051   -0.051   -0.052
 363     8500  1.50    0.021    0.006    0.049    0.091   -0.008   -0.008   -0.008
 364     8500  2.00    0.023    0.020    0.050    0.084    0.008    0.008    0.008
 365     8500  2.50   -0.003    0.021    0.054    0.086    0.012    0.012    0.012
 366     8500  3.00   -0.040    0.016    0.059    0.092    0.011    0.011    0.011
 367     8500  3.50   -0.081    0.005    0.062    0.099    0.004    0.004    0.004
 368     8500  4.00   -0.123   -0.013    0.062    0.107   -0.008   -0.008   -0.008
 369     8500  4.50   -0.165   -0.036    0.062    0.118   -0.026   -0.026   -0.027
 370     8500  5.00   -0.196   -0.065    0.059    0.128   -0.051   -0.052   -0.053
 371     8750  1.50    0.006   -0.042    0.001    0.037   -0.056   -0.056   -0.057
 372     8750  2.00    0.020   -0.019    0.001    0.027   -0.032   -0.032   -0.032
 373     8750  2.50    0.002   -0.013    0.005    0.025   -0.024   -0.024   -0.024
 374     8750  3.00   -0.030   -0.014    0.010    0.029   -0.021   -0.021   -0.021
 375     8750  3.50   -0.069   -0.020    0.015    0.036   -0.022   -0.022   -0.022
 376     8750  4.00   -0.111   -0.032    0.017    0.045   -0.029   -0.029   -0.029
 377     8750  4.50   -0.152   -0.051    0.017    0.054   -0.042   -0.042   -0.042
 378     8750  5.00   -0.188   -0.074    0.018    0.067   -0.060   -0.060   -0.061
 379     9000  1.50   -0.015   -0.095   -0.050   -0.019   -0.109   -0.109   -0.110
 380     9000  2.00    0.006   -0.062   -0.048   -0.031   -0.077   -0.077   -0.077
 381     9000  2.50   -0.005   -0.053   -0.046   -0.035   -0.066   -0.065   -0.065
 382     9000  3.00   -0.033   -0.052   -0.042   -0.034   -0.060   -0.060   -0.060
 383     9000  3.50   -0.068   -0.055   -0.037   -0.027   -0.058   -0.058   -0.058
 384     9000  4.00   -0.107   -0.062   -0.032   -0.019   -0.060   -0.060   -0.060
 385     9000  4.50   -0.147   -0.075   -0.030   -0.009   -0.067   -0.067   -0.067
 386     9000  5.00   -0.184   -0.094   -0.030    0.002   -0.080   -0.080   -0.081
 387     9250  2.00   -0.012   -0.109   -0.098   -0.088   -0.125   -0.125   -0.125
 388     9250  2.50   -0.019   -0.097   -0.098   -0.095   -0.111   -0.111   -0.110
 389     9250  3.00   -0.043   -0.094   -0.096   -0.096   -0.104   -0.104   -0.104
 390     9250  3.50   -0.076   -0.095   -0.091   -0.092   -0.101   -0.101   -0.101
 391     9250  4.00   -0.113   -0.100   -0.086   -0.084   -0.099   -0.099   -0.099
 392     9250  4.50   -0.151   -0.108   -0.082   -0.074   -0.102   -0.102   -0.102
 393     9250  5.00   -0.188   -0.122   -0.080   -0.063   -0.109   -0.109   -0.109
 394     9500  2.00   -0.033   -0.157   -0.149   -0.144   -0.174   -0.174   -0.174
 395     9500  2.50   -0.038   -0.143   -0.150   -0.153   -0.158   -0.158   -0.158
 396     9500  3.00   -0.059   -0.139   -0.150   -0.157   -0.151   -0.151   -0.151
 397     9500  3.50   -0.090   -0.139   -0.147   -0.156   -0.147   -0.147   -0.146
 398     9500  4.00   -0.125   -0.142   -0.142   -0.150   -0.144   -0.144   -0.144
 399     9500  4.50   -0.162   -0.148   -0.137   -0.140   -0.143   -0.143   -0.143
 400     9500  5.00   -0.199   -0.157   -0.133   -0.128   -0.145   -0.145   -0.146
 401     9750  2.00   -0.056   -0.206   -0.200   -0.200   -0.223   -0.223   -0.223
 402     9750  2.50   -0.060   -0.190   -0.202   -0.211   -0.206   -0.206   -0.206
 403     9750  3.00   -0.079   -0.185   -0.203   -0.217   -0.199   -0.199   -0.198
 404     9750  3.50   -0.108   -0.186   -0.202   -0.218   -0.194   -0.194   -0.194
 405     9750  4.00   -0.143   -0.188   -0.198   -0.214   -0.191   -0.191   -0.191
 406     9750  4.50   -0.179   -0.192   -0.193   -0.206   -0.189   -0.189   -0.189
 407     9750  5.00   -0.214   -0.198   -0.189   -0.195   -0.188   -0.188   -0.188
 408    10000  2.00   -0.080   -0.255   -0.251   -0.256   -0.273   -0.273   -0.273
 409    10000  2.50   -0.083   -0.238   -0.253   -0.267   -0.255   -0.255   -0.255
 410    10000  3.00   -0.102   -0.233   -0.255   -0.276   -0.247   -0.247   -0.247
 411    10000  3.50   -0.130   -0.233   -0.256   -0.279   -0.243   -0.243   -0.243
 412    10000  4.00   -0.163   -0.235   -0.254   -0.278   -0.240   -0.240   -0.240
 413    10000  4.50   -0.199   -0.238   -0.250   -0.271   -0.237   -0.237   -0.237
 414    10000  5.00   -0.234   -0.243   -0.246   -0.261   -0.234   -0.234   -0.234
 415    10250  2.00   -0.104   -0.304   -0.303   -0.312   -0.322   -0.322   -0.322
 416    10250  2.50   -0.108   -0.285   -0.304   -0.323   -0.304   -0.303   -0.303
 417    10250  3.00   -0.126   -0.280   -0.308   -0.333   -0.296   -0.296   -0.296
 418    10250  3.50   -0.153   -0.280   -0.310   -0.339   -0.292   -0.292   -0.292
 419    10250  4.00   -0.185   -0.282   -0.310   -0.339   -0.289   -0.289   -0.289
 420    10250  4.50   -0.220   -0.286   -0.307   -0.335   -0.286   -0.286   -0.286
 421    10250  5.00   -0.256   -0.289   -0.303   -0.326   -0.283   -0.283   -0.283
 422    10500  2.00   -0.130   -0.352   -0.354   -0.367   -0.372   -0.372   -0.372
 423    10500  2.50   -0.133   -0.333   -0.355   -0.379   -0.352   -0.352   -0.352
 424    10500  3.00   -0.151   -0.328   -0.359   -0.390   -0.345   -0.345   -0.344
 425    10500  3.50   -0.178   -0.328   -0.363   -0.397   -0.341   -0.341   -0.341
 426    10500  4.00   -0.209   -0.331   -0.364   -0.399   -0.339   -0.339   -0.339
 427    10500  4.50   -0.244   -0.334   -0.363   -0.397   -0.336   -0.336   -0.336
 428    10500  5.00   -0.279   -0.337   -0.359   -0.389   -0.333   -0.332   -0.332
 429    10750  2.00   -0.157   -0.401   -0.406   -0.423   -0.421   -0.421   -0.421
 430    10750  2.50   -0.160   -0.381   -0.406   -0.434   -0.401   -0.401   -0.400
 431    10750  3.00   -0.178   -0.376   -0.410   -0.445   -0.393   -0.393   -0.393
 432    10750  3.50   -0.204   -0.376   -0.415   -0.454   -0.390   -0.390   -0.390
 433    10750  4.00   -0.235   -0.379   -0.418   -0.458   -0.389   -0.389   -0.388
 434    10750  4.50   -0.269   -0.382   -0.418   -0.458   -0.386   -0.386   -0.386
 435    10750  5.00   -0.304   -0.385   -0.415   -0.452   -0.383   -0.383   -0.383
 436    11000  2.00   -0.184   -0.450   -0.458   -0.479   -0.470   -0.470   -0.470
 437    11000  2.50   -0.187   -0.429   -0.456   -0.489   -0.449   -0.449   -0.449
 438    11000  3.00   -0.205   -0.423   -0.461   -0.500   -0.442   -0.441   -0.441
 439    11000  3.50   -0.231   -0.424   -0.467   -0.510   -0.439   -0.439   -0.439
 440    11000  4.00   -0.262   -0.427   -0.471   -0.516   -0.438   -0.438   -0.438
 441    11000  4.50   -0.295   -0.431   -0.472   -0.517   -0.436   -0.436   -0.436
 442    11000  5.00   -0.330   -0.434   -0.471   -0.513   -0.433   -0.433   -0.433
 443    11250  2.00   -0.213   -0.499   -0.509   -0.534   -0.519   -0.519   -0.519
 444    11250  2.50   -0.215   -0.477   -0.507   -0.543   -0.497   -0.497   -0.497
 445    11250  3.00   -0.233   -0.471   -0.512   -0.555   -0.490   -0.490   -0.489
 446    11250  3.50   -0.258   -0.472   -0.518   -0.565   -0.488   -0.487   -0.487
 447    11250  4.00   -0.289   -0.475   -0.523   -0.572   -0.487   -0.487   -0.486
 448    11250  4.50   -0.322   -0.479   -0.525   -0.574   -0.486   -0.486   -0.485
 449    11250  5.00   -0.356   -0.483   -0.525   -0.572   -0.483   -0.483   -0.483
 450    11500  2.00   -0.243   -0.548   -0.561   -0.590   -0.568   -0.568   -0.568
 451    11500  2.50   -0.244   -0.525   -0.558   -0.597   -0.545   -0.545   -0.545
 452    11500  3.00   -0.261   -0.518   -0.562   -0.609   -0.538   -0.538   -0.537
 453    11500  3.50   -0.287   -0.519   -0.568   -0.619   -0.536   -0.536   -0.535
 454    11500  4.00   -0.317   -0.522   -0.574   -0.627   -0.535   -0.535   -0.535
 455    11500  4.50   -0.349   -0.527   -0.578   -0.631   -0.535   -0.535   -0.535
 456    11500  5.00   -0.383   -0.531   -0.579   -0.630   -0.533   -0.533   -0.533
 457    11750  2.00   -0.274   -0.596   -0.613   -0.645   -0.617   -0.617   -0.617
 458    11750  2.50   -0.274   -0.572   -0.608   -0.652   -0.593   -0.593   -0.593
 459    11750  3.00   -0.290   -0.565   -0.612   -0.662   -0.585   -0.585   -0.585
 460    11750  3.50   -0.315   -0.566   -0.618   -0.673   -0.583   -0.583   -0.583
 461    11750  4.00   -0.345   -0.570   -0.624   -0.681   -0.583   -0.583   -0.583
 462    11750  4.50   -0.377   -0.574   -0.629   -0.686   -0.584   -0.583   -0.583
 463    11750  5.00   -0.410   -0.579   -0.631   -0.687   -0.582   -0.582   -0.582
 464    12000  2.50   -0.304   -0.620   -0.659   -0.705   -0.641   -0.641   -0.641
 465    12000  3.00   -0.320   -0.613   -0.662   -0.715   -0.633   -0.633   -0.632
 466    12000  3.50   -0.344   -0.613   -0.668   -0.726   -0.631   -0.631   -0.630
 467    12000  4.00   -0.374   -0.617   -0.674   -0.734   -0.631   -0.631   -0.631
 468    12000  4.50   -0.405   -0.621   -0.680   -0.740   -0.632   -0.632   -0.631
 469    12000  5.00   -0.438   -0.626   -0.683   -0.742   -0.631   -0.631   -0.630
 470    12250  2.50   -0.335   -0.666   -0.709   -0.759   -0.688   -0.688   -0.688
 471    12250  3.00   -0.350   -0.659   -0.712   -0.768   -0.680   -0.680   -0.680
 472    12250  3.50   -0.374   -0.660   -0.718   -0.778   -0.678   -0.678   -0.678
 473    12250  4.00   -0.403   -0.663   -0.724   -0.787   -0.679   -0.678   -0.678
 474    12250  4.50   -0.434   -0.668   -0.729   -0.794   -0.679   -0.679   -0.679
 475    12250  5.00   -0.466   -0.673   -0.733   -0.796   -0.679   -0.679   -0.678
 476    12500  2.50   -0.366   -0.713   -0.759   -0.812   -0.735   -0.735   -0.735
 477    12500  3.00   -0.381   -0.706   -0.761   -0.821   -0.727   -0.727   -0.727
 478    12500  3.50   -0.405   -0.706   -0.767   -0.831   -0.725   -0.725   -0.725
 479    12500  4.00   -0.432   -0.710   -0.773   -0.839   -0.726   -0.725   -0.725
 480    12500  4.50   -0.463   -0.714   -0.779   -0.846   -0.726   -0.726   -0.726
 481    12500  5.00   -0.495   -0.720   -0.783   -0.850   -0.726   -0.726   -0.726
 482    12750  2.50   -0.398   -0.759   -0.808   -0.865   -0.782   -0.781   -0.781
 483    12750  3.00   -0.413   -0.752   -0.811   -0.873   -0.774   -0.774   -0.773
 484    12750  3.50   -0.435   -0.752   -0.816   -0.883   -0.772   -0.772   -0.771
 485    12750  4.00   -0.463   -0.756   -0.822   -0.891   -0.772   -0.772   -0.772
 486    12750  4.50   -0.493   -0.760   -0.828   -0.898   -0.773   -0.773   -0.773
 487    12750  5.00   -0.524   -0.766   -0.833   -0.902   -0.773   -0.773   -0.773
 488    13000  2.50   -0.429   -0.805   -0.857   -0.916   -0.827   -0.827   -0.827
 489    13000  3.00   -0.444   -0.798   -0.859   -0.925   -0.820   -0.820   -0.819
 490    13000  3.50   -0.466   -0.798   -0.864   -0.934   -0.818   -0.818   -0.817
 491    13000  4.00   -0.493   -0.801   -0.870   -0.943   -0.818   -0.818   -0.818
 492    13000  4.50   -0.522   -0.806   -0.876   -0.949   -0.819   -0.819   -0.819
 493    13000  5.00   -0.553   -0.811   -0.881   -0.954   -0.820   -0.820   -0.819
 494    14000  2.00   -0.550   -1.007   -1.048   -1.109   -1.028   -1.028   -1.028
 495    14000  2.50   -0.554   -0.981   -1.045   -1.117   -1.004   -1.004   -1.004
 496    14000  3.00   -0.571   -0.976   -1.049   -1.127   -0.999   -0.999   -0.998
 497    14000  3.50   -0.592   -0.977   -1.054   -1.135   -0.998   -0.998   -0.997
 498    14000  4.00   -0.617   -0.980   -1.060   -1.143   -0.999   -0.999   -0.998
 499    14000  4.50   -0.644   -0.985   -1.065   -1.149   -1.000   -1.000   -1.000
 500    14000  5.00   -0.672   -0.990   -1.071   -1.154   -1.001   -1.001   -1.000
 501    15000  2.50   -0.673   -1.146   -1.221   -1.304   -1.170   -1.170   -1.169
 502    15000  3.00   -0.694   -1.145   -1.229   -1.317   -1.168   -1.168   -1.167
 503    15000  3.50   -0.717   -1.147   -1.236   -1.327   -1.169   -1.169   -1.168
 504    15000  4.00   -0.742   -1.151   -1.242   -1.335   -1.172   -1.171   -1.171
 505    15000  4.50   -0.767   -1.157   -1.247   -1.341   -1.174   -1.173   -1.173
 506    15000  5.00   -0.793   -1.161   -1.252   -1.345   -1.174   -1.174   -1.174
 507    16000  2.50   -0.784   -1.300   -1.385   -1.479   -1.324   -1.324   -1.323
 508    16000  3.00   -0.812   -1.303   -1.398   -1.496   -1.327   -1.327   -1.326
 509    16000  3.50   -0.838   -1.308   -1.407   -1.508   -1.331   -1.331   -1.330
 510    16000  4.00   -0.863   -1.314   -1.414   -1.516   -1.335   -1.335   -1.334
 511    16000  4.50   -0.889   -1.320   -1.421   -1.523   -1.339   -1.338   -1.338
 512    16000  5.00   -0.913   -1.325   -1.425   -1.527   -1.340   -1.340   -1.339
 513    17000  2.50   -0.886   -1.442   -1.536   -1.639   -1.467   -1.467   -1.466
 514    17000  3.00   -0.922   -1.450   -1.555   -1.663   -1.475   -1.475   -1.474
 515    17000  3.50   -0.952   -1.459   -1.568   -1.678   -1.483   -1.483   -1.482
 516    17000  4.00   -0.979   -1.467   -1.577   -1.688   -1.489   -1.489   -1.488
 517    17000  4.50   -1.006   -1.475   -1.585   -1.696   -1.494   -1.494   -1.493
 518    17000  5.00   -1.031   -1.481   -1.590   -1.700   -1.497   -1.497   -1.496
 519    18000  2.50   -0.980   -1.574   -1.674   -1.786   -1.599   -1.599   -1.598
 520    18000  3.00   -1.024   -1.587   -1.701   -1.818   -1.613   -1.613   -1.612
 521    18000  3.50   -1.060   -1.601   -1.719   -1.837   -1.626   -1.625   -1.624
 522    18000  4.00   -1.089   -1.610   -1.730   -1.849   -1.633   -1.633   -1.632
 523    18000  4.50   -1.118   -1.621   -1.740   -1.858   -1.641   -1.641   -1.640
 524    18000  5.00   -1.144   -1.629   -1.747   -1.864   -1.646   -1.646   -1.645
 525    19000  2.50   -1.067   -1.697   -1.801   -1.919   -1.722   -1.722   -1.722
 526    19000  3.00   -1.119   -1.714   -1.836   -1.961   -1.740   -1.740   -1.739
 527    19000  3.50   -1.161   -1.733   -1.860   -1.987   -1.759   -1.759   -1.757
 528    19000  4.00   -1.193   -1.745   -1.874   -2.001   -1.769   -1.769   -1.768
 529    19000  4.50   -1.223   -1.757   -1.885   -2.011   -1.779   -1.779   -1.778
 530    19000  5.00   -1.251   -1.768   -1.894   -2.019   -1.787   -1.786   -1.785
 531    20000  3.00   -1.206   -1.831   -1.960   -2.093   -1.858   -1.858   -1.857
 532    20000  3.50   -1.256   -1.856   -1.991   -2.126   -1.883   -1.883   -1.881
 533    20000  4.00   -1.291   -1.872   -2.009   -2.143   -1.897   -1.897   -1.896
 534    20000  4.50   -1.321   -1.885   -2.021   -2.155   -1.908   -1.908   -1.907
 535    20000  5.00   -1.352   -1.899   -2.033   -2.165   -1.918   -1.918   -1.917
 536    21000  3.00   -1.287   -1.942   -2.075   -2.214   -1.969   -1.969   -1.968
 537    21000  3.50   -1.343   -1.971   -2.113   -2.255   -1.999   -1.998   -1.997
 538    21000  4.00   -1.383   -1.991   -2.135   -2.277   -2.017   -2.017   -2.016
 539    21000  4.50   -1.415   -2.006   -2.150   -2.291   -2.029   -2.029   -2.028
 540    21000  5.00   -1.447   -2.021   -2.163   -2.302   -2.042   -2.042   -2.040
 541    22000  3.00   -1.365   -2.046   -2.185   -2.328   -2.074   -2.074   -2.073
 542    22000  3.50   -1.425   -2.079   -2.227   -2.374   -2.107   -2.107   -2.105
 543    22000  4.00   -1.470   -2.104   -2.254   -2.402   -2.130   -2.130   -2.129
 544    22000  4.50   -1.502   -2.119   -2.270   -2.418   -2.144   -2.143   -2.142
 545    22000  5.00   -1.535   -2.136   -2.285   -2.431   -2.158   -2.157   -2.156
 546    23000  3.00   -1.441   -2.147   -2.290   -2.437   -2.175   -2.174   -2.173
 547    23000  3.50   -1.503   -2.181   -2.334   -2.486   -2.209   -2.209   -2.208
 548    23000  4.00   -1.552   -2.209   -2.365   -2.519   -2.236   -2.236   -2.235
 549    23000  4.50   -1.587   -2.227   -2.384   -2.538   -2.253   -2.252   -2.251
 550    23000  5.00   -1.619   -2.244   -2.400   -2.552   -2.267   -2.266   -2.265
 551    24000  3.00   -1.513   -2.242   -2.389   -2.541   -2.270   -2.269   -2.268
 552    24000  3.50   -1.578   -2.279   -2.436   -2.593   -2.307   -2.306   -2.305
 553    24000  4.00   -1.630   -2.309   -2.470   -2.629   -2.337   -2.337   -2.335
 554    24000  4.50   -1.667   -2.330   -2.492   -2.651   -2.356   -2.356   -2.354
 555    24000  5.00   -1.698   -2.347   -2.508   -2.665   -2.370   -2.370   -2.368
 556    25000  3.00   -1.579   -2.329   -2.480   -2.636   -2.356   -2.356   -2.355
 557    25000  3.50   -1.650   -2.371   -2.534   -2.696   -2.400   -2.399   -2.398
 558    25000  4.00   -1.704   -2.405   -2.570   -2.734   -2.432   -2.432   -2.431
 559    25000  4.50   -1.743   -2.428   -2.594   -2.758   -2.454   -2.454   -2.452
 560    25000  5.00   -1.774   -2.444   -2.611   -2.773   -2.468   -2.468   -2.467
 561    26000  3.00   -1.642   -2.411   -2.562   -2.721   -2.438   -2.438   -2.437
 562    26000  3.50   -1.717   -2.458   -2.626   -2.793   -2.487   -2.486   -2.485
 563    26000  4.00   -1.775   -2.495   -2.666   -2.834   -2.523   -2.523   -2.521
 564    26000  4.50   -1.817   -2.521   -2.692   -2.860   -2.547   -2.547   -2.545
 565    26000  5.00   -1.847   -2.538   -2.709   -2.876   -2.563   -2.562   -2.561
 566    27000  3.50   -1.778   -2.538   -2.711   -2.883   -2.566   -2.566   -2.564
 567    27000  4.00   -1.842   -2.580   -2.757   -2.929   -2.608   -2.608   -2.606
 568    27000  4.50   -1.886   -2.608   -2.785   -2.957   -2.636   -2.635   -2.634
 569    27000  5.00   -1.918   -2.628   -2.804   -2.975   -2.653   -2.652   -2.651
 570    28000  3.50   -1.834   -2.611   -2.789   -2.965   -2.640   -2.639   -2.638
 571    28000  4.00   -1.903   -2.659   -2.841   -3.019   -2.688   -2.687   -2.686
 572    28000  4.50   -1.951   -2.691   -2.873   -3.050   -2.718   -2.718   -2.717
 573    28000  5.00   -1.985   -2.712   -2.893   -3.069   -2.738   -2.737   -2.736
 574    29000  3.50   -1.889   -2.682   -2.862   -3.041   -2.711   -2.711   -2.709
 575    29000  4.00   -1.959   -2.732   -2.919   -3.101   -2.760   -2.760   -2.758
 576    29000  4.50   -2.011   -2.768   -2.955   -3.136   -2.795   -2.795   -2.793
 577    29000  5.00   -2.047   -2.791   -2.978   -3.158   -2.817   -2.817   -2.815
 578    30000  3.50   -1.949   -2.755   -2.934   -3.115   -2.784   -2.783   -2.782
 579    30000  4.00   -2.011   -2.800   -2.991   -3.177   -2.829   -2.829   -2.827
 580    30000  4.50   -2.066   -2.839   -3.031   -3.217   -2.867   -2.867   -2.865
 581    30000  5.00   -2.105   -2.865   -3.057   -3.241   -2.892   -2.891   -2.890
 582    31000  3.50   -2.016   -2.833   -3.011   -3.192   -2.862   -2.862   -2.860
 583    31000  4.00   -2.064   -2.867   -3.061   -3.250   -2.896   -2.896   -2.894
 584    31000  4.50   -2.118   -2.906   -3.103   -3.292   -2.934   -2.934   -2.932
 585    31000  5.00   -2.158   -2.934   -3.130   -3.319   -2.961   -2.961   -2.959
 586    32000  4.00   -2.119   -2.935   -3.130   -3.321   -2.964   -2.963   -2.962
 587    32000  4.50   -2.168   -2.971   -3.171   -3.364   -2.999   -2.999   -2.997
 588    32000  5.00   -2.209   -3.000   -3.200   -3.392   -3.027   -3.027   -3.025
 589    33000  4.00   -2.180   -3.006   -3.201   -3.394   -3.035   -3.035   -3.033
 590    33000  4.50   -2.221   -3.035   -3.238   -3.433   -3.064   -3.064   -3.062
 591    33000  5.00   -2.259   -3.063   -3.267   -3.461   -3.091   -3.090   -3.089
 592    34000  4.00   -2.247   -3.080   -3.275   -3.469   -3.109   -3.109   -3.107
 593    34000  4.50   -2.277   -3.102   -3.306   -3.503   -3.131   -3.131   -3.129
 594    34000  5.00   -2.310   -3.127   -3.333   -3.530   -3.155   -3.154   -3.152
 595    35000  4.00   -2.317   -3.158   -3.352   -3.547   -3.187   -3.187   -3.185
 596    35000  4.50   -2.337   -3.171   -3.376   -3.575   -3.200   -3.200   -3.198
 597    35000  5.00   -2.365   -3.192   -3.400   -3.599   -3.220   -3.220   -3.218
 598    36000  4.00   -2.391   -3.238   -3.432   -3.627   -3.268   -3.267   -3.265
 599    36000  4.50   -2.402   -3.243   -3.448   -3.647   -3.272   -3.272   -3.270
 600    36000  5.00   -2.424   -3.259   -3.468   -3.669   -3.287   -3.287   -3.285
 601    37000  4.00   -2.468   -3.319   -3.514   -3.709   -3.349   -3.349   -3.347
 602    37000  4.50   -2.470   -3.317   -3.522   -3.723   -3.347   -3.346   -3.344
 603    37000  5.00   -2.485   -3.328   -3.537   -3.739   -3.356   -3.356   -3.354
 604    38000  4.00   -2.544   -3.400   -3.596   -3.792   -3.431   -3.430   -3.429
 605    38000  4.50   -2.541   -3.394   -3.599   -3.800   -3.423   -3.423   -3.421
 606    38000  5.00   -2.551   -3.399   -3.609   -3.812   -3.428   -3.427   -3.425
 607    39000  4.00   -2.620   -3.480   -3.677   -3.874   -3.511   -3.511   -3.509
 608    39000  4.50   -2.614   -3.471   -3.677   -3.879   -3.501   -3.501   -3.499
 609    39000  5.00   -2.619   -3.472   -3.683   -3.887   -3.501   -3.501   -3.499
 610    40000  4.50   -2.686   -3.548   -3.755   -3.959   -3.578   -3.578   -3.576
 611    40000  5.00   -2.688   -3.547   -3.758   -3.963   -3.576   -3.576   -3.574
 612    41000  4.50   -2.759   -3.624   -3.832   -4.037   -3.655   -3.655   -3.652
 613    41000  5.00   -2.759   -3.622   -3.834   -4.040   -3.651   -3.651   -3.649
 614    42000  4.50   -2.830   -3.699   -3.908   -4.114   -3.730   -3.730   -3.727
 615    42000  5.00   -2.829   -3.696   -3.909   -4.116   -3.726   -3.725   -3.723
 616    43000  4.50   -2.899   -3.772   -3.982   -4.189   -3.803   -3.803   -3.801
 617    43000  5.00   -2.899   -3.769   -3.983   -4.192   -3.799   -3.799   -3.797
 618    44000  4.50   -2.967   -3.844   -4.054   -4.262   -3.875   -3.875   -3.873
 619    44000  5.00   -2.968   -3.841   -4.056   -4.266   -3.872   -3.871   -3.869
 620    45000  4.50   -3.034   -3.913   -4.125   -4.334   -3.945   -3.945   -3.943
 621    45000  5.00   -3.035   -3.912   -4.128   -4.338   -3.943   -3.942   -3.940
 622    46000  4.50   -3.100   -3.982   -4.194   -4.404   -4.014   -4.014   -4.012
 623    46000  5.00   -3.101   -3.981   -4.198   -4.409   -4.012   -4.011   -4.009
 624    47000  4.50   -3.164   -4.049   -4.262   -4.472   -4.082   -4.082   -4.079
 625    47000  5.00   -3.166   -4.048   -4.266   -4.478   -4.080   -4.079   -4.077
 626    48000  4.50   -3.227   -4.115   -4.329   -4.539   -4.148   -4.148   -4.146
 627    48000  5.00   -3.229   -4.115   -4.333   -4.546   -4.147   -4.146   -4.144
 628    49000  4.50   -3.289   -4.180   -4.394   -4.606   -4.213   -4.213   -4.211
 629    49000  5.00   -3.292   -4.180   -4.399   -4.613   -4.212   -4.212   -4.209
 630    50000  5.00   -3.353   -4.244   -4.464   -4.678   -4.276   -4.276   -4.274
 631    56101  5.00   -3.508   -4.413   -4.613   -4.805   -4.450   -4.449   -4.447
 632    62946  5.00   -3.838   -4.755   -4.963   -5.160   -4.793   -4.792   -4.790
 633    70627  5.00   -4.173   -5.101   -5.316   -5.517   -5.140   -5.139   -5.137
 634    79245  5.00   -4.514   -5.451   -5.671   -5.877   -5.490   -5.489   -5.487
 635    88914  5.00   -4.858   -5.804   -6.028   -6.238   -5.843   -5.842   -5.840
 636    99763  5.00   -5.206   -6.159   -6.388   -6.600   -6.198   -6.198   -6.196
 637   111936  5.00   -5.556   -6.516   -6.749   -6.965   -6.556   -6.556   -6.553
 638   125595  5.00   -5.910   -6.875   -7.111   -7.330   -6.916   -6.915   -6.913
 639   140920  5.00   -6.266   -7.236   -7.475   -7.696   -7.277   -7.277   -7.274
 640   158115  5.00   -6.624   -7.599   -7.841   -8.064   -7.640   -7.640   -7.637
 641   177407  5.00   -6.985   -7.963   -8.207   -8.432   -8.004   -8.004   -8.001
 642   199055  5.00   -7.346   -8.328   -8.574   -8.801   -8.370   -8.369   -8.367
 643   223343  5.00   -7.710   -8.694   -8.943   -9.170   -8.736   -8.736   -8.733
 644   250595  5.00   -8.074   -9.062   -9.311   -9.540   -9.104   -9.103   -9.101
 645   281172  5.00   -8.440   -9.430   -9.681   -9.911   -9.472   -9.472   -9.469
 646   315481  5.00   -8.807   -9.799  -10.051  -10.282   -9.841   -9.841   -9.838
 647   353975  5.00   -9.174  -10.168  -10.422  -10.654  -10.211  -10.210  -10.208
 648   397167  5.00   -9.543  -10.539  -10.793  -11.026  -10.581  -10.581  -10.578
 649   445629  5.00   -9.912  -10.909  -11.165  -11.398  -10.952  -10.951  -10.949
 650   500004  5.00  -10.282  -11.280  -11.537  -11.771  -11.323  -11.323  -11.320
 651   561014  5.00  -10.652  -11.652  -11.909  -12.144  -11.695  -11.694  -11.692
 652   629469  5.00  -11.023  -12.024  -12.282  -12.517  -12.067  -12.066  -12.064
 653   706276  5.00  -11.394  -12.396  -12.654  -12.890  -12.439  -12.439  -12.436
 654   792455  5.00  -11.766  -12.769  -13.028  -13.264  -12.812  -12.811  -12.809
 655   889149  5.00  -12.138  -13.142  -13.401  -13.637  -13.185  -13.184  -13.182
 656   997642  5.00  -12.511  -13.515  -13.774  -14.011  -13.558  -13.557  -13.555
 657  1119373  5.00  -12.884  -13.888  -14.148  -14.385  -13.931  -13.931  -13.928
 658  1255958  5.00  -13.256  -14.262  -14.522  -14.759  -14.305  -14.304  -14.301
 659  1409209  5.00  -13.630  -14.635  -14.896  -15.133  -14.678  -14.678  -14.675
 660  1581159  5.00  -14.003  -15.009  -15.270  -15.508  -15.052  -15.052  -15.049
 661  1774090  5.00  -14.377  -15.383  -15.644  -15.882  -15.426  -15.426  -15.423
 662  1990563  5.00  -14.750  -15.757  -16.018  -16.256  -15.800  -15.800  -15.797
 663  2233450  5.00  -15.124  -16.131  -16.393  -16.631  -16.174  -16.174  -16.171
 664  2505973  5.00  -15.498  -16.505  -16.767  -17.005  -16.549  -16.548  -16.545
 665  2811749  5.00  -15.872  -16.880  -17.141  -17.380  -16.923  -16.922  -16.920
 666  3154836  5.00  -16.246  -17.254  -17.516  -17.754  -17.297  -17.297  -17.294
 667  3539785  5.00  -16.621  -17.629  -17.891  -18.129  -17.672  -17.671  -17.669
 668  3971706  5.00  -16.995  -18.003  -18.265  -18.504  -18.046  -18.046  -18.043
 669  4456330  5.00  -17.370  -18.378  -18.640  -18.879  -18.421  -18.420  -18.418
# BCs for Fluks et al. 1994 M-giant spectra:
#  n     Teff  logg        C        M       T1       T2 DDO51_finf DDO51_f7.9 DDO51_f2.9
   0     3810  0.00   -3.657   -1.726   -0.418    0.426   -1.906   -1.911   -1.925
   1     3736  0.00   -3.893   -1.953   -0.607    0.402   -2.088   -2.092   -2.102
   2     3666  0.00   -4.155   -2.197   -0.827    0.363   -2.289   -2.292   -2.303
   3     3574  0.00   -4.456   -2.602   -1.160    0.241   -2.633   -2.636   -2.647
   4     3434  0.00   -5.025   -3.306   -1.762   -0.014   -3.256   -3.258   -3.267
   5     3309  0.00   -5.769   -4.357   -2.616   -0.401   -4.165   -4.166   -4.173
   6     3126  0.00   -6.951   -5.748   -3.848   -1.043   -5.616   -5.617   -5.632
   7     2890  0.00   -7.951   -7.154   -4.580   -1.589   -7.133   -7.135   -7.154
   8     2667  0.00   -8.753   -8.185   -5.024   -1.858   -8.236   -8.238   -8.260
   9     2500  0.00   -9.504   -8.936   -5.527   -1.997   -8.963   -8.965   -8.991
