# BCs for ATLAS9 + DUSTY99 + blackbody spectra:
#  n     Teff  logg        C        M       T1       T2        B        V        R        I
  88     2000  3.50  -10.293   -7.317   -4.814   -1.390   -8.988   -6.560   -4.012   -1.426
  89     2000  4.00  -11.058   -7.329   -4.701   -1.348   -9.225   -6.498   -3.943   -1.391
  90     2000  4.50  -11.525   -7.349   -4.613   -1.311   -9.359   -6.469   -3.889   -1.360
  91     2000  5.00  -11.924   -7.527   -4.638   -1.376   -9.601   -6.596   -3.943   -1.431
  92     2000  5.50  -12.266   -7.898   -4.797   -1.645  -10.021   -6.870   -4.152   -1.702
  93     2000  6.00  -11.925   -7.733   -4.604   -1.631   -9.819   -6.688   -4.043   -1.691
  94     2100  4.00   -9.895   -6.737   -4.454   -1.067   -8.418   -6.043   -3.667   -1.112
  95     2100  5.00  -10.872   -6.733   -4.223   -0.924   -8.661   -5.961   -3.500   -0.981
  96     2100  5.50  -11.628   -7.256   -4.464   -1.189   -9.267   -6.396   -3.768   -1.250
  97     2100  6.00  -11.787   -7.545   -4.541   -1.422   -9.570   -6.592   -3.931   -1.486
  98     2200  3.50   -8.021   -6.104   -4.220   -0.849   -7.300   -5.558   -3.415   -0.890
  99     2200  4.00   -8.774   -6.147   -4.161   -0.810   -7.619   -5.552   -3.373   -0.856
 100     2200  4.50   -9.563   -6.232   -4.136   -0.759   -7.915   -5.601   -3.344   -0.810
 101     2200  5.00  -10.207   -6.305   -4.053   -0.707   -8.132   -5.630   -3.287   -0.763
 102     2200  5.50  -10.828   -6.582   -4.115   -0.793   -8.484   -5.862   -3.380   -0.855
 103     2200  6.00  -11.046   -6.717   -4.078   -0.839   -8.621   -5.973   -3.416   -0.908
 104     2300  3.50   -7.194   -5.564   -3.850   -0.610   -6.618   -5.052   -3.087   -0.654
 105     2300  4.00   -7.865   -5.610   -3.817   -0.574   -6.928   -5.062   -3.058   -0.621
 106     2300  4.50   -8.675   -5.740   -3.858   -0.543   -7.284   -5.168   -3.071   -0.595
 107     2300  5.00   -9.482   -5.875   -3.837   -0.511   -7.601   -5.266   -3.053   -0.567
 108     2300  5.50  -10.117   -6.043   -3.842   -0.517   -7.860   -5.419   -3.077   -0.578
 109     2300  6.00  -10.402   -6.136   -3.769   -0.512   -7.973   -5.498   -3.069   -0.579
 110     2400  3.50   -6.530   -5.065   -3.441   -0.388   -6.035   -4.559   -2.745   -0.433
 111     2400  4.00   -7.094   -5.106   -3.434   -0.357   -6.305   -4.578   -2.729   -0.405
 112     2400  4.50   -7.826   -5.242   -3.519   -0.336   -6.655   -4.704   -2.771   -0.387
 113     2400  5.50   -9.333   -5.527   -3.550   -0.275   -7.256   -4.965   -2.776   -0.334
 114     2400  6.00   -9.880   -5.713   -3.545   -0.304   -7.496   -5.142   -2.818   -0.368
 115     2500  3.50   -6.055   -4.637   -3.042   -0.201   -5.582   -4.121   -2.423   -0.247
 116     2500  4.00   -6.485   -4.652   -3.037   -0.165   -5.779   -4.124   -2.405   -0.213
 117     2500  4.50   -7.119   -4.794   -3.166   -0.154   -6.104   -4.268   -2.476   -0.204
 118     2500  5.00   -7.848   -4.914   -3.206   -0.113   -6.417   -4.378   -2.481   -0.166
 119     2500  5.50   -8.635   -5.093   -3.260   -0.098   -6.745   -4.557   -2.509   -0.154
 120     2500  6.00   -9.252   -5.272   -3.280   -0.108   -6.997   -4.746   -2.548   -0.169
 121     2600  3.50   -5.672   -4.266   -2.685   -0.048   -5.201   -3.741   -2.139   -0.093
 122     2600  4.00   -6.003   -4.254   -2.670   -0.008   -5.338   -3.722   -2.113   -0.054
 123     2600  4.50   -6.530   -4.384   -2.812    0.005   -5.617   -3.860   -2.191   -0.044
 124     2600  5.00   -7.134   -4.475   -2.853    0.045   -5.881   -3.945   -2.198   -0.006
 125     2600  5.50   -7.891   -4.644   -2.928    0.066   -6.209   -4.119   -2.233    0.012
 126     2600  6.00   -8.596   -4.856   -2.997    0.053   -6.521   -4.347   -2.290   -0.004
 127     2700  3.50   -5.360   -3.961   -2.399    0.065   -4.887   -3.435   -1.914    0.020
 128     2700  4.00   -5.597   -3.904   -2.347    0.120   -4.957   -3.373   -1.858    0.075
 129     2700  4.50   -6.019   -4.006   -2.477    0.141   -5.179   -3.485   -1.928    0.094
 130     2700  5.00   -6.525   -4.077   -2.510    0.177   -5.403   -3.548   -1.933    0.128
 131     2700  5.50   -7.198   -4.223   -2.590    0.201   -5.705   -3.700   -1.970    0.151
 132     2700  6.00   -7.917   -4.429   -2.680    0.199   -6.027   -3.926   -2.028    0.146
 133     2800  5.00   -6.616   -3.765   -2.172    0.379   -5.218   -3.218   -1.621    0.333
 134     2800  5.50   -7.290   -3.964   -2.260    0.405   -5.551   -3.421   -1.659    0.358
 135     2900  5.00   -6.021   -3.370   -1.836    0.450   -4.747   -2.826   -1.388    0.407
 136     2900  5.50   -6.648   -3.552   -1.936    0.469   -5.063   -3.012   -1.441    0.425
 137     3000  5.00   -5.525   -3.040   -1.547    0.499   -4.353   -2.499   -1.182    0.459
 138     3000  5.50   -6.050   -3.173   -1.626    0.524   -4.608   -2.635   -1.225    0.484
 139     3100  5.00   -5.081   -2.739   -1.285    0.545   -3.993   -2.206   -0.987    0.508
 140     3100  5.50   -5.529   -2.849   -1.352    0.563   -4.214   -2.316   -1.027    0.527
 141     3200  5.00   -4.721   -2.495   -1.072    0.577   -3.698   -1.970   -0.824    0.542
 142     3200  5.50   -5.069   -2.565   -1.109    0.598   -3.864   -2.037   -0.843    0.564
 143     3300  5.00   -4.396   -2.273   -0.880    0.609   -3.430   -1.759   -0.673    0.577
 144     3300  5.50   -4.674   -2.322   -0.903    0.626   -3.562   -1.802   -0.683    0.594
 145     3400  5.00   -4.120   -2.083   -0.717    0.636   -3.199   -1.581   -0.542    0.606
 146     3400  5.50   -4.335   -2.115   -0.728    0.649   -3.301   -1.606   -0.545    0.620
 147     3500  5.00   -3.880   -1.915   -0.572    0.658   -2.995   -1.425   -0.425    0.631
 148     3500  5.50   -4.039   -1.934   -0.575    0.670   -3.071   -1.437   -0.421    0.643
 149     3600  5.00   -3.672   -1.768   -0.444    0.676   -2.815   -1.290   -0.320    0.650
 150     3600  5.50   -3.782   -1.781   -0.444    0.685   -2.872   -1.296   -0.316    0.660
 151     3700  5.00   -3.497   -1.644   -0.340    0.682   -2.665   -1.177   -0.235    0.658
 152     3700  5.50   -3.563   -1.643   -0.331    0.701   -2.695   -1.171   -0.222    0.677
 153     3800  5.00   -3.324   -1.516   -0.238    0.695   -2.512   -1.064   -0.151    0.672
 154     3800  5.50   -3.362   -1.520   -0.234    0.709   -2.536   -1.063   -0.143    0.687
 155     3500  0.00   -4.817   -2.377   -0.904    0.352   -3.656   -1.824   -0.765    0.323
 156     3500  0.50   -4.537   -2.316   -0.910    0.374   -3.500   -1.794   -0.764    0.343
 157     3500  1.00   -4.275   -2.260   -0.906    0.403   -3.355   -1.762   -0.753    0.371
 158     3500  1.50   -4.033   -2.200   -0.889    0.441   -3.215   -1.723   -0.731    0.408
 159     3500  2.00   -3.809   -2.133   -0.856    0.486   -3.078   -1.671   -0.694    0.453
 160     3500  2.50   -3.611   -2.057   -0.805    0.537   -2.945   -1.606   -0.644    0.503
 161     3500  3.00   -3.451   -1.973   -0.731    0.596   -2.828   -1.526   -0.573    0.563
 162     3500  3.50   -3.342   -1.881   -0.620    0.662   -2.737   -1.427   -0.473    0.630
 163     3500  4.00   -3.287   -1.801   -0.507    0.707   -2.676   -1.336   -0.377    0.676
 164     3500  4.50   -3.305   -1.766   -0.428    0.727   -2.670   -1.287   -0.313    0.698
 165     3500  5.00   -3.386   -1.771   -0.378    0.736   -2.709   -1.276   -0.275    0.708
 166     3750  0.00   -4.204   -1.764   -0.424    0.481   -3.005   -1.268   -0.349    0.459
 167     3750  0.50   -3.991   -1.727   -0.426    0.480   -2.895   -1.250   -0.350    0.458
 168     3750  1.00   -3.804   -1.705   -0.430    0.485   -2.807   -1.241   -0.353    0.463
 169     3750  1.50   -3.635   -1.689   -0.434    0.498   -2.731   -1.235   -0.354    0.474
 170     3750  2.00   -3.477   -1.670   -0.432    0.518   -2.655   -1.224   -0.349    0.494
 171     3750  2.50   -3.330   -1.644   -0.422    0.546   -2.577   -1.206   -0.336    0.521
 172     3750  3.00   -3.207   -1.613   -0.401    0.582   -2.506   -1.180   -0.312    0.556
 173     3750  3.50   -3.117   -1.577   -0.359    0.628   -2.450   -1.143   -0.270    0.603
 174     3750  4.00   -3.047   -1.531   -0.294    0.680   -2.405   -1.091   -0.209    0.654
 175     3750  4.50   -3.006   -1.492   -0.234    0.716   -2.372   -1.046   -0.154    0.691
 176     3750  5.00   -3.019   -1.480   -0.193    0.735   -2.375   -1.027   -0.118    0.711
 177     4000  0.00   -3.583   -1.333   -0.166    0.587   -2.487   -0.904   -0.112    0.569
 178     4000  0.50   -3.392   -1.296   -0.168    0.578   -2.385   -0.887   -0.115    0.560
 179     4000  1.00   -3.236   -1.279   -0.173    0.572   -2.314   -0.884   -0.119    0.554
 180     4000  1.50   -3.112   -1.277   -0.177    0.570   -2.263   -0.888   -0.123    0.551
 181     4000  2.00   -3.014   -1.281   -0.180    0.570   -2.226   -0.894   -0.126    0.551
 182     4000  2.50   -2.934   -1.287   -0.180    0.576   -2.196   -0.900   -0.125    0.557
 183     4000  3.00   -2.870   -1.290   -0.175    0.588   -2.169   -0.901   -0.119    0.568
 184     4000  3.50   -2.819   -1.288   -0.161    0.611   -2.144   -0.895   -0.105    0.591
 185     4000  4.00   -2.784   -1.282   -0.134    0.651   -2.131   -0.882   -0.076    0.630
 186     4000  4.50   -2.745   -1.266   -0.096    0.694   -2.115   -0.858   -0.038    0.674
 187     4000  5.00   -2.718   -1.250   -0.061    0.726   -2.101   -0.837   -0.005    0.706
 188     4250  0.00   -3.049   -1.033    0.008    0.665   -2.095   -0.651    0.051    0.650
 189     4250  0.50   -2.873   -0.994    0.003    0.652   -1.998   -0.633    0.045    0.637
 190     4250  1.00   -2.730   -0.973   -0.004    0.643   -1.928   -0.628    0.038    0.627
 191     4250  1.50   -2.617   -0.967   -0.011    0.637   -1.880   -0.631    0.031    0.620
 192     4250  2.00   -2.530   -0.970   -0.018    0.633   -1.847   -0.639    0.025    0.616
 193     4250  2.50   -2.466   -0.978   -0.022    0.630   -1.824   -0.650    0.021    0.614
 194     4250  3.00   -2.427   -0.990   -0.023    0.631   -1.811   -0.660    0.020    0.614
 195     4250  3.50   -2.411   -1.005   -0.020    0.634   -1.808   -0.670    0.022    0.618
 196     4250  4.00   -2.413   -1.020   -0.012    0.645   -1.813   -0.678    0.030    0.628
 197     4250  4.50   -2.426   -1.034    0.007    0.674   -1.829   -0.680    0.050    0.657
 198     4250  5.00   -2.425   -1.040    0.033    0.710   -1.840   -0.674    0.076    0.692
 199     4500  0.00   -2.597   -0.815    0.132    0.722   -1.784   -0.470    0.168    0.708
 200     4500  0.50   -2.446   -0.779    0.126    0.706   -1.699   -0.454    0.160    0.691
 201     4500  1.00   -2.324   -0.759    0.117    0.694   -1.638   -0.448    0.152    0.680
 202     4500  1.50   -2.228   -0.751    0.109    0.686   -1.595   -0.449    0.144    0.671
 203     4500  2.00   -2.153   -0.750    0.102    0.680   -1.565   -0.455    0.136    0.665
 204     4500  2.50   -2.098   -0.754    0.096    0.676   -1.544   -0.463    0.131    0.661
 205     4500  3.00   -2.059   -0.762    0.092    0.674   -1.529   -0.472    0.127    0.659
 206     4500  3.50   -2.041   -0.774    0.091    0.674   -1.523   -0.483    0.127    0.659
 207     4500  4.00   -2.043   -0.788    0.094    0.677   -1.526   -0.493    0.129    0.662
 208     4500  4.50   -2.062   -0.805    0.101    0.685   -1.537   -0.504    0.136    0.670
 209     4500  5.00   -2.093   -0.824    0.114    0.705   -1.559   -0.512    0.149    0.690
 210     4750  0.00   -2.181   -0.638    0.218    0.755   -1.504   -0.332    0.248    0.741
 211     4750  0.50   -2.057   -0.612    0.210    0.738   -1.438   -0.321    0.239    0.724
 212     4750  1.00   -1.956   -0.596    0.201    0.725   -1.389   -0.316    0.230    0.711
 213     4750  1.50   -1.878   -0.588    0.192    0.715   -1.355   -0.317    0.222    0.701
 214     4750  2.00   -1.819   -0.587    0.185    0.707   -1.331   -0.320    0.214    0.693
 215     4750  2.50   -1.776   -0.588    0.178    0.702   -1.315   -0.325    0.208    0.688
 216     4750  3.00   -1.745   -0.591    0.174    0.698   -1.303   -0.332    0.203    0.684
 217     4750  3.50   -1.729   -0.597    0.172    0.697   -1.296   -0.339    0.201    0.683
 218     4750  4.00   -1.728   -0.605    0.173    0.698   -1.294   -0.346    0.202    0.684
 219     4750  4.50   -1.739   -0.616    0.176    0.702   -1.298   -0.355    0.206    0.688
 220     4750  5.00   -1.767   -0.631    0.184    0.709   -1.310   -0.364    0.213    0.695
 221     5000  0.00   -1.786   -0.485    0.275    0.762   -1.237   -0.217    0.301    0.750
 222     5000  0.50   -1.692   -0.471    0.264    0.746   -1.193   -0.215    0.290    0.733
 223     5000  1.00   -1.613   -0.463    0.254    0.733   -1.160   -0.215    0.280    0.720
 224     5000  1.50   -1.551   -0.460    0.245    0.722   -1.137   -0.218    0.271    0.709
 225     5000  2.00   -1.505   -0.460    0.237    0.714   -1.122   -0.222    0.263    0.701
 226     5000  2.50   -1.473   -0.462    0.231    0.708   -1.113   -0.227    0.256    0.695
 227     5000  3.00   -1.452   -0.465    0.226    0.704   -1.107   -0.231    0.252    0.691
 228     5000  3.50   -1.443   -0.467    0.224    0.702   -1.104   -0.235    0.249    0.688
 229     5000  4.00   -1.445   -0.470    0.225    0.702   -1.103   -0.239    0.250    0.689
 230     5000  4.50   -1.457   -0.475    0.228    0.705   -1.105   -0.243    0.253    0.692
 231     5000  5.00   -1.478   -0.481    0.233    0.710   -1.111   -0.249    0.259    0.697
 232     5250  0.00   -1.423   -0.351    0.310    0.746   -0.987   -0.123    0.333    0.735
 233     5250  0.50   -1.361   -0.351    0.298    0.733   -0.966   -0.128    0.321    0.721
 234     5250  1.00   -1.305   -0.352    0.287    0.721   -0.951   -0.134    0.310    0.710
 235     5250  1.50   -1.260   -0.355    0.277    0.712   -0.941   -0.141    0.300    0.700
 236     5250  2.00   -1.227   -0.360    0.269    0.704   -0.936   -0.147    0.291    0.692
 237     5250  2.50   -1.204   -0.364    0.262    0.698   -0.935   -0.154    0.284    0.685
 238     5250  3.00   -1.191   -0.369    0.257    0.693   -0.937   -0.159    0.279    0.681
 239     5250  3.50   -1.187   -0.372    0.254    0.691   -0.940   -0.163    0.276    0.679
 240     5250  4.00   -1.193   -0.373    0.255    0.691   -0.943   -0.165    0.277    0.679
 241     5250  4.50   -1.207   -0.374    0.258    0.694   -0.947   -0.166    0.280    0.682
 242     5250  5.00   -1.228   -0.376    0.264    0.699   -0.952   -0.167    0.286    0.687
 243     5500  0.00   -1.117   -0.240    0.329    0.715   -0.767   -0.047    0.348    0.705
 244     5500  0.50   -1.078   -0.249    0.316    0.705   -0.763   -0.058    0.335    0.694
 245     5500  1.00   -1.041   -0.258    0.305    0.695   -0.762   -0.069    0.324    0.684
 246     5500  1.50   -1.011   -0.268    0.295    0.687   -0.764   -0.080    0.314    0.676
 247     5500  2.00   -0.989   -0.277    0.285    0.680   -0.770   -0.090    0.304    0.669
 248     5500  2.50   -0.974   -0.286    0.277    0.674   -0.778   -0.099    0.296    0.663
 249     5500  3.00   -0.967   -0.294    0.271    0.670   -0.788   -0.106    0.291    0.658
 250     5500  3.50   -0.966   -0.299    0.268    0.667   -0.797   -0.111    0.287    0.656
 251     5500  4.00   -0.973   -0.302    0.268    0.668   -0.806   -0.114    0.287    0.656
 252     5500  4.50   -0.987   -0.303    0.271    0.671   -0.813   -0.114    0.290    0.659
 253     5500  5.00   -1.008   -0.302    0.277    0.676   -0.820   -0.113    0.296    0.665
 254     5750  0.00   -0.866   -0.148    0.334    0.673   -0.580    0.012    0.349    0.664
 255     5750  0.50   -0.847   -0.164    0.323    0.666   -0.590   -0.003    0.339    0.657
 256     5750  1.00   -0.826   -0.180    0.312    0.659   -0.599   -0.017    0.328    0.649
 257     5750  1.50   -0.808   -0.195    0.301    0.653   -0.610   -0.031    0.317    0.643
 258     5750  2.00   -0.794   -0.209    0.291    0.647   -0.625   -0.044    0.308    0.636
 259     5750  2.50   -0.786   -0.223    0.282    0.641   -0.641   -0.056    0.299    0.631
 260     5750  3.00   -0.783   -0.234    0.275    0.637   -0.658   -0.067    0.292    0.626
 261     5750  3.50   -0.784   -0.244    0.270    0.635   -0.674   -0.075    0.287    0.624
 262     5750  4.00   -0.791   -0.249    0.268    0.635   -0.688   -0.079    0.285    0.624
 263     5750  4.50   -0.802   -0.251    0.270    0.637   -0.700   -0.081    0.287    0.626
 264     5750  5.00   -0.820   -0.251    0.276    0.643   -0.709   -0.079    0.293    0.632
 265     6000  0.00   -0.652   -0.075    0.326    0.622   -0.418    0.055    0.339    0.614
 266     6000  0.50   -0.658   -0.093    0.320    0.620   -0.441    0.041    0.333    0.612
 267     6000  1.00   -0.653   -0.112    0.311    0.617   -0.459    0.026    0.324    0.608
 268     6000  1.50   -0.645   -0.131    0.301    0.613   -0.479    0.010    0.315    0.604
 269     6000  2.00   -0.640   -0.151    0.291    0.608   -0.500   -0.006    0.305    0.599
 270     6000  2.50   -0.637   -0.169    0.281    0.603   -0.523   -0.022    0.295    0.594
 271     6000  3.00   -0.637   -0.185    0.271    0.599   -0.546   -0.036    0.286    0.589
 272     6000  3.50   -0.640   -0.199    0.264    0.596   -0.568   -0.048    0.279    0.586
 273     6000  4.00   -0.645   -0.209    0.261    0.595   -0.588   -0.055    0.275    0.585
 274     6000  4.50   -0.654   -0.215    0.261    0.597   -0.605   -0.059    0.275    0.587
 275     6000  5.00   -0.667   -0.216    0.265    0.602   -0.618   -0.059    0.280    0.592
 276     6250  0.50   -0.492   -0.036    0.307    0.567   -0.309    0.073    0.317    0.560
 277     6250  1.00   -0.507   -0.055    0.303    0.569   -0.338    0.060    0.314    0.561
 278     6250  1.50   -0.512   -0.077    0.295    0.568   -0.365    0.043    0.307    0.560
 279     6250  2.00   -0.516   -0.099    0.286    0.565   -0.392    0.026    0.297    0.557
 280     6250  2.50   -0.519   -0.121    0.275    0.562   -0.421    0.008    0.287    0.553
 281     6250  3.00   -0.523   -0.142    0.264    0.557   -0.450   -0.010    0.277    0.548
 282     6250  3.50   -0.528   -0.162    0.255    0.554   -0.478   -0.026    0.267    0.544
 283     6250  4.00   -0.533   -0.177    0.248    0.551   -0.504   -0.038    0.260    0.542
 284     6250  4.50   -0.539   -0.187    0.245    0.552   -0.525   -0.046    0.257    0.542
 285     6250  5.00   -0.548   -0.192    0.246    0.556   -0.542   -0.049    0.259    0.546
 286     6500  0.50   -0.343    0.009    0.283    0.508   -0.190    0.093    0.292    0.501
 287     6500  1.00   -0.375   -0.009    0.286    0.515   -0.228    0.084    0.295    0.508
 288     6500  1.50   -0.398   -0.030    0.284    0.518   -0.264    0.070    0.293    0.511
 289     6500  2.00   -0.412   -0.053    0.276    0.519   -0.298    0.052    0.286    0.511
 290     6500  2.50   -0.424   -0.079    0.266    0.517   -0.332    0.033    0.276    0.509
 291     6500  3.00   -0.433   -0.104    0.254    0.513   -0.367    0.012    0.265    0.505
 292     6500  3.50   -0.442   -0.128    0.243    0.510   -0.401   -0.007    0.254    0.501
 293     6500  4.00   -0.448   -0.149    0.233    0.506   -0.432   -0.024    0.244    0.497
 294     6500  4.50   -0.452   -0.165    0.226    0.505   -0.459   -0.037    0.237    0.496
 295     6500  5.00   -0.457   -0.175    0.224    0.507   -0.481   -0.045    0.235    0.498
 296     6750  0.50   -0.227    0.045    0.260    0.449   -0.100    0.108    0.267    0.444
 297     6750  1.00   -0.255    0.028    0.260    0.455   -0.128    0.097    0.267    0.449
 298     6750  1.50   -0.292    0.009    0.264    0.463   -0.171    0.088    0.271    0.457
 299     6750  2.00   -0.322   -0.014    0.261    0.468   -0.214    0.073    0.269    0.462
 300     6750  2.50   -0.342   -0.041    0.253    0.468   -0.254    0.054    0.261    0.462
 301     6750  3.00   -0.359   -0.069    0.242    0.467   -0.293    0.032    0.250    0.460
 302     6750  3.50   -0.372   -0.097    0.229    0.464   -0.333    0.009    0.238    0.456
 303     6750  4.00   -0.382   -0.123    0.217    0.460   -0.370   -0.012    0.226    0.452
 304     6750  4.50   -0.388   -0.145    0.206    0.457   -0.403   -0.030    0.216    0.449
 305     6750  5.00   -0.391   -0.161    0.200    0.457   -0.430   -0.043    0.210    0.448
 306     7000  0.50   -0.136    0.070    0.236    0.393   -0.034    0.117    0.241    0.389
 307     7000  1.00   -0.161    0.056    0.235    0.397   -0.054    0.107    0.241    0.392
 308     7000  1.50   -0.194    0.038    0.236    0.403   -0.087    0.097    0.242    0.398
 309     7000  2.00   -0.237    0.017    0.240    0.412   -0.135    0.087    0.246    0.407
 310     7000  2.50   -0.270   -0.009    0.236    0.417   -0.183    0.070    0.242    0.411
 311     7000  3.00   -0.295   -0.038    0.226    0.418   -0.228    0.048    0.233    0.412
 312     7000  3.50   -0.315   -0.069    0.214    0.416   -0.272    0.024    0.221    0.409
 313     7000  4.00   -0.329   -0.099    0.200    0.413   -0.315   -0.000    0.208    0.405
 314     7000  4.50   -0.339   -0.126    0.186    0.409   -0.354   -0.023    0.195    0.402
 315     7000  5.00   -0.343   -0.149    0.176    0.407   -0.387   -0.041    0.185    0.399
 316     7250  0.50   -0.075    0.082    0.213    0.342    0.003    0.119    0.216    0.338
 317     7250  1.00   -0.088    0.073    0.209    0.341   -0.001    0.110    0.213    0.337
 318     7250  1.50   -0.120    0.059    0.209    0.346   -0.026    0.102    0.214    0.342
 319     7250  2.00   -0.157    0.040    0.210    0.352   -0.063    0.091    0.215    0.348
 320     7250  2.50   -0.203    0.017    0.212    0.361   -0.117    0.079    0.218    0.357
 321     7250  3.00   -0.238   -0.012    0.207    0.365   -0.169    0.060    0.213    0.361
 322     7250  3.50   -0.265   -0.044    0.196    0.366   -0.218    0.036    0.202    0.360
 323     7250  4.00   -0.286   -0.077    0.181    0.364   -0.265    0.009    0.188    0.358
 324     7250  4.50   -0.300   -0.108    0.166    0.361   -0.310   -0.016    0.174    0.354
 325     7250  5.00   -0.307   -0.137    0.153    0.358   -0.349   -0.040    0.161    0.351
 326     7500  0.50   -0.060    0.074    0.196    0.303   -0.008    0.112    0.197    0.299
 327     7500  1.00   -0.034    0.078    0.180    0.287    0.031    0.105    0.183    0.284
 328     7500  1.50   -0.061    0.069    0.181    0.290    0.015    0.099    0.184    0.287
 329     7500  2.00   -0.097    0.054    0.181    0.295   -0.015    0.091    0.185    0.292
 330     7500  2.50   -0.139    0.034    0.182    0.302   -0.058    0.079    0.186    0.298
 331     7500  3.00   -0.185    0.008    0.182    0.310   -0.115    0.065    0.186    0.306
 332     7500  3.50   -0.221   -0.023    0.174    0.314   -0.169    0.043    0.179    0.309
 333     7500  4.00   -0.248   -0.057    0.161    0.314   -0.221    0.017    0.167    0.309
 334     7500  4.50   -0.268   -0.092    0.146    0.312   -0.270   -0.011    0.152    0.306
 335     7500  5.00   -0.279   -0.125    0.130    0.309   -0.316   -0.038    0.137    0.302
 336     7750  1.00   -0.005    0.069    0.150    0.237    0.036    0.090    0.151    0.234
 337     7750  1.50   -0.017    0.067    0.148    0.234    0.039    0.088    0.150    0.232
 338     7750  2.00   -0.051    0.058    0.150    0.238    0.016    0.083    0.152    0.236
 339     7750  2.50   -0.091    0.042    0.150    0.244   -0.019    0.074    0.153    0.241
 340     7750  3.00   -0.134    0.019    0.149    0.250   -0.066    0.061    0.153    0.247
 341     7750  3.50   -0.180   -0.008    0.148    0.258   -0.125    0.045    0.152    0.255
 342     7750  4.00   -0.215   -0.042    0.138    0.262   -0.182    0.021    0.143    0.257
 343     7750  4.50   -0.241   -0.078    0.124    0.262   -0.235   -0.007    0.129    0.257
 344     7750  5.00   -0.257   -0.114    0.107    0.260   -0.286   -0.036    0.113    0.254
 345     8000  1.00   -0.007    0.039    0.117    0.190    0.005    0.061    0.117    0.188
 346     8000  1.50    0.009    0.053    0.111    0.179    0.042    0.066    0.112    0.178
 347     8000  2.00   -0.016    0.049    0.113    0.181    0.032    0.065    0.114    0.179
 348     8000  2.50   -0.054    0.038    0.115    0.186    0.004    0.060    0.117    0.184
 349     8000  3.00   -0.096    0.021    0.115    0.191   -0.036    0.050    0.117    0.189
 350     8000  3.50   -0.142   -0.002    0.114    0.198   -0.087    0.037    0.117    0.196
 351     8000  4.00   -0.185   -0.032    0.110    0.206   -0.147    0.019    0.114    0.203
 352     8000  4.50   -0.217   -0.068    0.099    0.209   -0.205   -0.007    0.103    0.205
 353     8000  5.00   -0.240   -0.105    0.082    0.209   -0.259   -0.037    0.087    0.204
 354     8250  1.00   -0.034   -0.016    0.076    0.144   -0.057    0.011    0.074    0.141
 355     8250  1.50    0.015    0.024    0.070    0.125    0.023    0.034    0.070    0.123
 356     8250  2.00    0.003    0.029    0.071    0.123    0.029    0.038    0.072    0.122
 357     8250  2.50   -0.030    0.024    0.075    0.126    0.010    0.037    0.076    0.125
 358     8250  3.00   -0.071    0.012    0.077    0.132   -0.022    0.032    0.078    0.131
 359     8250  3.50   -0.114   -0.007    0.076    0.138   -0.064    0.022    0.078    0.136
 360     8250  4.00   -0.159   -0.031    0.075    0.147   -0.119    0.008    0.077    0.144
 361     8250  4.50   -0.197   -0.062    0.069    0.154   -0.179   -0.012    0.073    0.151
 362     8250  5.00   -0.226   -0.099    0.056    0.157   -0.236   -0.040    0.060    0.153
 363     8500  1.50    0.004   -0.017    0.026    0.071   -0.014   -0.008    0.025    0.069
 364     8500  2.00    0.006   -0.003    0.026    0.065    0.010    0.001    0.025    0.063
 365     8500  2.50   -0.020   -0.003    0.029    0.066    0.001    0.004    0.029    0.065
 366     8500  3.00   -0.057   -0.010    0.033    0.071   -0.024    0.003    0.033    0.070
 367     8500  3.50   -0.098   -0.022    0.034    0.077   -0.059   -0.003    0.035    0.076
 368     8500  4.00   -0.140   -0.041    0.033    0.085   -0.104   -0.013    0.035    0.083
 369     8500  4.50   -0.181   -0.066    0.033    0.095   -0.160   -0.026    0.035    0.092
 370     8500  5.00   -0.214   -0.099    0.025    0.102   -0.219   -0.048    0.029    0.099
 371     8750  1.50   -0.016   -0.066   -0.023    0.017   -0.061   -0.057   -0.025    0.015
 372     8750  2.00   -0.003   -0.043   -0.023    0.007   -0.021   -0.042   -0.024    0.006
 373     8750  2.50   -0.021   -0.038   -0.020    0.005   -0.020   -0.036   -0.021    0.005
 374     8750  3.00   -0.054   -0.041   -0.016    0.008   -0.038   -0.035   -0.016    0.008
 375     8750  3.50   -0.093   -0.049   -0.013    0.014   -0.067   -0.036   -0.012    0.014
 376     8750  4.00   -0.133   -0.062   -0.012    0.022   -0.106   -0.042   -0.010    0.021
 377     8750  4.50   -0.174   -0.082   -0.013    0.031   -0.154   -0.052   -0.010    0.029
 378     8750  5.00   -0.208   -0.106   -0.012    0.044   -0.208   -0.064   -0.009    0.041
 379     9000  1.50   -0.041   -0.120   -0.075   -0.040   -0.114   -0.111   -0.077   -0.042
 380     9000  2.00   -0.019   -0.088   -0.073   -0.051   -0.060   -0.088   -0.074   -0.052
 381     9000  2.50   -0.031   -0.079   -0.071   -0.056   -0.051   -0.081   -0.072   -0.056
 382     9000  3.00   -0.060   -0.079   -0.068   -0.055   -0.062   -0.078   -0.069   -0.055
 383     9000  3.50   -0.097   -0.083   -0.064   -0.050   -0.086   -0.077   -0.064   -0.050
 384     9000  4.00   -0.136   -0.092   -0.061   -0.042   -0.120   -0.079   -0.061   -0.043
 385     9000  4.50   -0.175   -0.107   -0.061   -0.033   -0.161   -0.084   -0.059   -0.035
 386     9000  5.00   -0.209   -0.126   -0.059   -0.021   -0.209   -0.093   -0.057   -0.023
 387     9250  2.00   -0.041   -0.136   -0.124   -0.108   -0.104   -0.138   -0.126   -0.109
 388     9250  2.50   -0.048   -0.124   -0.123   -0.115   -0.088   -0.129   -0.125   -0.116
 389     9250  3.00   -0.073   -0.121   -0.121   -0.117   -0.094   -0.124   -0.122   -0.117
 390     9250  3.50   -0.107   -0.123   -0.118   -0.114   -0.113   -0.122   -0.118   -0.114
 391     9250  4.00   -0.145   -0.129   -0.114   -0.107   -0.142   -0.121   -0.114   -0.108
 392     9250  4.50   -0.183   -0.140   -0.112   -0.098   -0.178   -0.124   -0.111   -0.099
 393     9250  5.00   -0.218   -0.155   -0.111   -0.087   -0.222   -0.130   -0.109   -0.089
 394     9500  2.00   -0.065   -0.186   -0.176   -0.166   -0.151   -0.189   -0.179   -0.167
 395     9500  2.50   -0.069   -0.171   -0.176   -0.174   -0.129   -0.178   -0.178   -0.174
 396     9500  3.00   -0.090   -0.167   -0.174   -0.177   -0.130   -0.173   -0.176   -0.177
 397     9500  3.50   -0.122   -0.167   -0.172   -0.177   -0.145   -0.170   -0.173   -0.177
 398     9500  4.00   -0.158   -0.171   -0.169   -0.172   -0.170   -0.168   -0.169   -0.172
 399     9500  4.50   -0.196   -0.178   -0.165   -0.164   -0.203   -0.168   -0.165   -0.164
 400     9500  5.00   -0.233   -0.190   -0.163   -0.153   -0.243   -0.171   -0.162   -0.155
 401     9750  2.00   -0.091   -0.236   -0.229   -0.223   -0.198   -0.240   -0.231   -0.224
 402     9750  2.50   -0.093   -0.219   -0.228   -0.232   -0.173   -0.228   -0.231   -0.233
 403     9750  3.00   -0.112   -0.214   -0.228   -0.238   -0.170   -0.223   -0.230   -0.237
 404     9750  3.50   -0.141   -0.213   -0.227   -0.239   -0.182   -0.220   -0.228   -0.238
 405     9750  4.00   -0.176   -0.216   -0.224   -0.235   -0.204   -0.217   -0.224   -0.235
 406     9750  4.50   -0.214   -0.221   -0.221   -0.229   -0.233   -0.215   -0.220   -0.229
 407     9750  5.00   -0.250   -0.229   -0.218   -0.218   -0.269   -0.215   -0.216   -0.220
 408    10000  2.00   -0.118   -0.286   -0.281   -0.281   -0.245   -0.292   -0.284   -0.282
 409    10000  2.50   -0.119   -0.269   -0.281   -0.290   -0.218   -0.279   -0.284   -0.290
 410    10000  3.00   -0.136   -0.262   -0.282   -0.297   -0.213   -0.274   -0.284   -0.297
 411    10000  3.50   -0.164   -0.261   -0.281   -0.300   -0.222   -0.270   -0.283   -0.299
 412    10000  4.00   -0.197   -0.263   -0.279   -0.298   -0.241   -0.267   -0.280   -0.298
 413    10000  4.50   -0.233   -0.266   -0.276   -0.292   -0.267   -0.265   -0.276   -0.292
 414    10000  5.00   -0.269   -0.272   -0.272   -0.283   -0.300   -0.263   -0.271   -0.284
 415    10250  2.00   -0.145   -0.337   -0.334   -0.338   -0.292   -0.343   -0.337   -0.339
 416    10250  2.50   -0.146   -0.318   -0.333   -0.347   -0.263   -0.330   -0.337   -0.348
 417    10250  3.00   -0.163   -0.311   -0.335   -0.355   -0.257   -0.325   -0.338   -0.355
 418    10250  3.50   -0.188   -0.310   -0.336   -0.360   -0.264   -0.322   -0.338   -0.359
 419    10250  4.00   -0.220   -0.311   -0.335   -0.360   -0.280   -0.319   -0.336   -0.359
 420    10250  4.50   -0.255   -0.313   -0.332   -0.355   -0.303   -0.316   -0.332   -0.355
 421    10250  5.00   -0.290   -0.318   -0.328   -0.347   -0.334   -0.313   -0.328   -0.347
 422    10500  2.00   -0.173   -0.387   -0.386   -0.395   -0.339   -0.394   -0.390   -0.396
 423    10500  2.50   -0.174   -0.367   -0.386   -0.404   -0.309   -0.380   -0.389   -0.405
 424    10500  3.00   -0.190   -0.361   -0.388   -0.413   -0.302   -0.375   -0.391   -0.413
 425    10500  3.50   -0.215   -0.359   -0.390   -0.418   -0.308   -0.373   -0.392   -0.418
 426    10500  4.00   -0.245   -0.360   -0.390   -0.420   -0.322   -0.371   -0.392   -0.419
 427    10500  4.50   -0.278   -0.362   -0.387   -0.417   -0.343   -0.367   -0.388   -0.417
 428    10500  5.00   -0.314   -0.365   -0.384   -0.410   -0.370   -0.364   -0.384   -0.410
 429    10750  2.00   -0.202   -0.436   -0.439   -0.452   -0.386   -0.445   -0.443   -0.452
 430    10750  2.50   -0.203   -0.416   -0.438   -0.461   -0.355   -0.431   -0.441   -0.461
 431    10750  3.00   -0.219   -0.410   -0.441   -0.470   -0.347   -0.426   -0.444   -0.470
 432    10750  3.50   -0.243   -0.408   -0.443   -0.476   -0.352   -0.424   -0.446   -0.476
 433    10750  4.00   -0.272   -0.409   -0.444   -0.479   -0.365   -0.422   -0.446   -0.479
 434    10750  4.50   -0.304   -0.411   -0.443   -0.478   -0.384   -0.419   -0.444   -0.477
 435    10750  5.00   -0.339   -0.413   -0.440   -0.472   -0.409   -0.415   -0.440   -0.472
 436    11000  2.00   -0.231   -0.486   -0.491   -0.508   -0.433   -0.496   -0.495   -0.509
 437    11000  2.50   -0.233   -0.465   -0.490   -0.517   -0.401   -0.481   -0.494   -0.517
 438    11000  3.00   -0.248   -0.459   -0.493   -0.526   -0.393   -0.476   -0.496   -0.526
 439    11000  3.50   -0.272   -0.458   -0.496   -0.534   -0.397   -0.475   -0.499   -0.533
 440    11000  4.00   -0.300   -0.459   -0.498   -0.538   -0.408   -0.474   -0.500   -0.537
 441    11000  4.50   -0.331   -0.460   -0.498   -0.537   -0.426   -0.471   -0.499   -0.537
 442    11000  5.00   -0.364   -0.462   -0.495   -0.532   -0.449   -0.467   -0.496   -0.533
 443    11250  2.00   -0.262   -0.536   -0.544   -0.564   -0.480   -0.546   -0.548   -0.565
 444    11250  2.50   -0.263   -0.514   -0.542   -0.573   -0.447   -0.531   -0.546   -0.573
 445    11250  3.00   -0.279   -0.508   -0.545   -0.582   -0.439   -0.527   -0.549   -0.582
 446    11250  3.50   -0.302   -0.507   -0.549   -0.590   -0.442   -0.525   -0.552   -0.590
 447    11250  4.00   -0.329   -0.508   -0.551   -0.595   -0.453   -0.525   -0.554   -0.594
 448    11250  4.50   -0.359   -0.509   -0.552   -0.596   -0.469   -0.523   -0.554   -0.595
 449    11250  5.00   -0.391   -0.511   -0.550   -0.592   -0.491   -0.519   -0.551   -0.592
 450    11500  2.00   -0.293   -0.585   -0.596   -0.621   -0.526   -0.597   -0.600   -0.621
 451    11500  2.50   -0.294   -0.563   -0.594   -0.628   -0.493   -0.581   -0.598   -0.628
 452    11500  3.00   -0.309   -0.556   -0.597   -0.638   -0.484   -0.576   -0.601   -0.637
 453    11500  3.50   -0.332   -0.555   -0.601   -0.646   -0.487   -0.576   -0.604   -0.645
 454    11500  4.00   -0.359   -0.557   -0.604   -0.652   -0.497   -0.575   -0.607   -0.651
 455    11500  4.50   -0.388   -0.559   -0.605   -0.653   -0.513   -0.574   -0.608   -0.653
 456    11500  5.00   -0.419   -0.560   -0.604   -0.651   -0.533   -0.571   -0.606   -0.651
 457    11750  2.00   -0.324   -0.634   -0.648   -0.676   -0.572   -0.647   -0.653   -0.677
 458    11750  2.50   -0.325   -0.611   -0.645   -0.683   -0.538   -0.630   -0.649   -0.683
 459    11750  3.00   -0.340   -0.605   -0.648   -0.693   -0.529   -0.626   -0.652   -0.692
 460    11750  3.50   -0.363   -0.604   -0.652   -0.701   -0.532   -0.625   -0.656   -0.701
 461    11750  4.00   -0.390   -0.605   -0.656   -0.707   -0.542   -0.625   -0.659   -0.707
 462    11750  4.50   -0.419   -0.607   -0.658   -0.710   -0.557   -0.625   -0.661   -0.709
 463    11750  5.00   -0.449   -0.609   -0.658   -0.708   -0.576   -0.622   -0.659   -0.708
 464    12000  2.50   -0.357   -0.659   -0.696   -0.738   -0.583   -0.680   -0.701   -0.738
 465    12000  3.00   -0.372   -0.653   -0.699   -0.747   -0.574   -0.675   -0.703   -0.747
 466    12000  3.50   -0.395   -0.652   -0.704   -0.756   -0.577   -0.675   -0.707   -0.755
 467    12000  4.00   -0.421   -0.654   -0.708   -0.762   -0.587   -0.675   -0.711   -0.762
 468    12000  4.50   -0.449   -0.656   -0.710   -0.766   -0.601   -0.675   -0.713   -0.765
 469    12000  5.00   -0.478   -0.658   -0.711   -0.765   -0.619   -0.673   -0.713   -0.765
 470    12250  2.50   -0.389   -0.707   -0.747   -0.792   -0.628   -0.728   -0.751   -0.792
 471    12250  3.00   -0.404   -0.700   -0.750   -0.801   -0.619   -0.724   -0.754   -0.801
 472    12250  3.50   -0.426   -0.700   -0.754   -0.810   -0.622   -0.724   -0.758   -0.809
 473    12250  4.00   -0.452   -0.701   -0.759   -0.817   -0.631   -0.724   -0.762   -0.816
 474    12250  4.50   -0.480   -0.704   -0.762   -0.821   -0.645   -0.724   -0.765   -0.820
 475    12250  5.00   -0.509   -0.706   -0.763   -0.821   -0.663   -0.723   -0.765   -0.821
 476    12500  2.50   -0.421   -0.754   -0.797   -0.846   -0.673   -0.777   -0.802   -0.846
 477    12500  3.00   -0.436   -0.748   -0.800   -0.855   -0.663   -0.772   -0.805   -0.854
 478    12500  3.50   -0.458   -0.747   -0.805   -0.863   -0.666   -0.772   -0.809   -0.863
 479    12500  4.00   -0.484   -0.749   -0.809   -0.870   -0.675   -0.773   -0.813   -0.870
 480    12500  4.50   -0.511   -0.751   -0.812   -0.875   -0.689   -0.773   -0.816   -0.874
 481    12500  5.00   -0.539   -0.754   -0.814   -0.876   -0.706   -0.772   -0.816   -0.875
 482    12750  2.50   -0.453   -0.801   -0.847   -0.899   -0.717   -0.824   -0.852   -0.899
 483    12750  3.00   -0.469   -0.794   -0.850   -0.908   -0.707   -0.820   -0.855   -0.907
 484    12750  3.50   -0.491   -0.794   -0.854   -0.916   -0.710   -0.820   -0.859   -0.916
 485    12750  4.00   -0.516   -0.796   -0.859   -0.923   -0.719   -0.821   -0.863   -0.923
 486    12750  4.50   -0.543   -0.798   -0.862   -0.928   -0.732   -0.822   -0.866   -0.927
 487    12750  5.00   -0.570   -0.801   -0.864   -0.929   -0.749   -0.821   -0.867   -0.929
 488    13000  2.50   -0.485   -0.847   -0.896   -0.951   -0.760   -0.872   -0.901   -0.951
 489    13000  3.00   -0.501   -0.841   -0.899   -0.960   -0.751   -0.868   -0.904   -0.960
 490    13000  3.50   -0.523   -0.840   -0.904   -0.969   -0.754   -0.868   -0.908   -0.968
 491    13000  4.00   -0.548   -0.842   -0.908   -0.976   -0.762   -0.869   -0.912   -0.975
 492    13000  4.50   -0.574   -0.845   -0.912   -0.981   -0.776   -0.870   -0.916   -0.980
 493    13000  5.00   -0.601   -0.848   -0.914   -0.982   -0.792   -0.869   -0.917   -0.982
 494    14000  2.00   -0.605   -1.047   -1.086   -1.143   -0.966   -1.069   -1.092   -1.144
 495    14000  2.50   -0.612   -1.024   -1.085   -1.153   -0.927   -1.053   -1.091   -1.153
 496    14000  3.00   -0.630   -1.020   -1.091   -1.164   -0.920   -1.052   -1.096   -1.163
 497    14000  3.50   -0.652   -1.021   -1.096   -1.173   -0.924   -1.053   -1.101   -1.172
 498    14000  4.00   -0.676   -1.024   -1.101   -1.179   -0.932   -1.055   -1.105   -1.178
 499    14000  4.50   -0.701   -1.026   -1.104   -1.184   -0.945   -1.055   -1.108   -1.183
 500    14000  5.00   -0.726   -1.029   -1.107   -1.187   -0.960   -1.055   -1.110   -1.186
 501    15000  2.50   -0.732   -1.190   -1.262   -1.342   -1.085   -1.223   -1.268   -1.341
 502    15000  3.00   -0.755   -1.190   -1.271   -1.355   -1.080   -1.225   -1.277   -1.355
 503    15000  3.50   -0.779   -1.193   -1.279   -1.366   -1.085   -1.229   -1.284   -1.364
 504    15000  4.00   -0.803   -1.196   -1.284   -1.373   -1.095   -1.231   -1.289   -1.371
 505    15000  4.50   -0.826   -1.199   -1.287   -1.377   -1.107   -1.232   -1.292   -1.376
 506    15000  5.00   -0.849   -1.201   -1.290   -1.380   -1.121   -1.232   -1.294   -1.379
 507    16000  2.50   -0.844   -1.345   -1.427   -1.517   -1.231   -1.381   -1.434   -1.516
 508    16000  3.00   -0.873   -1.348   -1.440   -1.535   -1.230   -1.388   -1.446   -1.534
 509    16000  3.50   -0.901   -1.354   -1.450   -1.547   -1.238   -1.394   -1.456   -1.546
 510    16000  4.00   -0.925   -1.360   -1.457   -1.556   -1.249   -1.399   -1.463   -1.554
 511    16000  4.50   -0.948   -1.363   -1.462   -1.560   -1.261   -1.401   -1.467   -1.559
 512    16000  5.00   -0.970   -1.366   -1.464   -1.563   -1.275   -1.401   -1.469   -1.562
 513    17000  2.50   -0.948   -1.489   -1.580   -1.679   -1.368   -1.528   -1.586   -1.678
 514    17000  3.00   -0.983   -1.496   -1.598   -1.702   -1.369   -1.539   -1.604   -1.701
 515    17000  3.50   -1.015   -1.506   -1.612   -1.718   -1.381   -1.549   -1.618   -1.716
 516    17000  4.00   -1.043   -1.514   -1.621   -1.728   -1.394   -1.556   -1.627   -1.726
 517    17000  4.50   -1.066   -1.519   -1.626   -1.734   -1.407   -1.560   -1.632   -1.732
 518    17000  5.00   -1.087   -1.522   -1.629   -1.736   -1.421   -1.560   -1.634   -1.735
 519    18000  2.50   -1.044   -1.623   -1.721   -1.828   -1.497   -1.665   -1.728   -1.827
 520    18000  3.00   -1.086   -1.634   -1.745   -1.857   -1.500   -1.680   -1.751   -1.856
 521    18000  3.50   -1.123   -1.648   -1.763   -1.877   -1.515   -1.694   -1.769   -1.875
 522    18000  4.00   -1.153   -1.658   -1.774   -1.890   -1.531   -1.704   -1.781   -1.888
 523    18000  4.50   -1.178   -1.665   -1.781   -1.897   -1.545   -1.709   -1.787   -1.895
 524    18000  5.00   -1.199   -1.669   -1.785   -1.900   -1.560   -1.711   -1.791   -1.899
 525    19000  2.50   -1.133   -1.748   -1.851   -1.965   -1.618   -1.791   -1.858   -1.964
 526    19000  3.00   -1.181   -1.762   -1.881   -2.002   -1.622   -1.811   -1.888   -2.000
 527    19000  3.50   -1.223   -1.780   -1.904   -2.026   -1.640   -1.830   -1.910   -2.024
 528    19000  4.00   -1.257   -1.794   -1.919   -2.041   -1.659   -1.843   -1.925   -2.040
 529    19000  4.50   -1.284   -1.803   -1.928   -2.050   -1.676   -1.851   -1.934   -2.049
 530    19000  5.00   -1.306   -1.808   -1.933   -2.055   -1.691   -1.854   -1.938   -2.053
 531    20000  3.00   -1.270   -1.882   -2.008   -2.136   -1.736   -1.933   -2.015   -2.134
 532    20000  3.50   -1.317   -1.905   -2.035   -2.165   -1.758   -1.957   -2.043   -2.164
 533    20000  4.00   -1.355   -1.922   -2.054   -2.184   -1.779   -1.973   -2.061   -2.182
 534    20000  4.50   -1.384   -1.933   -2.065   -2.195   -1.798   -1.983   -2.072   -2.193
 535    20000  5.00   -1.407   -1.940   -2.072   -2.201   -1.815   -1.988   -2.078   -2.199
 536    21000  3.00   -1.353   -1.994   -2.125   -2.260   -1.843   -2.047   -2.133   -2.258
 537    21000  3.50   -1.406   -2.021   -2.159   -2.296   -1.868   -2.076   -2.166   -2.294
 538    21000  4.00   -1.447   -2.041   -2.181   -2.318   -1.893   -2.096   -2.188   -2.316
 539    21000  4.50   -1.478   -2.055   -2.195   -2.331   -1.913   -2.108   -2.201   -2.329
 540    21000  5.00   -1.503   -2.064   -2.203   -2.338   -1.931   -2.115   -2.209   -2.337
 541    22000  3.00   -1.431   -2.099   -2.236   -2.376   -1.944   -2.154   -2.244   -2.374
 542    22000  3.50   -1.488   -2.130   -2.274   -2.417   -1.972   -2.187   -2.282   -2.415
 543    22000  4.00   -1.533   -2.154   -2.300   -2.444   -1.999   -2.211   -2.307   -2.442
 544    22000  4.50   -1.567   -2.170   -2.317   -2.459   -2.022   -2.226   -2.324   -2.457
 545    22000  5.00   -1.593   -2.181   -2.327   -2.468   -2.041   -2.235   -2.333   -2.466
 546    23000  3.00   -1.505   -2.199   -2.340   -2.485   -2.039   -2.256   -2.348   -2.483
 547    23000  3.50   -1.566   -2.232   -2.382   -2.531   -2.070   -2.292   -2.390   -2.529
 548    23000  4.00   -1.615   -2.260   -2.412   -2.562   -2.100   -2.319   -2.420   -2.559
 549    23000  4.50   -1.651   -2.279   -2.432   -2.580   -2.125   -2.337   -2.439   -2.578
 550    23000  5.00   -1.679   -2.291   -2.443   -2.591   -2.145   -2.347   -2.450   -2.589
 551    24000  3.00   -1.575   -2.292   -2.439   -2.588   -2.128   -2.351   -2.447   -2.586
 552    24000  3.50   -1.640   -2.330   -2.485   -2.639   -2.162   -2.391   -2.493   -2.636
 553    24000  4.00   -1.691   -2.359   -2.518   -2.673   -2.194   -2.421   -2.525   -2.670
 554    24000  4.50   -1.730   -2.381   -2.540   -2.694   -2.221   -2.441   -2.547   -2.692
 555    24000  5.00   -1.760   -2.395   -2.554   -2.707   -2.243   -2.454   -2.561   -2.705
 556    25000  3.00   -1.636   -2.377   -2.527   -2.682   -2.208   -2.437   -2.536   -2.679
 557    25000  3.50   -1.711   -2.422   -2.582   -2.741   -2.250   -2.485   -2.590   -2.738
 558    25000  4.00   -1.764   -2.454   -2.617   -2.777   -2.284   -2.517   -2.625   -2.775
 559    25000  4.50   -1.805   -2.477   -2.642   -2.802   -2.312   -2.540   -2.649   -2.799
 560    25000  5.00   -1.836   -2.493   -2.658   -2.817   -2.336   -2.554   -2.665   -2.814
 561    26000  3.00   -1.691   -2.452   -2.605   -2.762   -2.282   -2.513   -2.614   -2.760
 562    26000  3.50   -1.777   -2.508   -2.674   -2.838   -2.331   -2.573   -2.682   -2.835
 563    26000  4.00   -1.834   -2.544   -2.712   -2.877   -2.369   -2.609   -2.720   -2.874
 564    26000  4.50   -1.876   -2.569   -2.738   -2.903   -2.399   -2.633   -2.746   -2.901
 565    26000  5.00   -1.907   -2.586   -2.756   -2.920   -2.423   -2.649   -2.763   -2.918
 566    27000  3.50   -1.836   -2.586   -2.758   -2.927   -2.404   -2.653   -2.766   -2.924
 567    27000  4.00   -1.899   -2.628   -2.802   -2.972   -2.448   -2.695   -2.810   -2.969
 568    27000  4.50   -1.942   -2.655   -2.830   -2.999   -2.480   -2.721   -2.838   -2.997
 569    27000  5.00   -1.975   -2.673   -2.848   -3.017   -2.505   -2.738   -2.856   -3.015
 570    28000  3.50   -1.888   -2.657   -2.833   -3.007   -2.471   -2.726   -2.842   -3.004
 571    28000  4.00   -1.959   -2.706   -2.886   -3.060   -2.521   -2.775   -2.894   -3.058
 572    28000  4.50   -2.005   -2.736   -2.916   -3.090   -2.556   -2.804   -2.924   -3.088
 573    28000  5.00   -2.038   -2.756   -2.936   -3.109   -2.582   -2.822   -2.943   -3.107
 574    29000  3.50   -1.937   -2.724   -2.902   -3.079   -2.534   -2.794   -2.912   -3.076
 575    29000  4.00   -2.012   -2.778   -2.962   -3.142   -2.588   -2.848   -2.971   -3.139
 576    29000  4.50   -2.063   -2.812   -2.997   -3.176   -2.627   -2.882   -3.005   -3.173
 577    29000  5.00   -2.097   -2.833   -3.018   -3.196   -2.654   -2.902   -3.026   -3.193
 578    30000  3.50   -1.989   -2.791   -2.970   -3.148   -2.599   -2.861   -2.980   -3.145
 579    30000  4.00   -2.061   -2.843   -3.033   -3.216   -2.649   -2.916   -3.042   -3.213
 580    30000  4.50   -2.116   -2.882   -3.072   -3.255   -2.692   -2.954   -3.080   -3.252
 581    30000  5.00   -2.152   -2.905   -3.095   -3.277   -2.722   -2.976   -3.103   -3.274
 582    31000  3.50   -2.049   -2.862   -3.040   -3.219   -2.669   -2.933   -3.051   -3.216
 583    31000  4.00   -2.109   -2.907   -3.099   -3.285   -2.709   -2.981   -3.109   -3.282
 584    31000  4.50   -2.165   -2.947   -3.141   -3.328   -2.752   -3.020   -3.150   -3.325
 585    31000  5.00   -2.203   -2.972   -3.167   -3.353   -2.784   -3.045   -3.175   -3.350
 586    32000  4.00   -2.158   -2.970   -3.164   -3.352   -2.769   -3.045   -3.174   -3.349
 587    32000  4.50   -2.212   -3.009   -3.207   -3.397   -2.810   -3.084   -3.216   -3.394
 588    32000  5.00   -2.251   -3.036   -3.235   -3.424   -2.843   -3.110   -3.243   -3.421
 589    33000  4.00   -2.214   -3.036   -3.231   -3.421   -2.833   -3.113   -3.242   -3.418
 590    33000  4.50   -2.259   -3.070   -3.271   -3.463   -2.868   -3.147   -3.280   -3.460
 591    33000  5.00   -2.298   -3.097   -3.299   -3.492   -2.900   -3.173   -3.308   -3.489
 592    34000  4.00   -2.275   -3.106   -3.300   -3.492   -2.902   -3.184   -3.313   -3.488
 593    34000  4.50   -2.310   -3.132   -3.335   -3.530   -2.928   -3.211   -3.346   -3.527
 594    34000  5.00   -2.345   -3.157   -3.362   -3.557   -2.956   -3.235   -3.372   -3.554
 595    35000  4.00   -2.342   -3.180   -3.374   -3.565   -2.974   -3.258   -3.387   -3.562
 596    35000  4.50   -2.366   -3.198   -3.401   -3.597   -2.991   -3.277   -3.413   -3.594
 597    35000  5.00   -2.395   -3.219   -3.426   -3.623   -3.015   -3.298   -3.436   -3.620
 598    36000  4.00   -2.413   -3.257   -3.450   -3.642   -3.051   -3.337   -3.465   -3.639
 599    36000  4.50   -2.427   -3.266   -3.470   -3.667   -3.057   -3.347   -3.483   -3.663
 600    36000  5.00   -2.450   -3.283   -3.491   -3.689   -3.076   -3.363   -3.502   -3.686
 601    37000  4.00   -2.488   -3.337   -3.530   -3.722   -3.129   -3.417   -3.545   -3.719
 602    37000  4.50   -2.492   -3.338   -3.541   -3.739   -3.127   -3.420   -3.555   -3.735
 603    37000  5.00   -2.509   -3.349   -3.558   -3.757   -3.140   -3.431   -3.570   -3.754
 604    38000  4.00   -2.565   -3.418   -3.611   -3.804   -3.209   -3.499   -3.627   -3.800
 605    38000  4.50   -2.562   -3.412   -3.615   -3.814   -3.200   -3.495   -3.631   -3.810
 606    38000  5.00   -2.571   -3.418   -3.627   -3.827   -3.207   -3.501   -3.640   -3.823
 607    39000  4.00   -2.641   -3.498   -3.692   -3.886   -3.288   -3.579   -3.708   -3.882
 608    39000  4.50   -2.633   -3.489   -3.692   -3.891   -3.275   -3.572   -3.708   -3.887
 609    39000  5.00   -2.637   -3.490   -3.698   -3.899   -3.277   -3.573   -3.713   -3.895
 610    40000  4.50   -2.706   -3.566   -3.769   -3.969   -3.351   -3.650   -3.786   -3.965
 611    40000  5.00   -2.706   -3.563   -3.772   -3.974   -3.349   -3.648   -3.788   -3.970
 612    41000  4.50   -2.779   -3.642   -3.847   -4.048   -3.426   -3.727   -3.864   -4.043
 613    41000  5.00   -2.777   -3.638   -3.847   -4.050   -3.422   -3.723   -3.863   -4.045
 614    42000  4.50   -2.851   -3.718   -3.923   -4.125   -3.500   -3.803   -3.941   -4.121
 615    42000  5.00   -2.848   -3.712   -3.922   -4.126   -3.495   -3.799   -3.939   -4.121
 616    43000  4.50   -2.921   -3.792   -3.998   -4.201   -3.573   -3.878   -4.016   -4.197
 617    43000  5.00   -2.918   -3.786   -3.997   -4.202   -3.568   -3.873   -4.015   -4.197
 618    44000  4.50   -2.991   -3.864   -4.072   -4.275   -3.645   -3.951   -4.089   -4.271
 619    44000  5.00   -2.988   -3.859   -4.071   -4.277   -3.640   -3.947   -4.089   -4.272
 620    45000  4.50   -3.058   -3.935   -4.143   -4.348   -3.715   -4.022   -4.161   -4.343
 621    45000  5.00   -3.057   -3.931   -4.144   -4.350   -3.711   -4.019   -4.162   -4.346
 622    46000  4.50   -3.125   -4.005   -4.214   -4.419   -3.783   -4.092   -4.231   -4.414
 623    46000  5.00   -3.124   -4.001   -4.215   -4.422   -3.780   -4.090   -4.233   -4.418
 624    47000  4.50   -3.190   -4.073   -4.283   -4.489   -3.851   -4.160   -4.300   -4.484
 625    47000  5.00   -3.190   -4.070   -4.285   -4.493   -3.848   -4.160   -4.303   -4.488
 626    48000  4.50   -3.254   -4.140   -4.350   -4.557   -3.917   -4.227   -4.367   -4.552
 627    48000  5.00   -3.255   -4.138   -4.353   -4.562   -3.914   -4.227   -4.371   -4.557
 628    49000  4.50   -3.317   -4.205   -4.416   -4.623   -3.981   -4.293   -4.433   -4.619
 629    49000  5.00   -3.318   -4.204   -4.420   -4.630   -3.980   -4.294   -4.438   -4.625
 630    50000  5.00   -3.381   -4.269   -4.486   -4.696   -4.044   -4.359   -4.504   -4.691
 631    56101  5.00   -3.508   -4.413   -4.613   -4.805   -4.192   -4.493   -4.622   -4.802
 632    62946  5.00   -3.838   -4.755   -4.963   -5.160   -4.529   -4.838   -4.972   -5.157
 633    70627  5.00   -4.173   -5.101   -5.316   -5.517   -4.870   -5.186   -5.325   -5.514
 634    79245  5.00   -4.514   -5.451   -5.671   -5.877   -5.215   -5.538   -5.680   -5.873
 635    88914  5.00   -4.858   -5.804   -6.028   -6.238   -5.564   -5.892   -6.037   -6.235
 636    99763  5.00   -5.206   -6.159   -6.388   -6.600   -5.915   -6.249   -6.397   -6.597
 637   111936  5.00   -5.556   -6.516   -6.749   -6.965   -6.269   -6.607   -6.758   -6.961
 638   125595  5.00   -5.910   -6.875   -7.111   -7.330   -6.626   -6.968   -7.120   -7.326
 639   140920  5.00   -6.266   -7.236   -7.475   -7.696   -6.985   -7.330   -7.484   -7.693
 640   158115  5.00   -6.624   -7.599   -7.841   -8.064   -7.345   -7.693   -7.850   -8.060
 641   177407  5.00   -6.985   -7.963   -8.207   -8.432   -7.707   -8.058   -8.216   -8.428
 642   199055  5.00   -7.346   -8.328   -8.574   -8.801   -8.071   -8.424   -8.583   -8.797
 643   223343  5.00   -7.710   -8.694   -8.943   -9.170   -8.436   -8.791   -8.952   -9.167
 644   250595  5.00   -8.074   -9.062   -9.311   -9.540   -8.802   -9.159   -9.321   -9.537
 645   281172  5.00   -8.440   -9.430   -9.681   -9.911   -9.169   -9.528   -9.690   -9.907
 646   315481  5.00   -8.807   -9.799  -10.051  -10.282   -9.536   -9.897  -10.060  -10.279
 647   353975  5.00   -9.174  -10.168  -10.422  -10.654   -9.905  -10.267  -10.431  -10.650
 648   397167  5.00   -9.543  -10.539  -10.793  -11.026  -10.274  -10.638  -10.802  -11.022
 649   445629  5.00   -9.912  -10.909  -11.165  -11.398  -10.644  -11.009  -11.174  -11.394
 650   500004  5.00  -10.282  -11.280  -11.537  -11.771  -11.015  -11.380  -11.546  -11.767
 651   561014  5.00  -10.652  -11.652  -11.909  -12.144  -11.386  -11.752  -11.918  -12.140
 652   629469  5.00  -11.023  -12.024  -12.282  -12.517  -11.757  -12.124  -12.291  -12.513
 653   706276  5.00  -11.394  -12.396  -12.654  -12.890  -12.129  -12.497  -12.664  -12.886
 654   792455  5.00  -11.766  -12.769  -13.028  -13.264  -12.501  -12.869  -13.037  -13.260
 655   889149  5.00  -12.138  -13.142  -13.401  -13.637  -12.874  -13.242  -13.410  -13.633
 656   997642  5.00  -12.511  -13.515  -13.774  -14.011  -13.247  -13.616  -13.784  -14.007
 657  1119373  5.00  -12.884  -13.888  -14.148  -14.385  -13.620  -13.989  -14.157  -14.381
 658  1255958  5.00  -13.256  -14.262  -14.522  -14.759  -13.993  -14.363  -14.531  -14.755
 659  1409209  5.00  -13.630  -14.635  -14.896  -15.133  -14.366  -14.736  -14.905  -15.129
 660  1581159  5.00  -14.003  -15.009  -15.270  -15.508  -14.740  -15.110  -15.279  -15.503
 661  1774090  5.00  -14.377  -15.383  -15.644  -15.882  -15.114  -15.484  -15.653  -15.878
 662  1990563  5.00  -14.750  -15.757  -16.018  -16.256  -15.487  -15.858  -16.027  -16.252
 663  2233450  5.00  -15.124  -16.131  -16.393  -16.631  -15.862  -16.233  -16.402  -16.627
 664  2505973  5.00  -15.498  -16.505  -16.767  -17.005  -16.236  -16.607  -16.776  -17.001
 665  2811749  5.00  -15.872  -16.880  -17.141  -17.380  -16.610  -16.981  -17.151  -17.376
 666  3154836  5.00  -16.246  -17.254  -17.516  -17.754  -16.984  -17.356  -17.525  -17.750
 667  3539785  5.00  -16.621  -17.629  -17.891  -18.129  -17.359  -17.730  -17.900  -18.125
 668  3971706  5.00  -16.995  -18.003  -18.265  -18.504  -17.733  -18.105  -18.274  -18.500
 669  4456330  5.00  -17.370  -18.378  -18.640  -18.879  -18.107  -18.479  -18.649  -18.874
# BCs for Fluks et al. 1994 M-giant spectra:
#  n     Teff  logg        C        M       T1       T2        B        V        R        I
   0     3810  0.00   -3.657   -1.726   -0.418    0.426   -2.779   -1.256   -0.342    0.415
   1     3736  0.00   -3.893   -1.953   -0.607    0.402   -3.020   -1.480   -0.500    0.388
   2     3666  0.00   -4.155   -2.197   -0.827    0.363   -3.288   -1.722   -0.681    0.346
   3     3574  0.00   -4.456   -2.602   -1.160    0.241   -3.690   -2.104   -0.961    0.221
   4     3434  0.00   -5.025   -3.306   -1.762   -0.014   -4.356   -2.802   -1.473   -0.038
   5     3309  0.00   -5.769   -4.357   -2.616   -0.401   -5.339   -3.818   -2.217   -0.437
   6     3126  0.00   -6.951   -5.748   -3.848   -1.043   -6.712   -5.168   -3.221   -1.082
   7     2890  0.00   -7.951   -7.154   -4.580   -1.589   -8.061   -6.368   -3.883   -1.624
   8     2667  0.00   -8.753   -8.185   -5.024   -1.858   -9.000   -7.217   -4.257   -1.890
   9     2500  0.00   -9.504   -8.936   -5.527   -1.997   -9.747   -7.956   -4.612   -2.027
