# BCs for ATLAS9 + DUSTY99 + blackbody spectra:
#  n     Teff  logg        C        M       T1       T2 DDO51_finf DDO51_f7.9 DDO51_f2.9
   0      500  3.50  -999999  -69.120  -50.732  -38.995  -81.371  -81.609  -82.480
   1      500  4.00  -999999  -67.989  -49.909  -38.309  -76.026  -76.158  -76.861
   2      500  4.50  -999999  -67.606  -49.318  -37.698  -75.460  -75.527  -75.888
   3      500  5.00  -999999  -65.312  -47.454  -36.087  -72.605  -72.656  -72.884
   4      500  5.50  -999999  -62.327  -45.102  -34.091  -69.239  -69.288  -69.511
   5      500  6.00  -79.899  -59.318  -42.759  -32.118  -65.853  -65.900  -66.115
   6      600  3.50  -74.565  -56.067  -41.042  -31.025  -61.766  -61.808  -62.003
   7      600  4.00  -73.676  -55.386  -40.528  -30.594  -60.988  -61.030  -61.222
   8      600  4.50  -76.123  -57.035  -41.452  -31.235  -63.013  -63.057  -63.259
   9      600  5.00  -73.928  -55.228  -39.933  -29.908  -61.029  -61.072  -61.270
  10      600  5.50  -71.180  -52.979  -38.102  -28.336  -58.538  -58.580  -58.773
  11      600  6.00  -68.123  -50.523  -36.188  -26.725  -55.788  -55.828  -56.015
  12      700  3.50  -61.609  -46.048  -33.536  -24.858  -50.346  -50.381  -50.544
  13      700  4.00  -60.901  -45.504  -33.131  -24.524  -49.726  -49.760  -49.922
  14      700  4.50  -62.800  -46.812  -33.886  -25.040  -51.312  -51.348  -51.516
  15      700  5.00  -61.764  -45.912  -33.079  -24.308  -50.349  -50.385  -50.552
  16      700  5.50  -59.640  -44.107  -31.519  -22.923  -48.397  -48.432  -48.596
  17      700  6.00  -56.868  -41.843  -29.690  -21.361  -45.899  -45.933  -46.092
  18      800  3.50  -50.237  -37.127  -26.682  -19.172  -40.320  -40.349  -40.485
  19      800  4.00  -50.443  -37.322  -26.862  -19.331  -40.520  -40.549  -40.685
  20      800  4.50  -52.010  -38.410  -27.507  -19.768  -41.823  -41.853  -41.995
  21      800  5.00  -51.082  -37.547  -26.689  -19.020  -40.935  -40.964  -41.106
  22      800  5.50  -49.690  -36.237  -25.522  -17.998  -39.582  -39.611  -39.753
  23      800  6.00  -47.289  -34.225  -23.961  -16.720  -37.383  -37.411  -37.549
  24      900  3.50  -40.502  -29.544  -21.031  -14.664  -31.813  -31.836  -31.949
  25      900  4.00  -40.551  -29.510  -20.936  -14.543  -31.811  -31.835  -31.948
  26      900  4.50  -42.362  -30.757  -21.722  -15.088  -33.290  -33.315  -33.435
  27      900  5.00  -40.480  -29.084  -20.326  -13.901  -31.515  -31.539  -31.657
  28      900  5.50  -40.547  -29.123  -20.347  -13.915  -31.564  -31.589  -31.707
  29     1000  3.50  -35.628  -25.841  -18.311  -12.559  -27.646  -27.666  -27.765
  30     1000  4.00  -34.823  -25.174  -17.768  -12.105  -26.924  -26.944  -27.042
  31     1000  4.50  -34.764  -24.976  -17.514  -11.840  -26.770  -26.790  -26.889
  32     1000  5.00  -34.704  -24.773  -17.260  -11.580  -26.609  -26.629  -26.730
  33     1000  5.50  -34.220  -24.325  -16.874  -11.247  -26.140  -26.161  -26.261
  34     1000  6.00  -32.782  -23.230  -16.055  -10.607  -24.914  -24.934  -25.030
  35     1100  3.50  -31.082  -22.360  -15.699  -10.541  -23.772  -23.789  -23.877
  36     1100  4.00  -30.727  -22.067  -15.459  -10.339  -23.456  -23.473  -23.560
  37     1100  4.50  -30.612  -21.890  -15.265  -10.149  -23.294  -23.312  -23.399
  38     1100  5.00  -30.099  -21.370  -14.788   -9.722  -22.767  -22.784  -22.872
  39     1100  5.50  -29.416  -20.740  -14.242   -9.254  -22.109  -22.127  -22.214
  40     1100  6.00  -36.042  -26.255  -18.724  -12.973  -28.060  -28.080  -28.179
  41     1200  3.50  -27.075  -19.282  -13.341   -8.705  -20.382  -20.397  -20.475
  42     1200  4.00  -27.075  -19.282  -13.341   -8.705  -20.382  -20.397  -20.475
  43     1200  4.50  -27.075  -19.282  -13.341   -8.705  -20.382  -20.397  -20.475
  44     1200  5.00  -27.138  -19.190  -13.176   -8.511  -20.331  -20.347  -20.426
  45     1200  6.00  -25.585  -17.844  -12.048   -7.575  -18.900  -18.916  -18.993
  46     1300  3.50  -23.555  -16.578  -11.256   -7.085  -17.428  -17.442  -17.512
  47     1300  4.00  -23.590  -16.614  -11.286   -7.111  -17.466  -17.479  -17.549
  48     1300  4.50  -24.187  -17.041  -11.590   -7.329  -17.940  -17.955  -18.026
  49     1300  5.00  -24.179  -16.996  -11.525   -7.258  -17.905  -17.919  -17.990
  50     1300  5.50  -24.007  -16.773  -11.302   -7.056  -17.686  -17.701  -17.772
  51     1300  6.00  -27.257  -19.506  -13.595   -8.980  -20.593  -20.608  -20.686
  52     1400  3.50  -20.622  -14.337   -9.538   -5.770  -14.997  -15.009  -15.071
  53     1400  4.00  -20.660  -14.367   -9.559   -5.785  -15.029  -15.041  -15.103
  54     1400  4.50  -21.037  -14.626   -9.724   -5.890  -15.316  -15.329  -15.393
  55     1400  5.00  -21.412  -14.888   -9.910   -6.022  -15.607  -15.620  -15.684
  56     1400  5.50  -21.218  -14.643   -9.658   -5.798  -15.357  -15.370  -15.435
  57     1400  6.00  -21.227  -14.648   -9.660   -5.799  -15.362  -15.375  -15.440
  58     1500  3.50  -18.419  -12.644   -8.208   -4.702  -13.185  -13.196  -13.251
  59     1500  4.00  -18.335  -12.593   -8.190   -4.718  -13.122  -13.133  -13.188
  60     1500  4.50  -18.716  -12.844   -8.356   -4.837  -13.399  -13.410  -13.467
  61     1500  5.00  -18.887  -12.958   -8.429   -4.890  -13.522  -13.534  -13.591
  62     1500  5.50  -19.035  -13.041   -8.471   -4.915  -13.614  -13.626  -13.684
  63     1500  6.00  -19.042  -13.023   -8.438   -4.887  -13.591  -13.603  -13.662
  64     1600  3.50  -16.733  -11.212   -7.035   -3.686  -11.697  -11.707  -11.757
  65     1600  4.00  -16.612  -11.198   -7.058   -3.736  -11.661  -11.671  -11.721
  66     1600  4.50  -16.679  -11.252   -7.107   -3.823  -11.712  -11.722  -11.772
  67     1600  5.00  -16.771  -11.333   -7.174   -3.907  -11.790  -11.800  -11.851
  68     1600  5.50  -16.894  -11.410   -7.221   -3.958  -11.869  -11.879  -11.930
  69     1600  6.00  -16.991  -11.470   -7.255   -3.994  -11.924  -11.935  -11.987
  70     1700  3.50  -14.931   -9.798   -6.051   -2.763  -10.147  -10.155  -10.194
  71     1700  4.00  -14.562   -9.412   -5.701   -2.528   -9.814   -9.823   -9.860
  72     1700  4.50  -13.413   -8.564   -5.102   -2.004   -8.944   -8.951   -8.983
  73     1700  5.00  -14.685   -9.574   -5.784   -2.595   -9.995  -10.004  -10.044
  74     1700  5.50  -15.047   -9.947   -6.069   -2.923  -10.343  -10.352  -10.397
  75     1700  6.00  -15.212  -10.109   -6.213   -3.156  -10.486  -10.496  -10.541
  76     1800  3.50  -13.532   -8.899   -5.520   -2.226   -9.081   -9.086   -9.116
  77     1800  4.00  -13.348   -8.679   -5.328   -2.119   -8.946   -8.953   -8.982
  78     1800  4.50  -12.520   -8.020   -4.811   -1.749   -8.327   -8.333   -8.360
  79     1800  5.00  -12.493   -8.000   -4.774   -1.707   -8.351   -8.358   -8.384
  80     1800  5.50  -13.309   -8.592   -5.111   -2.043   -8.965   -8.973   -9.007
  81     1800  6.00  -13.431   -8.687   -5.133   -2.086   -9.043   -9.052   -9.088
  82     1900  3.50  -11.640   -7.903   -5.010   -1.684   -7.894   -7.898   -7.921
  83     1900  4.00  -12.336   -8.049   -5.032   -1.743   -8.186   -8.190   -8.213
  84     1900  4.50  -13.200   -8.535   -5.276   -2.004   -8.829   -8.835   -8.861
  85     1900  5.00  -12.422   -7.952   -4.817   -1.669   -8.283   -8.289   -8.312
  86     1900  5.50  -12.616   -8.169   -4.904   -1.830   -8.521   -8.528   -8.556
  87     1900  6.00  -12.610   -8.196   -4.861   -1.895   -8.520   -8.528   -8.559
  88     2000  3.50  -10.293   -7.317   -4.814   -1.390   -7.197   -7.200   -7.222
  89     2000  4.00  -11.058   -7.329   -4.701   -1.348   -7.350   -7.353   -7.372
  90     2000  4.50  -11.525   -7.349   -4.613   -1.311   -7.505   -7.508   -7.525
  91     2000  5.00  -11.924   -7.527   -4.638   -1.376   -7.814   -7.818   -7.836
  92     2000  5.50  -12.266   -7.898   -4.797   -1.645   -8.236   -8.242   -8.265
  93     2000  6.00  -11.925   -7.733   -4.604   -1.631   -8.052   -8.059   -8.085
  94     2100  4.00   -9.895   -6.737   -4.454   -1.067   -6.703   -6.705   -6.724
  95     2100  5.00  -10.872   -6.733   -4.223   -0.924   -6.954   -6.956   -6.969
  96     2100  5.50  -11.628   -7.256   -4.464   -1.189   -7.602   -7.606   -7.620
  97     2100  6.00  -11.787   -7.545   -4.541   -1.422   -7.898   -7.905   -7.927
  98     2200  3.50   -8.021   -6.104   -4.220   -0.849   -5.950   -5.954   -5.978
  99     2200  4.00   -8.774   -6.147   -4.161   -0.810   -6.104   -6.107   -6.128
 100     2200  4.50   -9.563   -6.232   -4.136   -0.759   -6.295   -6.297   -6.312
 101     2200  5.00  -10.207   -6.305   -4.053   -0.707   -6.506   -6.507   -6.518
 102     2200  5.50  -10.828   -6.582   -4.115   -0.793   -6.907   -6.909   -6.918
 103     2200  6.00  -11.046   -6.717   -4.078   -0.839   -7.118   -7.123   -7.135
 104     2300  3.50   -7.194   -5.564   -3.850   -0.610   -5.440   -5.446   -5.471
 105     2300  4.00   -7.865   -5.610   -3.817   -0.574   -5.589   -5.594   -5.617
 106     2300  4.50   -8.675   -5.740   -3.858   -0.543   -5.816   -5.820   -5.837
 107     2300  5.00   -9.482   -5.875   -3.837   -0.511   -6.075   -6.078   -6.088
 108     2300  5.50  -10.117   -6.043   -3.842   -0.517   -6.358   -6.360   -6.367
 109     2300  6.00  -10.402   -6.136   -3.769   -0.512   -6.538   -6.542   -6.549
 110     2400  3.50   -6.530   -5.065   -3.441   -0.388   -4.985   -4.992   -5.018
 111     2400  4.00   -7.094   -5.106   -3.434   -0.357   -5.122   -5.128   -5.154
 112     2400  4.50   -7.826   -5.242   -3.519   -0.336   -5.349   -5.354   -5.375
 113     2400  5.50   -9.333   -5.527   -3.550   -0.275   -5.848   -5.850   -5.856
 114     2400  6.00   -9.880   -5.713   -3.545   -0.304   -6.126   -6.129   -6.134
 115     2500  3.50   -6.055   -4.637   -3.042   -0.201   -4.600   -4.608   -4.635
 116     2500  4.00   -6.485   -4.652   -3.037   -0.165   -4.705   -4.713   -4.741
 117     2500  4.50   -7.119   -4.794   -3.166   -0.154   -4.936   -4.943   -4.967
 118     2500  5.00   -7.848   -4.914   -3.206   -0.113   -5.164   -5.170   -5.185
 119     2500  5.50   -8.635   -5.093   -3.260   -0.098   -5.446   -5.449   -5.456
 120     2500  6.00   -9.252   -5.272   -3.280   -0.108   -5.709   -5.712   -5.717
 121     2600  3.50   -5.672   -4.266   -2.685   -0.048   -4.262   -4.270   -4.298
 122     2600  4.00   -6.003   -4.254   -2.670   -0.008   -4.338   -4.347   -4.376
 123     2600  4.50   -6.530   -4.384   -2.812    0.005   -4.560   -4.569   -4.595
 124     2600  5.00   -7.134   -4.475   -2.853    0.045   -4.758   -4.765   -4.784
 125     2600  5.50   -7.891   -4.644   -2.928    0.066   -5.029   -5.034   -5.043
 126     2600  6.00   -8.596   -4.856   -2.997    0.053   -5.315   -5.320   -5.325
 127     2700  3.50   -5.360   -3.961   -2.399    0.065   -3.978   -3.986   -4.014
 128     2700  4.00   -5.597   -3.904   -2.347    0.120   -4.009   -4.018   -4.047
 129     2700  4.50   -6.019   -4.006   -2.477    0.141   -4.208   -4.218   -4.246
 130     2700  5.00   -6.525   -4.077   -2.510    0.177   -4.385   -4.394   -4.417
 131     2700  5.50   -7.198   -4.223   -2.590    0.201   -4.635   -4.642   -4.655
 132     2700  6.00   -7.917   -4.429   -2.680    0.199   -4.916   -4.922   -4.929
 133     2800  5.00   -7.278   -3.377   -1.658    0.605   -4.207   -4.223   -4.245
 134     2800  5.50   -7.757   -3.487   -1.633    0.681   -4.370   -4.388   -4.414
 135     2900  5.00   -6.700   -3.066   -1.412    0.606   -3.869   -3.885   -3.907
 136     2900  5.50   -7.169   -3.169   -1.420    0.674   -4.040   -4.057   -4.083
 137     3000  5.00   -6.167   -2.791   -1.187    0.608   -3.553   -3.567   -3.589
 138     3000  5.50   -6.618   -2.885   -1.217    0.669   -3.728   -3.744   -3.767
 139     3100  5.00   -5.678   -2.551   -0.989    0.611   -3.259   -3.273   -3.293
 140     3100  5.50   -6.094   -2.635   -1.028    0.663   -3.432   -3.447   -3.468
 141     3200  5.00   -5.237   -2.342   -0.818    0.616   -2.996   -3.008   -3.026
 142     3200  5.50   -5.604   -2.411   -0.857    0.660   -3.153   -3.166   -3.186
 143     3300  5.00   -4.836   -2.157   -0.666    0.624   -2.753   -2.764   -2.780
 144     3300  5.50   -5.144   -2.213   -0.703    0.661   -2.889   -2.901   -2.918
 145     3400  5.00   -4.474   -1.992   -0.532    0.635   -2.533   -2.543   -2.557
 146     3400  5.50   -4.716   -2.036   -0.564    0.663   -2.644   -2.655   -2.669
 147     3500  5.00   -4.143   -1.842   -0.415    0.646   -2.333   -2.341   -2.354
 148     3500  5.50   -4.319   -1.877   -0.440    0.667   -2.415   -2.424   -2.437
 149     3600  5.00   -3.839   -1.707   -0.317    0.655   -2.146   -2.153   -2.165
 150     3600  5.50   -3.963   -1.736   -0.335    0.671   -2.206   -2.213   -2.225
 151     3700  5.00   -3.560   -1.581   -0.238    0.663   -1.966   -1.973   -1.983
 152     3700  5.50   -3.668   -1.612   -0.251    0.674   -2.028   -2.035   -2.045
 153     3800  5.00   -3.308   -1.461   -0.175    0.671   -1.799   -1.805   -1.814
 154     3800  5.50   -3.404   -1.482   -0.173    0.688   -1.861   -1.868   -1.877
 155     3500  0.00   -4.894   -2.318   -0.705    0.386   -2.547   -2.554   -2.576
 156     3500  0.50   -4.475   -2.112   -0.612    0.435   -2.376   -2.384   -2.408
 157     3500  1.00   -4.094   -1.942   -0.529    0.487   -2.239   -2.248   -2.273
 158     3500  1.50   -3.770   -1.802   -0.451    0.542   -2.133   -2.143   -2.171
 159     3500  2.00   -3.530   -1.701   -0.386    0.594   -2.062   -2.072   -2.102
 160     3500  2.50   -3.409   -1.653   -0.331    0.640   -2.016   -2.026   -2.055
 161     3500  3.00   -3.354   -1.625   -0.281    0.673   -1.987   -1.998   -2.027
 162     3500  3.50   -3.352   -1.621   -0.256    0.686   -2.012   -2.024   -2.055
 163     3500  4.00   -3.407   -1.640   -0.243    0.692   -2.097   -2.110   -2.146
 164     3500  4.50   -3.521   -1.678   -0.238    0.696   -2.236   -2.253   -2.296
 165     3500  5.00   -3.691   -1.733   -0.238    0.700   -2.427   -2.448   -2.501
 166     3750  0.00   -4.284   -1.886   -0.457    0.478   -1.995   -1.999   -2.015
 167     3750  0.50   -3.968   -1.755   -0.417    0.480   -1.909   -1.914   -1.930
 168     3750  1.00   -3.682   -1.651   -0.378    0.491   -1.857   -1.863   -1.881
 169     3750  1.50   -3.430   -1.563   -0.336    0.515   -1.820   -1.827   -1.846
 170     3750  2.00   -3.218   -1.486   -0.288    0.550   -1.786   -1.794   -1.816
 171     3750  2.50   -3.077   -1.434   -0.246    0.588   -1.764   -1.773   -1.797
 172     3750  3.00   -3.013   -1.412   -0.207    0.633   -1.739   -1.748   -1.771
 173     3750  3.50   -2.972   -1.396   -0.171    0.668   -1.716   -1.725   -1.748
 174     3750  4.00   -2.964   -1.391   -0.148    0.689   -1.735   -1.744   -1.768
 175     3750  4.50   -3.006   -1.403   -0.132    0.703   -1.811   -1.822   -1.850
 176     3750  5.00   -3.114   -1.435   -0.121    0.714   -1.948   -1.962   -1.997
 177     4000  0.00   -3.624   -1.476   -0.221    0.600   -1.498   -1.501   -1.513
 178     4000  0.50   -3.342   -1.367   -0.202    0.584   -1.405   -1.408   -1.420
 179     4000  1.00   -3.104   -1.295   -0.193    0.572   -1.363   -1.366   -1.377
 180     4000  1.50   -2.917   -1.247   -0.184    0.567   -1.357   -1.361   -1.372
 181     4000  2.00   -2.787   -1.225   -0.179    0.564   -1.386   -1.391   -1.403
 182     4000  2.50   -2.697   -1.205   -0.161    0.574   -1.426   -1.432   -1.446
 183     4000  3.00   -2.644   -1.189   -0.133    0.602   -1.454   -1.460   -1.477
 184     4000  3.50   -2.620   -1.181   -0.101    0.643   -1.453   -1.460   -1.477
 185     4000  4.00   -2.599   -1.173   -0.069    0.681   -1.446   -1.453   -1.471
 186     4000  4.50   -2.596   -1.170   -0.046    0.706   -1.469   -1.476   -1.495
 187     4000  5.00   -2.631   -1.182   -0.030    0.722   -1.537   -1.546   -1.568
 188     4250  0.00   -3.031   -1.160   -0.044    0.687   -1.158   -1.160   -1.171
 189     4250  0.50   -2.788   -1.069   -0.034    0.667   -1.071   -1.073   -1.083
 190     4250  1.00   -2.582   -1.007   -0.033    0.649   -1.018   -1.020   -1.030
 191     4250  1.50   -2.423   -0.969   -0.035    0.635   -0.996   -0.999   -1.007
 192     4250  2.00   -2.311   -0.949   -0.037    0.626   -1.000   -1.003   -1.011
 193     4250  2.50   -2.241   -0.940   -0.037    0.622   -1.025   -1.028   -1.036
 194     4250  3.00   -2.206   -0.938   -0.031    0.625   -1.067   -1.070   -1.080
 195     4250  3.50   -2.201   -0.942   -0.019    0.638   -1.118   -1.122   -1.133
 196     4250  4.00   -2.220   -0.951    0.002    0.667   -1.146   -1.151   -1.163
 197     4250  4.50   -2.237   -0.958    0.025    0.697   -1.169   -1.174   -1.187
 198     4250  5.00   -2.251   -0.964    0.046    0.721   -1.207   -1.213   -1.227
 199     4500  0.00   -2.482   -0.903    0.085    0.739   -0.894   -0.896   -0.905
 200     4500  0.50   -2.297   -0.839    0.087    0.718   -0.833   -0.835   -0.843
 201     4500  1.00   -2.139   -0.794    0.084    0.698   -0.792   -0.793   -0.801
 202     4500  1.50   -2.015   -0.765    0.078    0.683   -0.769   -0.771   -0.778
 203     4500  2.00   -1.928   -0.748    0.073    0.671   -0.762   -0.764   -0.771
 204     4500  2.50   -1.874   -0.740    0.070    0.665   -0.769   -0.771   -0.778
 205     4500  3.00   -1.846   -0.737    0.071    0.663   -0.788   -0.790   -0.798
 206     4500  3.50   -1.840   -0.738    0.076    0.667   -0.820   -0.823   -0.831
 207     4500  4.00   -1.852   -0.744    0.086    0.677   -0.864   -0.867   -0.875
 208     4500  4.50   -1.882   -0.754    0.101    0.698   -0.901   -0.905   -0.914
 209     4500  5.00   -1.913   -0.763    0.117    0.721   -0.933   -0.937   -0.947
 210     4750  0.00   -1.958   -0.682    0.175    0.755   -0.671   -0.673   -0.681
 211     4750  0.50   -1.832   -0.649    0.168    0.735   -0.640   -0.641   -0.649
 212     4750  1.00   -1.723   -0.624    0.161    0.717   -0.617   -0.619   -0.626
 213     4750  1.50   -1.637   -0.607    0.153    0.702   -0.604   -0.605   -0.612
 214     4750  2.00   -1.577   -0.597    0.146    0.691   -0.598   -0.600   -0.606
 215     4750  2.50   -1.540   -0.592    0.142    0.683   -0.598   -0.600   -0.607
 216     4750  3.00   -1.526   -0.589    0.141    0.680   -0.604   -0.606   -0.613
 217     4750  3.50   -1.527   -0.587    0.144    0.682   -0.616   -0.618   -0.625
 218     4750  4.00   -1.539   -0.588    0.151    0.688   -0.637   -0.639   -0.645
 219     4750  4.50   -1.561   -0.592    0.161    0.700   -0.664   -0.666   -0.673
 220     4750  5.00   -1.596   -0.598    0.173    0.715   -0.698   -0.701   -0.708
 221     5000  0.00   -1.517   -0.504    0.233    0.745   -0.494   -0.495   -0.501
 222     5000  0.50   -1.429   -0.493    0.221    0.727   -0.484   -0.486   -0.491
 223     5000  1.00   -1.355   -0.486    0.209    0.710   -0.479   -0.480   -0.486
 224     5000  1.50   -1.299   -0.482    0.198    0.697   -0.477   -0.478   -0.484
 225     5000  2.00   -1.260   -0.481    0.190    0.686   -0.478   -0.479   -0.485
 226     5000  2.50   -1.239   -0.481    0.184    0.678   -0.481   -0.482   -0.488
 227     5000  3.00   -1.235   -0.481    0.182    0.676   -0.484   -0.485   -0.491
 228     5000  3.50   -1.242   -0.479    0.185    0.677   -0.488   -0.490   -0.496
 229     5000  4.00   -1.259   -0.478    0.191    0.683   -0.495   -0.497   -0.503
 230     5000  4.50   -1.282   -0.477    0.200    0.692   -0.507   -0.509   -0.515
 231     5000  5.00   -1.311   -0.477    0.211    0.704   -0.523   -0.525   -0.531
 232     5250  0.00   -1.178   -0.366    0.268    0.720   -0.357   -0.358   -0.363
 233     5250  0.50   -1.118   -0.369    0.252    0.703   -0.362   -0.363   -0.368
 234     5250  1.00   -1.068   -0.374    0.238    0.688   -0.368   -0.369   -0.374
 235     5250  1.50   -1.029   -0.382    0.225    0.675   -0.377   -0.378   -0.383
 236     5250  2.00   -1.004   -0.389    0.214    0.665   -0.385   -0.386   -0.392
 237     5250  2.50   -0.992   -0.396    0.206    0.657   -0.394   -0.395   -0.400
 238     5250  3.00   -0.990   -0.401    0.201    0.654   -0.400   -0.401   -0.406
 239     5250  3.50   -0.999   -0.402    0.203    0.655   -0.404   -0.405   -0.410
 240     5250  4.00   -1.017   -0.400    0.209    0.661   -0.406   -0.407   -0.413
 241     5250  4.50   -1.041   -0.398    0.218    0.670   -0.409   -0.411   -0.416
 242     5250  5.00   -1.068   -0.395    0.229    0.682   -0.415   -0.416   -0.422
 243     5500  0.00   -0.915   -0.256    0.285    0.685   -0.250   -0.250   -0.254
 244     5500  0.50   -0.880   -0.269    0.270    0.671   -0.264   -0.265   -0.269
 245     5500  1.00   -0.849   -0.283    0.255    0.658   -0.278   -0.279   -0.283
 246     5500  1.50   -0.825   -0.299    0.240    0.646   -0.294   -0.295   -0.299
 247     5500  2.00   -0.810   -0.314    0.226    0.635   -0.310   -0.311   -0.315
 248     5500  2.50   -0.802   -0.328    0.215    0.626   -0.324   -0.325   -0.330
 249     5500  3.00   -0.800   -0.339    0.207    0.621   -0.336   -0.337   -0.342
 250     5500  3.50   -0.806   -0.345    0.205    0.620   -0.343   -0.345   -0.349
 251     5500  4.00   -0.819   -0.346    0.208    0.624   -0.347   -0.348   -0.353
 252     5500  4.50   -0.839   -0.344    0.217    0.633   -0.347   -0.349   -0.354
 253     5500  5.00   -0.862   -0.340    0.228    0.645   -0.348   -0.349   -0.354
 254     5750  0.00   -0.704   -0.169    0.290    0.642   -0.164   -0.164   -0.168
 255     5750  0.50   -0.691   -0.187    0.277    0.632   -0.183   -0.184   -0.187
 256     5750  1.00   -0.678   -0.207    0.262    0.622   -0.203   -0.203   -0.207
 257     5750  1.50   -0.668   -0.227    0.248    0.611   -0.223   -0.224   -0.228
 258     5750  2.00   -0.662   -0.249    0.233    0.601   -0.245   -0.245   -0.249
 259     5750  2.50   -0.660   -0.269    0.219    0.592   -0.265   -0.266   -0.270
 260     5750  3.00   -0.661   -0.287    0.207    0.584   -0.283   -0.284   -0.288
 261     5750  3.50   -0.663   -0.300    0.200    0.580   -0.297   -0.298   -0.302
 262     5750  4.00   -0.670   -0.307    0.199    0.581   -0.304   -0.305   -0.310
 263     5750  4.50   -0.682   -0.307    0.204    0.588   -0.306   -0.308   -0.312
 264     5750  5.00   -0.699   -0.304    0.215    0.599   -0.306   -0.307   -0.312
 265     6000  0.00   -0.526   -0.097    0.285    0.591   -0.095   -0.095   -0.098
 266     6000  0.50   -0.535   -0.118    0.275    0.587   -0.115   -0.116   -0.119
 267     6000  1.00   -0.538   -0.141    0.263    0.581   -0.138   -0.138   -0.141
 268     6000  1.50   -0.541   -0.165    0.250    0.573   -0.161   -0.162   -0.165
 269     6000  2.00   -0.545   -0.190    0.235    0.564   -0.186   -0.187   -0.191
 270     6000  2.50   -0.550   -0.216    0.219    0.555   -0.212   -0.212   -0.216
 271     6000  3.00   -0.555   -0.240    0.205    0.546   -0.235   -0.236   -0.240
 272     6000  3.50   -0.559   -0.260    0.193    0.539   -0.255   -0.256   -0.260
 273     6000  4.00   -0.563   -0.274    0.187    0.537   -0.270   -0.271   -0.275
 274     6000  4.50   -0.568   -0.280    0.187    0.539   -0.277   -0.278   -0.282
 275     6000  5.00   -0.578   -0.280    0.194    0.548   -0.278   -0.279   -0.284
 276     6250  0.50   -0.399   -0.061    0.266    0.537   -0.060   -0.060   -0.063
 277     6250  1.00   -0.419   -0.084    0.258    0.535   -0.082   -0.082   -0.085
 278     6250  1.50   -0.434   -0.110    0.247    0.531   -0.107   -0.107   -0.110
 279     6250  2.00   -0.448   -0.138    0.233    0.524   -0.134   -0.135   -0.138
 280     6250  2.50   -0.460   -0.167    0.217    0.516   -0.163   -0.163   -0.167
 281     6250  3.00   -0.471   -0.196    0.201    0.507   -0.191   -0.192   -0.195
 282     6250  3.50   -0.479   -0.222    0.186    0.499   -0.217   -0.218   -0.221
 283     6250  4.00   -0.484   -0.243    0.174    0.493   -0.238   -0.239   -0.243
 284     6250  4.50   -0.486   -0.257    0.169    0.492   -0.252   -0.253   -0.257
 285     6250  5.00   -0.490   -0.262    0.171    0.497   -0.258   -0.259   -0.264
 286     6500  0.50   -0.272   -0.016    0.245    0.479   -0.018   -0.018   -0.019
 287     6500  1.00   -0.312   -0.036    0.246    0.485   -0.035   -0.036   -0.038
 288     6500  1.50   -0.340   -0.061    0.239    0.485   -0.059   -0.060   -0.062
 289     6500  2.00   -0.363   -0.091    0.227    0.481   -0.087   -0.088   -0.090
 290     6500  2.50   -0.383   -0.123    0.212    0.475   -0.118   -0.119   -0.121
 291     6500  3.00   -0.400   -0.155    0.195    0.467   -0.150   -0.150   -0.153
 292     6500  3.50   -0.414   -0.186    0.178    0.458   -0.180   -0.181   -0.184
 293     6500  4.00   -0.422   -0.213    0.163    0.450   -0.207   -0.208   -0.212
 294     6500  4.50   -0.426   -0.234    0.152    0.446   -0.229   -0.229   -0.233
 295     6500  5.00   -0.427   -0.247    0.148    0.446   -0.242   -0.242   -0.246
 296     6750  0.50   -0.173    0.021    0.224    0.423    0.017    0.017    0.016
 297     6750  1.00   -0.208    0.002    0.224    0.427   -0.000   -0.001   -0.002
 298     6750  1.50   -0.253   -0.021    0.225    0.433   -0.020   -0.020   -0.022
 299     6750  2.00   -0.287   -0.049    0.217    0.434   -0.046   -0.047   -0.049
 300     6750  2.50   -0.315   -0.082    0.204    0.431   -0.077   -0.078   -0.080
 301     6750  3.00   -0.339   -0.117    0.188    0.425   -0.111   -0.112   -0.114
 302     6750  3.50   -0.359   -0.152    0.169    0.417   -0.145   -0.146   -0.149
 303     6750  4.00   -0.372   -0.184    0.151    0.408   -0.178   -0.178   -0.181
 304     6750  4.50   -0.379   -0.212    0.136    0.401   -0.205   -0.206   -0.209
 305     6750  5.00   -0.380   -0.232    0.127    0.398   -0.225   -0.226   -0.230
 306     7000  0.50   -0.099    0.047    0.204    0.369    0.042    0.042    0.041
 307     7000  1.00   -0.127    0.031    0.201    0.372    0.027    0.027    0.026
 308     7000  1.50   -0.167    0.010    0.201    0.377    0.009    0.008    0.007
 309     7000  2.00   -0.216   -0.015    0.201    0.383   -0.013   -0.013   -0.015
 310     7000  2.50   -0.254   -0.047    0.192    0.383   -0.042   -0.043   -0.045
 311     7000  3.00   -0.285   -0.082    0.177    0.380   -0.076   -0.077   -0.079
 312     7000  3.50   -0.310   -0.120    0.159    0.373   -0.113   -0.113   -0.116
 313     7000  4.00   -0.329   -0.156    0.139    0.365   -0.149   -0.149   -0.152
 314     7000  4.50   -0.341   -0.190    0.121    0.358   -0.182   -0.182   -0.185
 315     7000  5.00   -0.345   -0.217    0.107    0.352   -0.209   -0.209   -0.213
 316     7250  0.50   -0.050    0.061    0.183    0.318    0.055    0.055    0.054
 317     7250  1.00   -0.066    0.050    0.178    0.318    0.044    0.044    0.043
 318     7250  1.50   -0.101    0.033    0.177    0.321    0.030    0.029    0.028
 319     7250  2.00   -0.145    0.010    0.176    0.326    0.010    0.010    0.008
 320     7250  2.50   -0.195   -0.018    0.174    0.332   -0.014   -0.015   -0.016
 321     7250  3.00   -0.235   -0.052    0.163    0.332   -0.046   -0.047   -0.049
 322     7250  3.50   -0.267   -0.090    0.146    0.328   -0.083   -0.083   -0.086
 323     7250  4.00   -0.292   -0.130    0.127    0.322   -0.121   -0.122   -0.124
 324     7250  4.50   -0.309   -0.168    0.107    0.314   -0.159   -0.159   -0.162
 325     7250  5.00   -0.318   -0.201    0.088    0.307   -0.191   -0.192   -0.195
 326     7500  0.50   -0.044    0.055    0.165    0.277    0.051    0.050    0.049
 327     7500  1.00   -0.024    0.055    0.152    0.265    0.049    0.049    0.048
 328     7500  1.50   -0.051    0.044    0.150    0.267    0.039    0.039    0.039
 329     7500  2.00   -0.090    0.026    0.149    0.270    0.024    0.024    0.023
 330     7500  2.50   -0.138    0.002    0.147    0.276    0.003    0.003    0.002
 331     7500  3.00   -0.188   -0.028    0.143    0.281   -0.023   -0.023   -0.025
 332     7500  3.50   -0.228   -0.065    0.130    0.280   -0.058   -0.058   -0.060
 333     7500  4.00   -0.259   -0.106    0.112    0.276   -0.097   -0.097   -0.099
 334     7500  4.50   -0.282   -0.147    0.091    0.270   -0.136   -0.137   -0.139
 335     7500  5.00   -0.296   -0.185    0.071    0.262   -0.174   -0.174   -0.177
 336     7750  1.00   -0.005    0.046    0.122    0.214    0.039    0.039    0.038
 337     7750  1.50   -0.018    0.042    0.119    0.212    0.036    0.036    0.036
 338     7750  2.00   -0.053    0.030    0.119    0.215    0.027    0.026    0.026
 339     7750  2.50   -0.095    0.011    0.117    0.218    0.011    0.010    0.010
 340     7750  3.00   -0.143   -0.014    0.115    0.224   -0.011   -0.011   -0.012
 341     7750  3.50   -0.191   -0.046    0.109    0.229   -0.039   -0.039   -0.041
 342     7750  4.00   -0.229   -0.086    0.094    0.228   -0.076   -0.076   -0.078
 343     7750  4.50   -0.258   -0.128    0.075    0.224   -0.116   -0.117   -0.119
 344     7750  5.00   -0.278   -0.169    0.053    0.217   -0.157   -0.157   -0.160
 345     8000  1.00   -0.014    0.017    0.089    0.167    0.010    0.010    0.009
 346     8000  1.50   -0.001    0.027    0.084    0.157    0.020    0.020    0.019
 347     8000  2.00   -0.028    0.021    0.084    0.158    0.016    0.016    0.016
 348     8000  2.50   -0.067    0.008    0.083    0.161    0.006    0.006    0.005
 349     8000  3.00   -0.111   -0.012    0.081    0.165   -0.011   -0.011   -0.011
 350     8000  3.50   -0.159   -0.038    0.079    0.172   -0.032   -0.032   -0.033
 351     8000  4.00   -0.203   -0.071    0.072    0.177   -0.062   -0.062   -0.063
 352     8000  4.50   -0.237   -0.112    0.055    0.176   -0.100   -0.100   -0.102
 353     8000  5.00   -0.262   -0.155    0.034    0.171   -0.142   -0.142   -0.144
 354     8250  1.00   -0.049   -0.039    0.049    0.121   -0.044   -0.045   -0.046
 355     8250  1.50   -0.001   -0.001    0.043    0.103   -0.010   -0.010   -0.010
 356     8250  2.00   -0.016    0.001    0.043    0.100   -0.006   -0.006   -0.007
 357     8250  2.50   -0.051   -0.007    0.044    0.102   -0.011   -0.011   -0.012
 358     8250  3.00   -0.093   -0.022    0.043    0.106   -0.022   -0.022   -0.022
 359     8250  3.50   -0.137   -0.043    0.041    0.111   -0.038   -0.038   -0.039
 360     8250  4.00   -0.181   -0.068    0.039    0.120   -0.059   -0.059   -0.060
 361     8250  4.50   -0.219   -0.103    0.031    0.125   -0.090   -0.090   -0.092
 362     8250  5.00   -0.249   -0.145    0.013    0.124   -0.130   -0.130   -0.132
 363     8500  1.50   -0.018   -0.043   -0.001    0.050   -0.052   -0.052   -0.053
 364     8500  2.00   -0.019   -0.031   -0.001    0.043   -0.040   -0.040   -0.040
 365     8500  2.50   -0.047   -0.033    0.000    0.042   -0.038   -0.038   -0.039
 366     8500  3.00   -0.085   -0.042    0.001    0.045   -0.044   -0.044   -0.044
 367     8500  3.50   -0.127   -0.058   -0.000    0.050   -0.055   -0.055   -0.056
 368     8500  4.00   -0.169   -0.079   -0.002    0.057   -0.071   -0.072   -0.072
 369     8500  4.50   -0.207   -0.104   -0.002    0.068   -0.091   -0.091   -0.092
 370     8500  5.00   -0.239   -0.139   -0.013    0.073   -0.123   -0.124   -0.125
 371     8750  1.50   -0.043   -0.095   -0.050   -0.005   -0.104   -0.104   -0.105
 372     8750  2.00   -0.030   -0.071   -0.049   -0.014   -0.081   -0.081   -0.081
 373     8750  2.50   -0.051   -0.068   -0.047   -0.016   -0.075   -0.075   -0.075
 374     8750  3.00   -0.085   -0.072   -0.045   -0.015   -0.076   -0.076   -0.076
 375     8750  3.50   -0.125   -0.083   -0.045   -0.011   -0.082   -0.082   -0.082
 376     8750  4.00   -0.166   -0.099   -0.046   -0.005   -0.093   -0.093   -0.093
 377     8750  4.50   -0.205   -0.119   -0.047    0.005   -0.107   -0.108   -0.108
 378     8750  5.00   -0.235   -0.143   -0.046    0.017   -0.127   -0.127   -0.128
 379     9000  1.50   -0.073   -0.151   -0.105   -0.064   -0.161   -0.161   -0.162
 380     9000  2.00   -0.050   -0.118   -0.100   -0.072   -0.128   -0.128   -0.129
 381     9000  2.50   -0.063   -0.109   -0.098   -0.076   -0.117   -0.117   -0.118
 382     9000  3.00   -0.093   -0.109   -0.095   -0.077   -0.114   -0.114   -0.114
 383     9000  3.50   -0.131   -0.116   -0.094   -0.074   -0.116   -0.116   -0.116
 384     9000  4.00   -0.171   -0.127   -0.093   -0.068   -0.122   -0.122   -0.122
 385     9000  4.50   -0.210   -0.144   -0.094   -0.060   -0.133   -0.133   -0.134
 386     9000  5.00   -0.240   -0.162   -0.091   -0.046   -0.146   -0.146   -0.147
 387     9250  2.00   -0.076   -0.169   -0.153   -0.131   -0.180   -0.180   -0.180
 388     9250  2.50   -0.082   -0.155   -0.150   -0.137   -0.165   -0.165   -0.165
 389     9250  3.00   -0.107   -0.152   -0.148   -0.138   -0.158   -0.158   -0.158
 390     9250  3.50   -0.142   -0.155   -0.145   -0.136   -0.157   -0.157   -0.157
 391     9250  4.00   -0.181   -0.162   -0.144   -0.131   -0.159   -0.159   -0.159
 392     9250  4.50   -0.219   -0.175   -0.143   -0.123   -0.165   -0.165   -0.166
 393     9250  5.00   -0.253   -0.191   -0.143   -0.112   -0.176   -0.176   -0.176
 394     9500  2.00   -0.105   -0.222   -0.208   -0.191   -0.233   -0.233   -0.233
 395     9500  2.50   -0.106   -0.205   -0.205   -0.197   -0.215   -0.215   -0.216
 396     9500  3.00   -0.127   -0.199   -0.202   -0.199   -0.207   -0.207   -0.207
 397     9500  3.50   -0.157   -0.199   -0.199   -0.198   -0.202   -0.202   -0.203
 398     9500  4.00   -0.194   -0.203   -0.196   -0.194   -0.201   -0.201   -0.201
 399     9500  4.50   -0.232   -0.211   -0.195   -0.187   -0.203   -0.203   -0.203
 400     9500  5.00   -0.268   -0.224   -0.194   -0.177   -0.210   -0.210   -0.210
 401     9750  2.00   -0.135   -0.274   -0.263   -0.252   -0.286   -0.286   -0.287
 402     9750  2.50   -0.134   -0.256   -0.260   -0.258   -0.267   -0.267   -0.268
 403     9750  3.00   -0.151   -0.248   -0.258   -0.261   -0.258   -0.258   -0.258
 404     9750  3.50   -0.179   -0.246   -0.255   -0.261   -0.252   -0.252   -0.251
 405     9750  4.00   -0.213   -0.247   -0.251   -0.257   -0.248   -0.248   -0.248
 406     9750  4.50   -0.250   -0.252   -0.248   -0.251   -0.246   -0.246   -0.246
 407     9750  5.00   -0.286   -0.262   -0.246   -0.241   -0.248   -0.248   -0.249
 408    10000  2.00   -0.166   -0.327   -0.319   -0.312   -0.339   -0.339   -0.340
 409    10000  2.50   -0.165   -0.308   -0.316   -0.318   -0.320   -0.320   -0.320
 410    10000  3.00   -0.179   -0.299   -0.314   -0.323   -0.310   -0.310   -0.309
 411    10000  3.50   -0.204   -0.296   -0.311   -0.324   -0.303   -0.303   -0.302
 412    10000  4.00   -0.235   -0.295   -0.307   -0.321   -0.297   -0.297   -0.297
 413    10000  4.50   -0.270   -0.297   -0.303   -0.314   -0.293   -0.293   -0.293
 414    10000  5.00   -0.305   -0.303   -0.300   -0.305   -0.291   -0.292   -0.292
 415    10250  2.00   -0.197   -0.379   -0.374   -0.372   -0.392   -0.392   -0.392
 416    10250  2.50   -0.196   -0.359   -0.371   -0.379   -0.372   -0.372   -0.372
 417    10250  3.00   -0.210   -0.351   -0.370   -0.384   -0.362   -0.362   -0.362
 418    10250  3.50   -0.232   -0.347   -0.368   -0.385   -0.355   -0.355   -0.355
 419    10250  4.00   -0.261   -0.345   -0.364   -0.383   -0.348   -0.348   -0.348
 420    10250  4.50   -0.293   -0.345   -0.359   -0.377   -0.343   -0.343   -0.343
 421    10250  5.00   -0.327   -0.348   -0.355   -0.368   -0.338   -0.338   -0.338
 422    10500  2.00   -0.228   -0.430   -0.428   -0.431   -0.444   -0.444   -0.444
 423    10500  2.50   -0.228   -0.411   -0.426   -0.438   -0.424   -0.424   -0.424
 424    10500  3.00   -0.241   -0.402   -0.425   -0.444   -0.414   -0.414   -0.414
 425    10500  3.50   -0.263   -0.398   -0.424   -0.447   -0.407   -0.407   -0.407
 426    10500  4.00   -0.289   -0.396   -0.421   -0.446   -0.401   -0.401   -0.400
 427    10500  4.50   -0.320   -0.395   -0.416   -0.440   -0.394   -0.394   -0.394
 428    10500  5.00   -0.352   -0.395   -0.410   -0.432   -0.388   -0.387   -0.387
 429    10750  2.00   -0.260   -0.481   -0.482   -0.490   -0.495   -0.495   -0.496
 430    10750  2.50   -0.260   -0.462   -0.480   -0.497   -0.476   -0.476   -0.476
 431    10750  3.00   -0.274   -0.454   -0.481   -0.504   -0.466   -0.466   -0.466
 432    10750  3.50   -0.294   -0.449   -0.480   -0.507   -0.459   -0.459   -0.459
 433    10750  4.00   -0.319   -0.447   -0.477   -0.507   -0.453   -0.453   -0.453
 434    10750  4.50   -0.348   -0.445   -0.473   -0.503   -0.446   -0.446   -0.446
 435    10750  5.00   -0.378   -0.444   -0.467   -0.494   -0.438   -0.438   -0.438
 436    11000  2.00   -0.292   -0.532   -0.536   -0.548   -0.546   -0.546   -0.546
 437    11000  2.50   -0.293   -0.512   -0.534   -0.555   -0.527   -0.527   -0.527
 438    11000  3.00   -0.306   -0.504   -0.535   -0.562   -0.517   -0.517   -0.517
 439    11000  3.50   -0.326   -0.500   -0.535   -0.567   -0.511   -0.511   -0.511
 440    11000  4.00   -0.351   -0.498   -0.533   -0.567   -0.505   -0.505   -0.505
 441    11000  4.50   -0.378   -0.496   -0.529   -0.564   -0.498   -0.498   -0.498
 442    11000  5.00   -0.407   -0.494   -0.523   -0.556   -0.490   -0.490   -0.490
 443    11250  2.00   -0.324   -0.582   -0.589   -0.605   -0.597   -0.597   -0.597
 444    11250  2.50   -0.325   -0.562   -0.587   -0.613   -0.577   -0.577   -0.577
 445    11250  3.00   -0.339   -0.555   -0.589   -0.620   -0.568   -0.568   -0.568
 446    11250  3.50   -0.359   -0.551   -0.589   -0.625   -0.563   -0.563   -0.562
 447    11250  4.00   -0.383   -0.549   -0.588   -0.627   -0.557   -0.557   -0.557
 448    11250  4.50   -0.409   -0.547   -0.585   -0.624   -0.550   -0.550   -0.550
 449    11250  5.00   -0.437   -0.544   -0.580   -0.618   -0.542   -0.542   -0.541
 450    11500  2.00   -0.356   -0.631   -0.641   -0.662   -0.646   -0.647   -0.647
 451    11500  2.50   -0.358   -0.612   -0.640   -0.670   -0.627   -0.627   -0.627
 452    11500  3.00   -0.372   -0.605   -0.642   -0.678   -0.619   -0.619   -0.618
 453    11500  3.50   -0.392   -0.601   -0.643   -0.683   -0.613   -0.613   -0.613
 454    11500  4.00   -0.415   -0.599   -0.643   -0.685   -0.608   -0.608   -0.608
 455    11500  4.50   -0.441   -0.597   -0.640   -0.684   -0.602   -0.602   -0.601
 456    11500  5.00   -0.467   -0.595   -0.635   -0.678   -0.594   -0.594   -0.593
 457    11750  2.00   -0.388   -0.680   -0.694   -0.718   -0.696   -0.696   -0.696
 458    11750  2.50   -0.391   -0.661   -0.692   -0.726   -0.676   -0.676   -0.676
 459    11750  3.00   -0.405   -0.654   -0.695   -0.734   -0.668   -0.668   -0.668
 460    11750  3.50   -0.425   -0.651   -0.696   -0.740   -0.664   -0.664   -0.663
 461    11750  4.00   -0.448   -0.649   -0.696   -0.743   -0.659   -0.659   -0.658
 462    11750  4.50   -0.472   -0.647   -0.694   -0.742   -0.653   -0.653   -0.652
 463    11750  5.00   -0.498   -0.645   -0.690   -0.737   -0.645   -0.645   -0.645
 464    12000  2.50   -0.423   -0.709   -0.744   -0.781   -0.725   -0.725   -0.725
 465    12000  3.00   -0.439   -0.703   -0.747   -0.790   -0.718   -0.718   -0.717
 466    12000  3.50   -0.459   -0.700   -0.749   -0.796   -0.713   -0.713   -0.713
 467    12000  4.00   -0.481   -0.699   -0.749   -0.799   -0.709   -0.709   -0.708
 468    12000  4.50   -0.505   -0.697   -0.748   -0.799   -0.703   -0.703   -0.703
 469    12000  5.00   -0.530   -0.695   -0.744   -0.795   -0.696   -0.696   -0.695
 470    12250  2.50   -0.456   -0.757   -0.795   -0.836   -0.773   -0.773   -0.773
 471    12250  3.00   -0.472   -0.751   -0.798   -0.845   -0.766   -0.766   -0.766
 472    12250  3.50   -0.492   -0.749   -0.801   -0.852   -0.762   -0.762   -0.762
 473    12250  4.00   -0.514   -0.747   -0.801   -0.855   -0.758   -0.758   -0.758
 474    12250  4.50   -0.537   -0.746   -0.800   -0.855   -0.753   -0.753   -0.753
 475    12250  5.00   -0.561   -0.744   -0.797   -0.851   -0.746   -0.746   -0.745
 476    12500  2.50   -0.489   -0.804   -0.845   -0.890   -0.821   -0.821   -0.821
 477    12500  3.00   -0.505   -0.798   -0.849   -0.899   -0.814   -0.814   -0.814
 478    12500  3.50   -0.525   -0.797   -0.852   -0.906   -0.811   -0.811   -0.810
 479    12500  4.00   -0.547   -0.795   -0.853   -0.910   -0.807   -0.807   -0.807
 480    12500  4.50   -0.570   -0.794   -0.852   -0.911   -0.802   -0.802   -0.802
 481    12500  5.00   -0.593   -0.792   -0.849   -0.907   -0.795   -0.795   -0.795
 482    12750  2.50   -0.521   -0.851   -0.895   -0.943   -0.868   -0.868   -0.868
 483    12750  3.00   -0.538   -0.845   -0.899   -0.953   -0.862   -0.862   -0.861
 484    12750  3.50   -0.558   -0.844   -0.902   -0.960   -0.859   -0.859   -0.858
 485    12750  4.00   -0.580   -0.843   -0.904   -0.964   -0.855   -0.855   -0.855
 486    12750  4.50   -0.603   -0.842   -0.903   -0.965   -0.851   -0.851   -0.850
 487    12750  5.00   -0.625   -0.840   -0.901   -0.962   -0.844   -0.844   -0.844
 488    13000  2.50   -0.554   -0.897   -0.944   -0.996   -0.914   -0.914   -0.914
 489    13000  3.00   -0.571   -0.892   -0.948   -1.005   -0.909   -0.908   -0.908
 490    13000  3.50   -0.591   -0.891   -0.952   -1.013   -0.906   -0.906   -0.905
 491    13000  4.00   -0.613   -0.890   -0.954   -1.017   -0.903   -0.903   -0.902
 492    13000  4.50   -0.635   -0.889   -0.954   -1.018   -0.898   -0.898   -0.898
 493    13000  5.00   -0.657   -0.887   -0.952   -1.016   -0.892   -0.892   -0.892
 494    14000  2.00   -0.671   -1.094   -1.131   -1.186   -1.112   -1.112   -1.112
 495    14000  2.50   -0.680   -1.074   -1.133   -1.197   -1.092   -1.092   -1.092
 496    14000  3.00   -0.700   -1.071   -1.139   -1.209   -1.089   -1.089   -1.089
 497    14000  3.50   -0.722   -1.071   -1.145   -1.218   -1.088   -1.088   -1.088
 498    14000  4.00   -0.743   -1.072   -1.147   -1.223   -1.086   -1.086   -1.086
 499    14000  4.50   -0.764   -1.072   -1.148   -1.224   -1.083   -1.083   -1.082
 500    14000  5.00   -0.784   -1.070   -1.147   -1.223   -1.078   -1.078   -1.077
 501    15000  2.50   -0.800   -1.239   -1.310   -1.386   -1.260   -1.259   -1.259
 502    15000  3.00   -0.823   -1.239   -1.319   -1.400   -1.259   -1.259   -1.258
 503    15000  3.50   -0.847   -1.242   -1.326   -1.410   -1.260   -1.260   -1.260
 504    15000  4.00   -0.869   -1.244   -1.330   -1.416   -1.260   -1.260   -1.259
 505    15000  4.50   -0.890   -1.244   -1.331   -1.419   -1.258   -1.258   -1.257
 506    15000  5.00   -0.909   -1.244   -1.331   -1.418   -1.253   -1.253   -1.252
 507    16000  2.50   -0.912   -1.395   -1.475   -1.561   -1.416   -1.416   -1.415
 508    16000  3.00   -0.940   -1.397   -1.487   -1.579   -1.418   -1.418   -1.417
 509    16000  3.50   -0.967   -1.402   -1.497   -1.591   -1.422   -1.422   -1.421
 510    16000  4.00   -0.990   -1.406   -1.503   -1.599   -1.424   -1.424   -1.423
 511    16000  4.50   -1.011   -1.408   -1.505   -1.602   -1.422   -1.422   -1.422
 512    16000  5.00   -1.029   -1.407   -1.504   -1.601   -1.419   -1.419   -1.418
 513    17000  2.50   -1.018   -1.541   -1.629   -1.724   -1.563   -1.563   -1.562
 514    17000  3.00   -1.050   -1.545   -1.645   -1.746   -1.567   -1.567   -1.566
 515    17000  3.50   -1.080   -1.553   -1.657   -1.761   -1.574   -1.574   -1.573
 516    17000  4.00   -1.105   -1.559   -1.665   -1.770   -1.578   -1.577   -1.577
 517    17000  4.50   -1.126   -1.562   -1.668   -1.774   -1.578   -1.578   -1.577
 518    17000  5.00   -1.144   -1.562   -1.669   -1.774   -1.575   -1.575   -1.574
 519    18000  2.50   -1.117   -1.678   -1.773   -1.876   -1.701   -1.700   -1.700
 520    18000  3.00   -1.153   -1.684   -1.792   -1.901   -1.707   -1.707   -1.706
 521    18000  3.50   -1.187   -1.695   -1.808   -1.919   -1.717   -1.716   -1.716
 522    18000  4.00   -1.214   -1.703   -1.817   -1.931   -1.723   -1.722   -1.721
 523    18000  4.50   -1.236   -1.707   -1.822   -1.936   -1.724   -1.724   -1.723
 524    18000  5.00   -1.255   -1.708   -1.824   -1.937   -1.723   -1.722   -1.721
 525    19000  2.50   -1.210   -1.806   -1.908   -2.018   -1.830   -1.830   -1.829
 526    19000  3.00   -1.250   -1.815   -1.930   -2.047   -1.839   -1.838   -1.838
 527    19000  3.50   -1.287   -1.828   -1.949   -2.068   -1.851   -1.851   -1.850
 528    19000  4.00   -1.317   -1.838   -1.961   -2.081   -1.859   -1.859   -1.858
 529    19000  4.50   -1.341   -1.844   -1.967   -2.088   -1.862   -1.862   -1.861
 530    19000  5.00   -1.359   -1.846   -1.970   -2.091   -1.862   -1.862   -1.861
 531    20000  3.00   -1.342   -1.937   -2.060   -2.185   -1.962   -1.962   -1.961
 532    20000  3.50   -1.382   -1.954   -2.082   -2.208   -1.977   -1.977   -1.976
 533    20000  4.00   -1.414   -1.966   -2.096   -2.223   -1.988   -1.988   -1.987
 534    20000  4.50   -1.439   -1.973   -2.104   -2.232   -1.993   -1.993   -1.992
 535    20000  5.00   -1.459   -1.977   -2.108   -2.235   -1.993   -1.993   -1.992
 536    21000  3.00   -1.428   -2.053   -2.182   -2.313   -2.078   -2.078   -2.077
 537    21000  3.50   -1.472   -2.072   -2.207   -2.340   -2.097   -2.096   -2.095
 538    21000  4.00   -1.506   -2.086   -2.224   -2.358   -2.110   -2.109   -2.108
 539    21000  4.50   -1.532   -2.095   -2.233   -2.367   -2.116   -2.116   -2.115
 540    21000  5.00   -1.553   -2.100   -2.238   -2.372   -2.118   -2.118   -2.117
 541    22000  3.00   -1.509   -2.161   -2.296   -2.433   -2.187   -2.187   -2.186
 542    22000  3.50   -1.557   -2.184   -2.325   -2.465   -2.209   -2.209   -2.208
 543    22000  4.00   -1.594   -2.200   -2.344   -2.485   -2.225   -2.224   -2.223
 544    22000  4.50   -1.621   -2.211   -2.356   -2.496   -2.233   -2.233   -2.232
 545    22000  5.00   -1.642   -2.217   -2.361   -2.501   -2.236   -2.236   -2.235
 546    23000  3.00   -1.583   -2.261   -2.402   -2.545   -2.288   -2.288   -2.287
 547    23000  3.50   -1.637   -2.289   -2.437   -2.582   -2.315   -2.315   -2.314
 548    23000  4.00   -1.677   -2.308   -2.459   -2.605   -2.333   -2.333   -2.332
 549    23000  4.50   -1.706   -2.321   -2.472   -2.618   -2.344   -2.343   -2.342
 550    23000  5.00   -1.727   -2.328   -2.478   -2.624   -2.348   -2.348   -2.346
 551    24000  3.00   -1.650   -2.353   -2.500   -2.648   -2.381   -2.380   -2.379
 552    24000  3.50   -1.713   -2.387   -2.541   -2.693   -2.415   -2.414   -2.413
 553    24000  4.00   -1.756   -2.410   -2.566   -2.718   -2.436   -2.436   -2.434
 554    24000  4.50   -1.786   -2.424   -2.581   -2.733   -2.448   -2.448   -2.447
 555    24000  5.00   -1.808   -2.432   -2.589   -2.741   -2.454   -2.454   -2.452
 556    25000  3.00   -1.706   -2.433   -2.585   -2.739   -2.462   -2.462   -2.460
 557    25000  3.50   -1.782   -2.479   -2.639   -2.796   -2.507   -2.507   -2.506
 558    25000  4.00   -1.829   -2.506   -2.668   -2.825   -2.533   -2.532   -2.531
 559    25000  4.50   -1.862   -2.523   -2.685   -2.843   -2.547   -2.547   -2.546
 560    25000  5.00   -1.885   -2.532   -2.695   -2.851   -2.554   -2.554   -2.553
 561    26000  3.00   -1.749   -2.501   -2.655   -2.813   -2.530   -2.530   -2.528
 562    26000  3.50   -1.846   -2.564   -2.730   -2.892   -2.593   -2.593   -2.591
 563    26000  4.00   -1.898   -2.596   -2.764   -2.926   -2.623   -2.623   -2.622
 564    26000  4.50   -1.934   -2.615   -2.783   -2.946   -2.640   -2.640   -2.639
 565    26000  5.00   -1.958   -2.626   -2.794   -2.956   -2.649   -2.649   -2.647
 566    27000  3.50   -1.900   -2.640   -2.811   -2.978   -2.669   -2.669   -2.668
 567    27000  4.00   -1.962   -2.679   -2.853   -3.020   -2.708   -2.707   -2.706
 568    27000  4.50   -2.000   -2.701   -2.875   -3.043   -2.728   -2.728   -2.726
 569    27000  5.00   -2.026   -2.714   -2.888   -3.055   -2.738   -2.738   -2.736
 570    28000  3.50   -1.946   -2.706   -2.882   -3.054   -2.737   -2.736   -2.735
 571    28000  4.00   -2.019   -2.756   -2.935   -3.107   -2.785   -2.785   -2.783
 572    28000  4.50   -2.062   -2.782   -2.961   -3.133   -2.809   -2.809   -2.807
 573    28000  5.00   -2.089   -2.796   -2.975   -3.147   -2.821   -2.821   -2.820
 574    29000  3.50   -1.987   -2.767   -2.944   -3.119   -2.797   -2.797   -2.795
 575    29000  4.00   -2.069   -2.825   -3.008   -3.186   -2.854   -2.854   -2.852
 576    29000  4.50   -2.117   -2.856   -3.041   -3.217   -2.884   -2.884   -2.882
 577    29000  5.00   -2.147   -2.873   -3.057   -3.233   -2.899   -2.899   -2.897
 578    30000  3.50   -2.030   -2.827   -3.005   -3.181   -2.857   -2.857   -2.855
 579    30000  4.00   -2.112   -2.887   -3.075   -3.256   -2.917   -2.917   -2.915
 580    30000  4.50   -2.166   -2.924   -3.113   -3.294   -2.953   -2.953   -2.951
 581    30000  5.00   -2.199   -2.944   -3.133   -3.313   -2.971   -2.970   -2.969
 582    31000  3.50   -2.081   -2.890   -3.068   -3.245   -2.921   -2.921   -2.919
 583    31000  4.00   -2.154   -2.946   -3.136   -3.320   -2.977   -2.976   -2.974
 584    31000  4.50   -2.211   -2.986   -3.179   -3.364   -3.016   -3.015   -3.014
 585    31000  5.00   -2.247   -3.009   -3.203   -3.387   -3.037   -3.037   -3.035
 586    32000  4.00   -2.196   -3.003   -3.195   -3.382   -3.034   -3.034   -3.032
 587    32000  4.50   -2.253   -3.045   -3.241   -3.429   -3.075   -3.075   -3.073
 588    32000  5.00   -2.291   -3.070   -3.267   -3.455   -3.099   -3.098   -3.096
 589    33000  4.00   -2.245   -3.064   -3.257   -3.445   -3.095   -3.095   -3.093
 590    33000  4.50   -2.295   -3.101   -3.300   -3.491   -3.132   -3.131   -3.129
 591    33000  5.00   -2.333   -3.128   -3.328   -3.519   -3.157   -3.157   -3.155
 592    34000  4.00   -2.302   -3.130   -3.323   -3.512   -3.161   -3.161   -3.159
 593    34000  4.50   -2.341   -3.159   -3.361   -3.553   -3.191   -3.190   -3.188
 594    34000  5.00   -2.375   -3.184   -3.388   -3.580   -3.214   -3.214   -3.212
 595    35000  4.00   -2.365   -3.200   -3.392   -3.581   -3.232   -3.231   -3.230
 596    35000  4.50   -2.393   -3.221   -3.423   -3.617   -3.253   -3.252   -3.250
 597    35000  5.00   -2.422   -3.243   -3.448   -3.643   -3.273   -3.273   -3.271
 598    36000  4.00   -2.434   -3.275   -3.466   -3.655   -3.307   -3.307   -3.305
 599    36000  4.50   -2.450   -3.286   -3.488   -3.683   -3.318   -3.318   -3.316
 600    36000  5.00   -2.473   -3.304   -3.510   -3.706   -3.334   -3.334   -3.332
 601    37000  4.00   -2.508   -3.355   -3.545   -3.733   -3.386   -3.386   -3.384
 602    37000  4.50   -2.513   -3.356   -3.557   -3.752   -3.387   -3.387   -3.385
 603    37000  5.00   -2.529   -3.368   -3.574   -3.772   -3.398   -3.398   -3.396
 604    38000  4.00   -2.585   -3.436   -3.626   -3.815   -3.468   -3.467   -3.465
 605    38000  4.50   -2.581   -3.429   -3.630   -3.825   -3.461   -3.460   -3.459
 606    38000  5.00   -2.590   -3.435   -3.641   -3.839   -3.466   -3.465   -3.463
 607    39000  4.00   -2.662   -3.517   -3.708   -3.897   -3.549   -3.549   -3.547
 608    39000  4.50   -2.652   -3.506   -3.706   -3.901   -3.537   -3.537   -3.535
 609    39000  5.00   -2.655   -3.505   -3.712   -3.910   -3.536   -3.536   -3.534
 610    40000  4.50   -2.726   -3.583   -3.784   -3.980   -3.615   -3.615   -3.613
 611    40000  5.00   -2.724   -3.579   -3.785   -3.984   -3.610   -3.610   -3.608
 612    41000  4.50   -2.801   -3.661   -3.862   -4.059   -3.693   -3.693   -3.691
 613    41000  5.00   -2.795   -3.654   -3.860   -4.060   -3.685   -3.685   -3.683
 614    42000  4.50   -2.875   -3.739   -3.940   -4.138   -3.771   -3.771   -3.769
 615    42000  5.00   -2.868   -3.730   -3.937   -4.136   -3.761   -3.761   -3.759
 616    43000  4.50   -2.948   -3.815   -4.018   -4.216   -3.847   -3.847   -3.845
 617    43000  5.00   -2.940   -3.806   -4.013   -4.214   -3.837   -3.837   -3.835
 618    44000  4.50   -3.020   -3.890   -4.093   -4.293   -3.922   -3.922   -3.920
 619    44000  5.00   -3.012   -3.881   -4.089   -4.290   -3.913   -3.912   -3.910
 620    45000  4.50   -3.090   -3.963   -4.167   -4.368   -3.996   -3.995   -3.993
 621    45000  5.00   -3.083   -3.955   -4.164   -4.366   -3.987   -3.986   -3.984
 622    46000  4.50   -3.158   -4.034   -4.240   -4.441   -4.067   -4.067   -4.065
 623    46000  5.00   -3.153   -4.027   -4.237   -4.440   -4.059   -4.059   -4.057
 624    47000  4.50   -3.226   -4.104   -4.311   -4.512   -4.137   -4.137   -4.135
 625    47000  5.00   -3.221   -4.098   -4.309   -4.513   -4.131   -4.130   -4.128
 626    48000  4.50   -3.291   -4.173   -4.380   -4.582   -4.206   -4.206   -4.203
 627    48000  5.00   -3.288   -4.168   -4.380   -4.584   -4.200   -4.200   -4.198
 628    49000  4.50   -3.356   -4.240   -4.448   -4.651   -4.273   -4.273   -4.271
 629    49000  5.00   -3.354   -4.236   -4.449   -4.654   -4.268   -4.268   -4.266
 630    50000  5.00   -3.418   -4.302   -4.516   -4.722   -4.335   -4.335   -4.333
 631    56101  5.00   -3.508   -4.413   -4.613   -4.805   -4.450   -4.449   -4.447
 632    62946  5.00   -3.838   -4.755   -4.963   -5.160   -4.793   -4.792   -4.790
 633    70627  5.00   -4.173   -5.101   -5.316   -5.517   -5.140   -5.139   -5.137
 634    79245  5.00   -4.514   -5.451   -5.671   -5.877   -5.490   -5.489   -5.487
 635    88914  5.00   -4.858   -5.804   -6.028   -6.238   -5.843   -5.842   -5.840
 636    99763  5.00   -5.206   -6.159   -6.388   -6.600   -6.198   -6.198   -6.196
 637   111936  5.00   -5.556   -6.516   -6.749   -6.965   -6.556   -6.556   -6.553
 638   125595  5.00   -5.910   -6.875   -7.111   -7.330   -6.916   -6.915   -6.913
 639   140920  5.00   -6.266   -7.236   -7.475   -7.696   -7.277   -7.277   -7.274
 640   158115  5.00   -6.624   -7.599   -7.841   -8.064   -7.640   -7.640   -7.637
 641   177407  5.00   -6.985   -7.963   -8.207   -8.432   -8.004   -8.004   -8.001
 642   199055  5.00   -7.346   -8.328   -8.574   -8.801   -8.370   -8.369   -8.367
 643   223343  5.00   -7.710   -8.694   -8.943   -9.170   -8.736   -8.736   -8.733
 644   250595  5.00   -8.074   -9.062   -9.311   -9.540   -9.104   -9.103   -9.101
 645   281172  5.00   -8.440   -9.430   -9.681   -9.911   -9.472   -9.472   -9.469
 646   315481  5.00   -8.807   -9.799  -10.051  -10.282   -9.841   -9.841   -9.838
 647   353975  5.00   -9.174  -10.168  -10.422  -10.654  -10.211  -10.210  -10.208
 648   397167  5.00   -9.543  -10.539  -10.793  -11.026  -10.581  -10.581  -10.578
 649   445629  5.00   -9.912  -10.909  -11.165  -11.398  -10.952  -10.951  -10.949
 650   500004  5.00  -10.282  -11.280  -11.537  -11.771  -11.323  -11.323  -11.320
 651   561014  5.00  -10.652  -11.652  -11.909  -12.144  -11.695  -11.694  -11.692
 652   629469  5.00  -11.023  -12.024  -12.282  -12.517  -12.067  -12.066  -12.064
 653   706276  5.00  -11.394  -12.396  -12.654  -12.890  -12.439  -12.439  -12.436
 654   792455  5.00  -11.766  -12.769  -13.028  -13.264  -12.812  -12.811  -12.809
 655   889149  5.00  -12.138  -13.142  -13.401  -13.637  -13.185  -13.184  -13.182
 656   997642  5.00  -12.511  -13.515  -13.774  -14.011  -13.558  -13.557  -13.555
 657  1119373  5.00  -12.884  -13.888  -14.148  -14.385  -13.931  -13.931  -13.928
 658  1255958  5.00  -13.256  -14.262  -14.522  -14.759  -14.305  -14.304  -14.301
 659  1409209  5.00  -13.630  -14.635  -14.896  -15.133  -14.678  -14.678  -14.675
 660  1581159  5.00  -14.003  -15.009  -15.270  -15.508  -15.052  -15.052  -15.049
 661  1774090  5.00  -14.377  -15.383  -15.644  -15.882  -15.426  -15.426  -15.423
 662  1990563  5.00  -14.750  -15.757  -16.018  -16.256  -15.800  -15.800  -15.797
 663  2233450  5.00  -15.124  -16.131  -16.393  -16.631  -16.174  -16.174  -16.171
 664  2505973  5.00  -15.498  -16.505  -16.767  -17.005  -16.549  -16.548  -16.545
 665  2811749  5.00  -15.872  -16.880  -17.141  -17.380  -16.923  -16.922  -16.920
 666  3154836  5.00  -16.246  -17.254  -17.516  -17.754  -17.297  -17.297  -17.294
 667  3539785  5.00  -16.621  -17.629  -17.891  -18.129  -17.672  -17.671  -17.669
 668  3971706  5.00  -16.995  -18.003  -18.265  -18.504  -18.046  -18.046  -18.043
 669  4456330  5.00  -17.370  -18.378  -18.640  -18.879  -18.421  -18.420  -18.418
# BCs for Fluks et al. 1994 M-giant spectra:
#  n     Teff  logg        C        M       T1       T2 DDO51_finf DDO51_f7.9 DDO51_f2.9
   0     3810  0.00   -3.657   -1.726   -0.418    0.426   -1.906   -1.911   -1.925
   1     3736  0.00   -3.893   -1.953   -0.607    0.402   -2.088   -2.092   -2.102
   2     3666  0.00   -4.155   -2.197   -0.827    0.363   -2.289   -2.292   -2.303
   3     3574  0.00   -4.456   -2.602   -1.160    0.241   -2.633   -2.636   -2.647
   4     3434  0.00   -5.025   -3.306   -1.762   -0.014   -3.256   -3.258   -3.267
   5     3309  0.00   -5.769   -4.357   -2.616   -0.401   -4.165   -4.166   -4.173
   6     3126  0.00   -6.951   -5.748   -3.848   -1.043   -5.616   -5.617   -5.632
   7     2890  0.00   -7.951   -7.154   -4.580   -1.589   -7.133   -7.135   -7.154
   8     2667  0.00   -8.753   -8.185   -5.024   -1.858   -8.236   -8.238   -8.260
   9     2500  0.00   -9.504   -8.936   -5.527   -1.997   -8.963   -8.965   -8.991
