# BCs for ATLAS9 + DUSTY99 + blackbody spectra:
#  n     Teff  logg        C        M       T1       T2 DDO51_finf DDO51_f7.9 DDO51_f2.9
   0      500  3.50  -999999  -69.120  -50.732  -38.995  -81.371  -81.609  -82.480
   1      500  4.00  -999999  -67.989  -49.909  -38.309  -76.026  -76.158  -76.861
   2      500  4.50  -999999  -67.606  -49.318  -37.698  -75.460  -75.527  -75.888
   3      500  5.00  -999999  -65.312  -47.454  -36.087  -72.605  -72.656  -72.884
   4      500  5.50  -999999  -62.327  -45.102  -34.091  -69.239  -69.288  -69.511
   5      500  6.00  -79.899  -59.318  -42.759  -32.118  -65.853  -65.900  -66.115
   6      600  3.50  -74.565  -56.067  -41.042  -31.025  -61.766  -61.808  -62.003
   7      600  4.00  -73.676  -55.386  -40.528  -30.594  -60.988  -61.030  -61.222
   8      600  4.50  -76.123  -57.035  -41.452  -31.235  -63.013  -63.057  -63.259
   9      600  5.00  -73.928  -55.228  -39.933  -29.908  -61.029  -61.072  -61.270
  10      600  5.50  -71.180  -52.979  -38.102  -28.336  -58.538  -58.580  -58.773
  11      600  6.00  -68.123  -50.523  -36.188  -26.725  -55.788  -55.828  -56.015
  12      700  3.50  -61.609  -46.048  -33.536  -24.858  -50.346  -50.381  -50.544
  13      700  4.00  -60.901  -45.504  -33.131  -24.524  -49.726  -49.760  -49.922
  14      700  4.50  -62.800  -46.812  -33.886  -25.040  -51.312  -51.348  -51.516
  15      700  5.00  -61.764  -45.912  -33.079  -24.308  -50.349  -50.385  -50.552
  16      700  5.50  -59.640  -44.107  -31.519  -22.923  -48.397  -48.432  -48.596
  17      700  6.00  -56.868  -41.843  -29.690  -21.361  -45.899  -45.933  -46.092
  18      800  3.50  -50.237  -37.127  -26.682  -19.172  -40.320  -40.349  -40.485
  19      800  4.00  -50.443  -37.322  -26.862  -19.331  -40.520  -40.549  -40.685
  20      800  4.50  -52.010  -38.410  -27.507  -19.768  -41.823  -41.853  -41.995
  21      800  5.00  -51.082  -37.547  -26.689  -19.020  -40.935  -40.964  -41.106
  22      800  5.50  -49.690  -36.237  -25.522  -17.998  -39.582  -39.611  -39.753
  23      800  6.00  -47.289  -34.225  -23.961  -16.720  -37.383  -37.411  -37.549
  24      900  3.50  -40.502  -29.544  -21.031  -14.664  -31.813  -31.836  -31.949
  25      900  4.00  -40.551  -29.510  -20.936  -14.543  -31.811  -31.835  -31.948
  26      900  4.50  -42.362  -30.757  -21.722  -15.088  -33.290  -33.315  -33.435
  27      900  5.00  -40.480  -29.084  -20.326  -13.901  -31.515  -31.539  -31.657
  28      900  5.50  -40.547  -29.123  -20.347  -13.915  -31.564  -31.589  -31.707
  29     1000  3.50  -35.628  -25.841  -18.311  -12.559  -27.646  -27.666  -27.765
  30     1000  4.00  -34.823  -25.174  -17.768  -12.105  -26.924  -26.944  -27.042
  31     1000  4.50  -34.764  -24.976  -17.514  -11.840  -26.770  -26.790  -26.889
  32     1000  5.00  -34.704  -24.773  -17.260  -11.580  -26.609  -26.629  -26.730
  33     1000  5.50  -34.220  -24.325  -16.874  -11.247  -26.140  -26.161  -26.261
  34     1000  6.00  -32.782  -23.230  -16.055  -10.607  -24.914  -24.934  -25.030
  35     1100  3.50  -31.082  -22.360  -15.699  -10.541  -23.772  -23.789  -23.877
  36     1100  4.00  -30.727  -22.067  -15.459  -10.339  -23.456  -23.473  -23.560
  37     1100  4.50  -30.612  -21.890  -15.265  -10.149  -23.294  -23.312  -23.399
  38     1100  5.00  -30.099  -21.370  -14.788   -9.722  -22.767  -22.784  -22.872
  39     1100  5.50  -29.416  -20.740  -14.242   -9.254  -22.109  -22.127  -22.214
  40     1100  6.00  -36.042  -26.255  -18.724  -12.973  -28.060  -28.080  -28.179
  41     1200  3.50  -27.075  -19.282  -13.341   -8.705  -20.382  -20.397  -20.475
  42     1200  4.00  -27.075  -19.282  -13.341   -8.705  -20.382  -20.397  -20.475
  43     1200  4.50  -27.075  -19.282  -13.341   -8.705  -20.382  -20.397  -20.475
  44     1200  5.00  -27.138  -19.190  -13.176   -8.511  -20.331  -20.347  -20.426
  45     1200  6.00  -25.585  -17.844  -12.048   -7.575  -18.900  -18.916  -18.993
  46     1300  3.50  -23.555  -16.578  -11.256   -7.085  -17.428  -17.442  -17.512
  47     1300  4.00  -23.590  -16.614  -11.286   -7.111  -17.466  -17.479  -17.549
  48     1300  4.50  -24.187  -17.041  -11.590   -7.329  -17.940  -17.955  -18.026
  49     1300  5.00  -24.179  -16.996  -11.525   -7.258  -17.905  -17.919  -17.990
  50     1300  5.50  -24.007  -16.773  -11.302   -7.056  -17.686  -17.701  -17.772
  51     1300  6.00  -27.257  -19.506  -13.595   -8.980  -20.593  -20.608  -20.686
  52     1400  3.50  -20.622  -14.337   -9.538   -5.770  -14.997  -15.009  -15.071
  53     1400  4.00  -20.660  -14.367   -9.559   -5.785  -15.029  -15.041  -15.103
  54     1400  4.50  -21.037  -14.626   -9.724   -5.890  -15.316  -15.329  -15.393
  55     1400  5.00  -21.412  -14.888   -9.910   -6.022  -15.607  -15.620  -15.684
  56     1400  5.50  -21.218  -14.643   -9.658   -5.798  -15.357  -15.370  -15.435
  57     1400  6.00  -21.227  -14.648   -9.660   -5.799  -15.362  -15.375  -15.440
  58     1500  3.50  -18.419  -12.644   -8.208   -4.702  -13.185  -13.196  -13.251
  59     1500  4.00  -18.335  -12.593   -8.190   -4.718  -13.122  -13.133  -13.188
  60     1500  4.50  -18.716  -12.844   -8.356   -4.837  -13.399  -13.410  -13.467
  61     1500  5.00  -18.887  -12.958   -8.429   -4.890  -13.522  -13.534  -13.591
  62     1500  5.50  -19.035  -13.041   -8.471   -4.915  -13.614  -13.626  -13.684
  63     1500  6.00  -19.042  -13.023   -8.438   -4.887  -13.591  -13.603  -13.662
  64     1600  3.50  -16.733  -11.212   -7.035   -3.686  -11.697  -11.707  -11.757
  65     1600  4.00  -16.612  -11.198   -7.058   -3.736  -11.661  -11.671  -11.721
  66     1600  4.50  -16.679  -11.252   -7.107   -3.823  -11.712  -11.722  -11.772
  67     1600  5.00  -16.771  -11.333   -7.174   -3.907  -11.790  -11.800  -11.851
  68     1600  5.50  -16.894  -11.410   -7.221   -3.958  -11.869  -11.879  -11.930
  69     1600  6.00  -16.991  -11.470   -7.255   -3.994  -11.924  -11.935  -11.987
  70     1700  3.50  -14.931   -9.798   -6.051   -2.763  -10.147  -10.155  -10.194
  71     1700  4.00  -14.562   -9.412   -5.701   -2.528   -9.814   -9.823   -9.860
  72     1700  4.50  -13.413   -8.564   -5.102   -2.004   -8.944   -8.951   -8.983
  73     1700  5.00  -14.685   -9.574   -5.784   -2.595   -9.995  -10.004  -10.044
  74     1700  5.50  -15.047   -9.947   -6.069   -2.923  -10.343  -10.352  -10.397
  75     1700  6.00  -15.212  -10.109   -6.213   -3.156  -10.486  -10.496  -10.541
  76     1800  3.50  -13.532   -8.899   -5.520   -2.226   -9.081   -9.086   -9.116
  77     1800  4.00  -13.348   -8.679   -5.328   -2.119   -8.946   -8.953   -8.982
  78     1800  4.50  -12.520   -8.020   -4.811   -1.749   -8.327   -8.333   -8.360
  79     1800  5.00  -12.493   -8.000   -4.774   -1.707   -8.351   -8.358   -8.384
  80     1800  5.50  -13.309   -8.592   -5.111   -2.043   -8.965   -8.973   -9.007
  81     1800  6.00  -13.431   -8.687   -5.133   -2.086   -9.043   -9.052   -9.088
  82     1900  3.50  -11.640   -7.903   -5.010   -1.684   -7.894   -7.898   -7.921
  83     1900  4.00  -12.336   -8.049   -5.032   -1.743   -8.186   -8.190   -8.213
  84     1900  4.50  -13.200   -8.535   -5.276   -2.004   -8.829   -8.835   -8.861
  85     1900  5.00  -12.422   -7.952   -4.817   -1.669   -8.283   -8.289   -8.312
  86     1900  5.50  -12.616   -8.169   -4.904   -1.830   -8.521   -8.528   -8.556
  87     1900  6.00  -12.610   -8.196   -4.861   -1.895   -8.520   -8.528   -8.559
  88     2000  3.50  -10.293   -7.317   -4.814   -1.390   -7.197   -7.200   -7.222
  89     2000  4.00  -11.058   -7.329   -4.701   -1.348   -7.350   -7.353   -7.372
  90     2000  4.50  -11.525   -7.349   -4.613   -1.311   -7.505   -7.508   -7.525
  91     2000  5.00  -11.924   -7.527   -4.638   -1.376   -7.814   -7.818   -7.836
  92     2000  5.50  -12.266   -7.898   -4.797   -1.645   -8.236   -8.242   -8.265
  93     2000  6.00  -11.925   -7.733   -4.604   -1.631   -8.052   -8.059   -8.085
  94     2100  4.00   -9.895   -6.737   -4.454   -1.067   -6.703   -6.705   -6.724
  95     2100  5.00  -10.872   -6.733   -4.223   -0.924   -6.954   -6.956   -6.969
  96     2100  5.50  -11.628   -7.256   -4.464   -1.189   -7.602   -7.606   -7.620
  97     2100  6.00  -11.787   -7.545   -4.541   -1.422   -7.898   -7.905   -7.927
  98     2200  3.50   -8.021   -6.104   -4.220   -0.849   -5.950   -5.954   -5.978
  99     2200  4.00   -8.774   -6.147   -4.161   -0.810   -6.104   -6.107   -6.128
 100     2200  4.50   -9.563   -6.232   -4.136   -0.759   -6.295   -6.297   -6.312
 101     2200  5.00  -10.207   -6.305   -4.053   -0.707   -6.506   -6.507   -6.518
 102     2200  5.50  -10.828   -6.582   -4.115   -0.793   -6.907   -6.909   -6.918
 103     2200  6.00  -11.046   -6.717   -4.078   -0.839   -7.118   -7.123   -7.135
 104     2300  3.50   -7.194   -5.564   -3.850   -0.610   -5.440   -5.446   -5.471
 105     2300  4.00   -7.865   -5.610   -3.817   -0.574   -5.589   -5.594   -5.617
 106     2300  4.50   -8.675   -5.740   -3.858   -0.543   -5.816   -5.820   -5.837
 107     2300  5.00   -9.482   -5.875   -3.837   -0.511   -6.075   -6.078   -6.088
 108     2300  5.50  -10.117   -6.043   -3.842   -0.517   -6.358   -6.360   -6.367
 109     2300  6.00  -10.402   -6.136   -3.769   -0.512   -6.538   -6.542   -6.549
 110     2400  3.50   -6.530   -5.065   -3.441   -0.388   -4.985   -4.992   -5.018
 111     2400  4.00   -7.094   -5.106   -3.434   -0.357   -5.122   -5.128   -5.154
 112     2400  4.50   -7.826   -5.242   -3.519   -0.336   -5.349   -5.354   -5.375
 113     2400  5.50   -9.333   -5.527   -3.550   -0.275   -5.848   -5.850   -5.856
 114     2400  6.00   -9.880   -5.713   -3.545   -0.304   -6.126   -6.129   -6.134
 115     2500  3.50   -6.055   -4.637   -3.042   -0.201   -4.600   -4.608   -4.635
 116     2500  4.00   -6.485   -4.652   -3.037   -0.165   -4.705   -4.713   -4.741
 117     2500  4.50   -7.119   -4.794   -3.166   -0.154   -4.936   -4.943   -4.967
 118     2500  5.00   -7.848   -4.914   -3.206   -0.113   -5.164   -5.170   -5.185
 119     2500  5.50   -8.635   -5.093   -3.260   -0.098   -5.446   -5.449   -5.456
 120     2500  6.00   -9.252   -5.272   -3.280   -0.108   -5.709   -5.712   -5.717
 121     2600  3.50   -5.672   -4.266   -2.685   -0.048   -4.262   -4.270   -4.298
 122     2600  4.00   -6.003   -4.254   -2.670   -0.008   -4.338   -4.347   -4.376
 123     2600  4.50   -6.530   -4.384   -2.812    0.005   -4.560   -4.569   -4.595
 124     2600  5.00   -7.134   -4.475   -2.853    0.045   -4.758   -4.765   -4.784
 125     2600  5.50   -7.891   -4.644   -2.928    0.066   -5.029   -5.034   -5.043
 126     2600  6.00   -8.596   -4.856   -2.997    0.053   -5.315   -5.320   -5.325
 127     2700  3.50   -5.360   -3.961   -2.399    0.065   -3.978   -3.986   -4.014
 128     2700  4.00   -5.597   -3.904   -2.347    0.120   -4.009   -4.018   -4.047
 129     2700  4.50   -6.019   -4.006   -2.477    0.141   -4.208   -4.218   -4.246
 130     2700  5.00   -6.525   -4.077   -2.510    0.177   -4.385   -4.394   -4.417
 131     2700  5.50   -7.198   -4.223   -2.590    0.201   -4.635   -4.642   -4.655
 132     2700  6.00   -7.917   -4.429   -2.680    0.199   -4.916   -4.922   -4.929
 133     2800  5.00   -5.979   -3.698   -2.178    0.295   -4.024   -4.034   -4.059
 134     2800  5.50   -6.572   -3.831   -2.259    0.312   -4.261   -4.269   -4.286
 135     2900  5.00   -5.530   -3.378   -1.895    0.379   -3.710   -3.721   -3.746
 136     2900  5.50   -6.016   -3.470   -1.951    0.403   -3.910   -3.920   -3.938
 137     3000  5.00   -5.139   -3.092   -1.648    0.447   -3.425   -3.435   -3.460
 138     3000  5.50   -5.538   -3.153   -1.681    0.473   -3.593   -3.604   -3.623
 139     3100  5.00   -4.794   -2.836   -1.429    0.505   -3.165   -3.176   -3.199
 140     3100  5.50   -5.118   -2.870   -1.437    0.528   -3.300   -3.310   -3.330
 141     3200  5.00   -4.490   -2.605   -1.236    0.553   -2.930   -2.940   -2.962
 142     3200  5.50   -4.747   -2.616   -1.219    0.575   -3.031   -3.041   -3.060
 143     3300  5.00   -4.224   -2.401   -1.067    0.595   -2.723   -2.732   -2.753
 144     3300  5.50   -4.425   -2.391   -1.030    0.615   -2.791   -2.800   -2.819
 145     3400  5.00   -3.995   -2.220   -0.918    0.630   -2.543   -2.551   -2.570
 146     3400  5.50   -4.146   -2.194   -0.866    0.648   -2.582   -2.590   -2.607
 147     3500  5.00   -3.781   -2.044   -0.761    0.652   -2.353   -2.360   -2.377
 148     3500  5.50   -3.883   -2.010   -0.707    0.672   -2.374   -2.382   -2.398
 149     3600  5.00   -3.618   -1.901   -0.643    0.675   -2.225   -2.233   -2.248
 150     3600  5.50   -3.682   -1.859   -0.582    0.693   -2.224   -2.231   -2.245
 151     3700  5.00   -3.484   -1.775   -0.536    0.691   -2.120   -2.127   -2.140
 152     3700  5.50   -3.511   -1.727   -0.471    0.710   -2.095   -2.102   -2.114
 153     3800  5.00   -3.371   -1.659   -0.437    0.702   -2.027   -2.034   -2.046
 154     3800  5.50   -3.364   -1.607   -0.369    0.723   -1.981   -1.988   -1.999
 155     3500  0.00   -5.064   -2.825   -1.452    0.302   -2.854   -2.860   -2.876
 156     3500  0.50   -4.907   -2.920   -1.581    0.270   -2.908   -2.913   -2.933
 157     3500  1.00   -4.736   -3.000   -1.684    0.242   -2.951   -2.956   -2.978
 158     3500  1.50   -4.553   -3.062   -1.762    0.220   -2.983   -2.989   -3.012
 159     3500  2.00   -4.352   -3.092   -1.804    0.212   -2.994   -3.000   -3.024
 160     3500  2.50   -4.137   -3.079   -1.807    0.225   -2.977   -2.983   -3.008
 161     3500  3.00   -3.921   -3.013   -1.763    0.267   -2.927   -2.933   -2.959
 162     3500  3.50   -3.709   -2.883   -1.663    0.342   -2.835   -2.843   -2.870
 163     3500  4.00   -3.512   -2.699   -1.505    0.446   -2.715   -2.723   -2.751
 164     3500  4.50   -3.339   -2.482   -1.297    0.563   -2.579   -2.588   -2.618
 165     3500  5.00   -3.236   -2.278   -1.071    0.658   -2.465   -2.475   -2.506
 166     3750  0.00   -4.488   -1.907   -0.546    0.526   -2.097   -2.101   -2.110
 167     3750  0.50   -4.338   -1.942   -0.606    0.520   -2.136   -2.142   -2.154
 168     3750  1.00   -4.183   -1.975   -0.671    0.515   -2.169   -2.175   -2.191
 169     3750  1.50   -4.017   -2.005   -0.736    0.511   -2.195   -2.202   -2.221
 170     3750  2.00   -3.852   -2.035   -0.800    0.507   -2.218   -2.225   -2.247
 171     3750  2.50   -3.687   -2.062   -0.860    0.504   -2.237   -2.245   -2.270
 172     3750  3.00   -3.540   -2.090   -0.910    0.505   -2.259   -2.268   -2.294
 173     3750  3.50   -3.407   -2.100   -0.937    0.516   -2.274   -2.283   -2.311
 174     3750  4.00   -3.288   -2.082   -0.926    0.547   -2.275   -2.284   -2.314
 175     3750  4.50   -3.172   -2.013   -0.851    0.602   -2.237   -2.247   -2.278
 176     3750  5.00   -3.069   -1.906   -0.727    0.670   -2.174   -2.185   -2.216
 177     4000  0.00   -3.958   -1.391   -0.157    0.626   -1.543   -1.547   -1.553
 178     4000  0.50   -3.835   -1.405   -0.179    0.621   -1.576   -1.580   -1.587
 179     4000  1.00   -3.707   -1.420   -0.203    0.619   -1.617   -1.621   -1.631
 180     4000  1.50   -3.563   -1.428   -0.227    0.616   -1.654   -1.659   -1.671
 181     4000  2.00   -3.421   -1.439   -0.254    0.615   -1.694   -1.700   -1.715
 182     4000  2.50   -3.285   -1.451   -0.286    0.614   -1.732   -1.739   -1.758
 183     4000  3.00   -3.168   -1.473   -0.323    0.616   -1.775   -1.783   -1.806
 184     4000  3.50   -3.075   -1.501   -0.361    0.620   -1.820   -1.830   -1.856
 185     4000  4.00   -3.001   -1.526   -0.392    0.631   -1.865   -1.875   -1.904
 186     4000  4.50   -2.939   -1.538   -0.397    0.654   -1.896   -1.907   -1.938
 187     4000  5.00   -2.878   -1.512   -0.351    0.693   -1.882   -1.893   -1.925
 188     4250  0.00   -3.431   -1.048    0.053    0.692   -1.151   -1.154   -1.162
 189     4250  0.50   -3.332   -1.054    0.038    0.688   -1.165   -1.168   -1.176
 190     4250  1.00   -3.224   -1.062    0.024    0.684   -1.188   -1.191   -1.199
 191     4250  1.50   -3.107   -1.065    0.012    0.681   -1.218   -1.222   -1.230
 192     4250  2.00   -2.984   -1.067    0.000    0.677   -1.258   -1.262   -1.272
 193     4250  2.50   -2.878   -1.073   -0.010    0.673   -1.311   -1.316   -1.328
 194     4250  3.00   -2.787   -1.085   -0.024    0.672   -1.369   -1.375   -1.390
 195     4250  3.50   -2.725   -1.108   -0.041    0.673   -1.438   -1.446   -1.465
 196     4250  4.00   -2.682   -1.135   -0.059    0.678   -1.508   -1.518   -1.541
 197     4250  4.50   -2.654   -1.164   -0.075    0.688   -1.577   -1.587   -1.614
 198     4250  5.00   -2.630   -1.184   -0.076    0.709   -1.623   -1.634   -1.664
 199     4500  0.00   -2.946   -0.805    0.191    0.737   -0.885   -0.888   -0.898
 200     4500  0.50   -2.865   -0.805    0.179    0.733   -0.886   -0.888   -0.898
 201     4500  1.00   -2.783   -0.810    0.167    0.730   -0.894   -0.897   -0.906
 202     4500  1.50   -2.693   -0.814    0.156    0.727   -0.911   -0.913   -0.921
 203     4500  2.00   -2.595   -0.814    0.146    0.722   -0.934   -0.937   -0.944
 204     4500  2.50   -2.505   -0.816    0.138    0.718   -0.972   -0.976   -0.984
 205     4500  3.00   -2.434   -0.823    0.131    0.714   -1.027   -1.031   -1.041
 206     4500  3.50   -2.383   -0.838    0.124    0.713   -1.097   -1.102   -1.114
 207     4500  4.00   -2.355   -0.861    0.117    0.715   -1.177   -1.184   -1.199
 208     4500  4.50   -2.345   -0.887    0.111    0.719   -1.262   -1.271   -1.290
 209     4500  5.00   -2.347   -0.917    0.106    0.727   -1.347   -1.357   -1.380
 210     4750  0.00   -2.518   -0.623    0.285    0.766   -0.687   -0.690   -0.699
 211     4750  0.50   -2.447   -0.621    0.275    0.761   -0.685   -0.688   -0.697
 212     4750  1.00   -2.381   -0.622    0.264    0.758   -0.687   -0.690   -0.698
 213     4750  1.50   -2.313   -0.625    0.254    0.756   -0.693   -0.695   -0.703
 214     4750  2.00   -2.241   -0.626    0.244    0.751   -0.702   -0.704   -0.711
 215     4750  2.50   -2.169   -0.625    0.236    0.746   -0.718   -0.721   -0.728
 216     4750  3.00   -2.111   -0.628    0.229    0.742   -0.751   -0.754   -0.761
 217     4750  3.50   -2.067   -0.635    0.224    0.739   -0.800   -0.804   -0.811
 218     4750  4.00   -2.043   -0.650    0.220    0.738   -0.867   -0.872   -0.880
 219     4750  4.50   -2.036   -0.670    0.218    0.741   -0.948   -0.954   -0.965
 220     4750  5.00   -2.043   -0.694    0.217    0.745   -1.038   -1.046   -1.059
 221     5000  0.00   -2.142   -0.475    0.346    0.782   -0.521   -0.523   -0.530
 222     5000  0.50   -2.076   -0.474    0.337    0.776   -0.523   -0.525   -0.532
 223     5000  1.00   -2.015   -0.475    0.328    0.772   -0.525   -0.528   -0.535
 224     5000  1.50   -1.959   -0.478    0.319    0.768   -0.530   -0.532   -0.539
 225     5000  2.00   -1.903   -0.480    0.310    0.764   -0.534   -0.536   -0.544
 226     5000  2.50   -1.850   -0.481    0.302    0.759   -0.541   -0.543   -0.550
 227     5000  3.00   -1.806   -0.481    0.295    0.754   -0.555   -0.557   -0.564
 228     5000  3.50   -1.773   -0.483    0.290    0.750   -0.581   -0.584   -0.590
 229     5000  4.00   -1.752   -0.490    0.286    0.748   -0.623   -0.626   -0.632
 230     5000  4.50   -1.744   -0.502    0.284    0.748   -0.681   -0.684   -0.690
 231     5000  5.00   -1.749   -0.519    0.284    0.751   -0.754   -0.759   -0.765
 232     5250  0.00   -1.800   -0.346    0.383    0.780   -0.374   -0.375   -0.380
 233     5250  0.50   -1.744   -0.349    0.374    0.774   -0.381   -0.383   -0.388
 234     5250  1.00   -1.691   -0.353    0.366    0.770   -0.388   -0.390   -0.396
 235     5250  1.50   -1.642   -0.358    0.357    0.766   -0.396   -0.397   -0.403
 236     5250  2.00   -1.596   -0.363    0.349    0.761   -0.402   -0.404   -0.410
 237     5250  2.50   -1.556   -0.366    0.342    0.757   -0.409   -0.411   -0.417
 238     5250  3.00   -1.523   -0.368    0.335    0.752   -0.418   -0.420   -0.426
 239     5250  3.50   -1.501   -0.370    0.331    0.748   -0.432   -0.434   -0.440
 240     5250  4.00   -1.487   -0.373    0.327    0.745   -0.454   -0.456   -0.461
 241     5250  4.50   -1.483   -0.379    0.326    0.745   -0.488   -0.491   -0.496
 242     5250  5.00   -1.489   -0.388    0.326    0.746   -0.537   -0.540   -0.545
 243     5500  0.00   -1.481   -0.232    0.403    0.760   -0.247   -0.247   -0.251
 244     5500  0.50   -1.444   -0.241    0.394    0.756   -0.259   -0.260   -0.264
 245     5500  1.00   -1.403   -0.249    0.386    0.752   -0.270   -0.271   -0.276
 246     5500  1.50   -1.363   -0.257    0.379    0.749   -0.281   -0.282   -0.287
 247     5500  2.00   -1.327   -0.265    0.371    0.745   -0.291   -0.293   -0.297
 248     5500  2.50   -1.295   -0.271    0.364    0.741   -0.301   -0.303   -0.308
 249     5500  3.00   -1.269   -0.277    0.357    0.737   -0.311   -0.313   -0.318
 250     5500  3.50   -1.253   -0.281    0.353    0.733   -0.323   -0.324   -0.330
 251     5500  4.00   -1.245   -0.285    0.350    0.731   -0.337   -0.339   -0.344
 252     5500  4.50   -1.246   -0.288    0.349    0.730   -0.358   -0.360   -0.364
 253     5500  5.00   -1.255   -0.292    0.350    0.731   -0.387   -0.389   -0.393
 254     5750  0.00   -1.184   -0.134    0.408    0.723   -0.143   -0.143   -0.146
 255     5750  0.50   -1.172   -0.148    0.402    0.723   -0.158   -0.159   -0.162
 256     5750  1.00   -1.147   -0.160    0.395    0.721   -0.172   -0.173   -0.176
 257     5750  1.50   -1.119   -0.171    0.388    0.719   -0.185   -0.186   -0.190
 258     5750  2.00   -1.093   -0.182    0.380    0.716   -0.198   -0.199   -0.203
 259     5750  2.50   -1.069   -0.192    0.373    0.713   -0.211   -0.212   -0.216
 260     5750  3.00   -1.049   -0.201    0.367    0.710   -0.224   -0.225   -0.229
 261     5750  3.50   -1.037   -0.208    0.362    0.708   -0.236   -0.237   -0.242
 262     5750  4.00   -1.032   -0.214    0.359    0.706   -0.249   -0.251   -0.255
 263     5750  4.50   -1.034   -0.218    0.358    0.706   -0.265   -0.266   -0.271
 264     5750  5.00   -1.045   -0.221    0.359    0.707   -0.284   -0.286   -0.290
 265     6000  0.00   -0.913   -0.053    0.399    0.673   -0.062   -0.062   -0.064
 266     6000  0.50   -0.927   -0.070    0.398    0.678   -0.078   -0.078   -0.080
 267     6000  1.00   -0.921   -0.085    0.393    0.680   -0.093   -0.093   -0.096
 268     6000  1.50   -0.907   -0.099    0.387    0.680   -0.108   -0.108   -0.111
 269     6000  2.00   -0.891   -0.113    0.381    0.679   -0.123   -0.123   -0.126
 270     6000  2.50   -0.875   -0.126    0.374    0.678   -0.137   -0.138   -0.141
 271     6000  3.00   -0.863   -0.138    0.368    0.676   -0.152   -0.153   -0.156
 272     6000  3.50   -0.854   -0.148    0.362    0.674   -0.166   -0.167   -0.171
 273     6000  4.00   -0.850   -0.157    0.358    0.673   -0.180   -0.181   -0.185
 274     6000  4.50   -0.853   -0.163    0.357    0.673   -0.195   -0.196   -0.200
 275     6000  5.00   -0.862   -0.167    0.357    0.675   -0.211   -0.212   -0.216
 276     6250  0.50   -0.705   -0.006    0.380    0.623   -0.016   -0.016   -0.017
 277     6250  1.00   -0.722   -0.023    0.382    0.630   -0.030   -0.030   -0.032
 278     6250  1.50   -0.723   -0.039    0.379    0.633   -0.045   -0.045   -0.048
 279     6250  2.00   -0.717   -0.055    0.374    0.635   -0.061   -0.062   -0.064
 280     6250  2.50   -0.710   -0.071    0.368    0.636   -0.077   -0.078   -0.081
 281     6250  3.00   -0.704   -0.086    0.362    0.636   -0.093   -0.094   -0.097
 282     6250  3.50   -0.699   -0.099    0.356    0.635   -0.109   -0.110   -0.113
 283     6250  4.00   -0.698   -0.111    0.351    0.635   -0.125   -0.126   -0.130
 284     6250  4.50   -0.700   -0.120    0.349    0.635   -0.140   -0.141   -0.145
 285     6250  5.00   -0.707   -0.126    0.348    0.637   -0.155   -0.157   -0.160
 286     6500  0.50   -0.521    0.044    0.357    0.563    0.033    0.032    0.032
 287     6500  1.00   -0.541    0.028    0.359    0.571    0.018    0.018    0.017
 288     6500  1.50   -0.562    0.011    0.363    0.580    0.005    0.005    0.003
 289     6500  2.00   -0.569   -0.006    0.361    0.585   -0.011   -0.011   -0.013
 290     6500  2.50   -0.570   -0.024    0.356    0.588   -0.028   -0.029   -0.031
 291     6500  3.00   -0.570   -0.042    0.351    0.590   -0.046   -0.046   -0.049
 292     6500  3.50   -0.569   -0.058    0.345    0.591   -0.063   -0.064   -0.067
 293     6500  4.00   -0.571   -0.073    0.339    0.591   -0.081   -0.082   -0.085
 294     6500  4.50   -0.574   -0.085    0.335    0.592   -0.098   -0.099   -0.102
 295     6500  5.00   -0.580   -0.094    0.334    0.594   -0.114   -0.115   -0.118
 296     6750  0.50   -0.367    0.081    0.329    0.502    0.067    0.067    0.067
 297     6750  1.00   -0.390    0.067    0.332    0.510    0.055    0.055    0.054
 298     6750  1.50   -0.413    0.051    0.336    0.520    0.042    0.042    0.041
 299     6750  2.00   -0.438    0.034    0.341    0.530    0.029    0.029    0.027
 300     6750  2.50   -0.451    0.015    0.339    0.536    0.012    0.012    0.010
 301     6750  3.00   -0.457   -0.005    0.335    0.540   -0.007   -0.007   -0.009
 302     6750  3.50   -0.462   -0.024    0.329    0.543   -0.026   -0.026   -0.029
 303     6750  4.00   -0.466   -0.042    0.323    0.545   -0.045   -0.046   -0.049
 304     6750  4.50   -0.471   -0.057    0.318    0.546   -0.064   -0.065   -0.068
 305     6750  5.00   -0.476   -0.070    0.315    0.548   -0.082   -0.082   -0.085
 306     7000  0.50   -0.241    0.105    0.299    0.442    0.089    0.089    0.089
 307     7000  1.00   -0.264    0.094    0.302    0.449    0.080    0.080    0.080
 308     7000  1.50   -0.290    0.081    0.306    0.457    0.070    0.070    0.070
 309     7000  2.00   -0.318    0.065    0.311    0.468    0.058    0.058    0.057
 310     7000  2.50   -0.346    0.047    0.316    0.480    0.044    0.043    0.042
 311     7000  3.00   -0.363    0.026    0.315    0.487    0.025    0.025    0.023
 312     7000  3.50   -0.373    0.005    0.310    0.491    0.005    0.004    0.002
 313     7000  4.00   -0.382   -0.016    0.303    0.495   -0.016   -0.017   -0.019
 314     7000  4.50   -0.388   -0.035    0.297    0.497   -0.037   -0.038   -0.040
 315     7000  5.00   -0.393   -0.051    0.292    0.500   -0.057   -0.058   -0.060
 316     7250  0.50   -0.151    0.117    0.272    0.389    0.100    0.100    0.101
 317     7250  1.00   -0.160    0.111    0.269    0.388    0.094    0.095    0.095
 318     7250  1.50   -0.188    0.101    0.274    0.396    0.088    0.088    0.088
 319     7250  2.00   -0.217    0.088    0.279    0.406    0.078    0.078    0.078
 320     7250  2.50   -0.250    0.071    0.285    0.417    0.065    0.065    0.064
 321     7250  3.00   -0.281    0.050    0.289    0.429    0.049    0.049    0.048
 322     7250  3.50   -0.300    0.028    0.286    0.437    0.029    0.029    0.027
 323     7250  4.00   -0.313    0.005    0.280    0.441    0.007    0.007    0.005
 324     7250  4.50   -0.322   -0.017    0.273    0.445   -0.016   -0.016   -0.019
 325     7250  5.00   -0.329   -0.037    0.267    0.449   -0.038   -0.039   -0.041
 326     7500  0.50   -0.115    0.102    0.256    0.353    0.090    0.090    0.091
 327     7500  1.00   -0.079    0.115    0.235    0.331    0.097    0.097    0.098
 328     7500  1.50   -0.103    0.110    0.240    0.336    0.095    0.095    0.095
 329     7500  2.00   -0.136    0.100    0.245    0.344    0.089    0.089    0.089
 330     7500  2.50   -0.169    0.086    0.250    0.354    0.079    0.079    0.079
 331     7500  3.00   -0.205    0.068    0.255    0.367    0.065    0.065    0.064
 332     7500  3.50   -0.237    0.045    0.258    0.378    0.047    0.047    0.045
 333     7500  4.00   -0.257    0.021    0.254    0.386    0.025    0.024    0.023
 334     7500  4.50   -0.271   -0.004    0.247    0.391    0.001    0.000   -0.002
 335     7500  5.00   -0.280   -0.027    0.240    0.395   -0.024   -0.024   -0.026
 336     7750  1.00   -0.027    0.106    0.203    0.279    0.088    0.088    0.089
 337     7750  1.50   -0.037    0.108    0.202    0.277    0.091    0.091    0.092
 338     7750  2.00   -0.069    0.102    0.209    0.284    0.089    0.089    0.089
 339     7750  2.50   -0.105    0.092    0.214    0.293    0.083    0.083    0.083
 340     7750  3.00   -0.140    0.077    0.217    0.302    0.072    0.072    0.072
 341     7750  3.50   -0.179    0.056    0.223    0.316    0.057    0.057    0.056
 342     7750  4.00   -0.210    0.032    0.223    0.327    0.037    0.036    0.035
 343     7750  4.50   -0.230    0.006    0.218    0.335    0.012    0.012    0.010
 344     7750  5.00   -0.243   -0.020    0.210    0.341   -0.013   -0.014   -0.016
 345     8000  1.00   -0.005    0.079    0.170    0.234    0.061    0.062    0.062
 346     8000  1.50    0.009    0.094    0.163    0.221    0.076    0.076    0.077
 347     8000  2.00   -0.017    0.093    0.168    0.225    0.078    0.078    0.079
 348     8000  2.50   -0.053    0.087    0.175    0.233    0.076    0.076    0.076
 349     8000  3.00   -0.092    0.075    0.179    0.242    0.069    0.069    0.069
 350     8000  3.50   -0.130    0.059    0.182    0.251    0.058    0.058    0.058
 351     8000  4.00   -0.168    0.037    0.187    0.265    0.041    0.041    0.040
 352     8000  4.50   -0.197    0.011    0.185    0.276    0.019    0.018    0.017
 353     8000  5.00   -0.215   -0.016    0.178    0.284   -0.007   -0.008   -0.009
 354     8250  1.00   -0.009    0.026    0.129    0.190    0.010    0.010    0.010
 355     8250  1.50    0.034    0.070    0.123    0.167    0.050    0.050    0.051
 356     8250  2.00    0.020    0.075    0.125    0.166    0.058    0.058    0.059
 357     8250  2.50   -0.014    0.072    0.132    0.171    0.060    0.060    0.061
 358     8250  3.00   -0.054    0.065    0.138    0.180    0.057    0.057    0.057
 359     8250  3.50   -0.094    0.052    0.142    0.190    0.049    0.049    0.049
 360     8250  4.00   -0.132    0.034    0.144    0.201    0.037    0.037    0.036
 361     8250  4.50   -0.169    0.010    0.147    0.214    0.019    0.018    0.017
 362     8250  5.00   -0.193   -0.017    0.144    0.225   -0.006   -0.006   -0.008
 363     8500  1.50    0.040    0.033    0.080    0.115    0.013    0.013    0.014
 364     8500  2.00    0.040    0.047    0.080    0.107    0.029    0.029    0.030
 365     8500  2.50    0.012    0.049    0.085    0.110    0.034    0.034    0.035
 366     8500  3.00   -0.025    0.044    0.092    0.118    0.035    0.035    0.035
 367     8500  3.50   -0.066    0.035    0.097    0.127    0.031    0.032    0.032
 368     8500  4.00   -0.107    0.021    0.100    0.137    0.023    0.023    0.023
 369     8500  4.50   -0.145    0.002    0.103    0.149    0.010    0.010    0.009
 370     8500  5.00   -0.176   -0.022    0.104    0.164   -0.010   -0.010   -0.012
 371     8750  1.50    0.033   -0.012    0.034    0.063   -0.033   -0.033   -0.032
 372     8750  2.00    0.044    0.012    0.033    0.051   -0.009   -0.009   -0.008
 373     8750  2.50    0.025    0.017    0.036    0.050    0.000    0.000    0.001
 374     8750  3.00   -0.009    0.016    0.042    0.055    0.004    0.004    0.005
 375     8750  3.50   -0.049    0.010    0.048    0.063    0.004    0.005    0.005
 376     8750  4.00   -0.090    0.000    0.053    0.073    0.001    0.001    0.001
 377     8750  4.50   -0.129   -0.015    0.055    0.085   -0.008   -0.008   -0.009
 378     8750  5.00   -0.164   -0.035    0.059    0.099   -0.023   -0.023   -0.024
 379     9000  1.50    0.020   -0.061   -0.015    0.009   -0.083   -0.083   -0.083
 380     9000  2.00    0.037   -0.030   -0.015   -0.005   -0.051   -0.051   -0.050
 381     9000  2.50    0.024   -0.021   -0.015   -0.011   -0.040   -0.039   -0.039
 382     9000  3.00   -0.005   -0.020   -0.011   -0.009   -0.034   -0.034   -0.033
 383     9000  3.50   -0.041   -0.023   -0.005   -0.002   -0.031   -0.031   -0.030
 384     9000  4.00   -0.081   -0.029    0.002    0.009   -0.031   -0.031   -0.031
 385     9000  4.50   -0.120   -0.040    0.006    0.020   -0.035   -0.035   -0.035
 386     9000  5.00   -0.157   -0.056    0.009    0.033   -0.045   -0.045   -0.045
 387     9250  2.00    0.024   -0.074   -0.064   -0.060   -0.097   -0.097   -0.096
 388     9250  2.50    0.015   -0.063   -0.065   -0.069   -0.083   -0.083   -0.082
 389     9250  3.00   -0.010   -0.061   -0.064   -0.071   -0.076   -0.076   -0.075
 390     9250  3.50   -0.044   -0.063   -0.059   -0.066   -0.072   -0.072   -0.072
 391     9250  4.00   -0.081   -0.066   -0.053   -0.057   -0.070   -0.070   -0.070
 392     9250  4.50   -0.120   -0.074   -0.047   -0.046   -0.070   -0.070   -0.070
 393     9250  5.00   -0.157   -0.085   -0.043   -0.033   -0.074   -0.074   -0.075
 394     9500  2.00    0.008   -0.120   -0.113   -0.114   -0.144   -0.144   -0.143
 395     9500  2.50    0.001   -0.106   -0.116   -0.126   -0.128   -0.128   -0.127
 396     9500  3.00   -0.022   -0.104   -0.116   -0.131   -0.121   -0.121   -0.120
 397     9500  3.50   -0.054   -0.105   -0.114   -0.130   -0.117   -0.117   -0.116
 398     9500  4.00   -0.091   -0.108   -0.109   -0.123   -0.114   -0.114   -0.113
 399     9500  4.50   -0.128   -0.113   -0.103   -0.113   -0.111   -0.111   -0.111
 400     9500  5.00   -0.164   -0.121   -0.097   -0.100   -0.112   -0.112   -0.112
 401     9750  2.00   -0.010   -0.166   -0.162   -0.168   -0.192   -0.192   -0.191
 402     9750  2.50   -0.016   -0.151   -0.165   -0.182   -0.175   -0.175   -0.174
 403     9750  3.00   -0.038   -0.148   -0.168   -0.190   -0.168   -0.167   -0.167
 404     9750  3.50   -0.069   -0.150   -0.169   -0.192   -0.164   -0.163   -0.163
 405     9750  4.00   -0.105   -0.153   -0.166   -0.188   -0.160   -0.160   -0.160
 406     9750  4.50   -0.142   -0.157   -0.160   -0.179   -0.157   -0.157   -0.157
 407     9750  5.00   -0.177   -0.163   -0.154   -0.166   -0.155   -0.155   -0.155
 408    10000  2.00   -0.029   -0.213   -0.211   -0.222   -0.240   -0.240   -0.239
 409    10000  2.50   -0.035   -0.197   -0.215   -0.237   -0.222   -0.222   -0.221
 410    10000  3.00   -0.057   -0.194   -0.220   -0.247   -0.215   -0.214   -0.214
 411    10000  3.50   -0.088   -0.195   -0.222   -0.253   -0.211   -0.211   -0.210
 412    10000  4.00   -0.123   -0.199   -0.222   -0.251   -0.208   -0.208   -0.208
 413    10000  4.50   -0.159   -0.203   -0.218   -0.245   -0.205   -0.205   -0.205
 414    10000  5.00   -0.195   -0.208   -0.212   -0.233   -0.202   -0.202   -0.202
 415    10250  2.00   -0.050   -0.261   -0.261   -0.276   -0.288   -0.288   -0.287
 416    10250  2.50   -0.056   -0.243   -0.264   -0.291   -0.269   -0.269   -0.268
 417    10250  3.00   -0.078   -0.239   -0.270   -0.303   -0.262   -0.261   -0.261
 418    10250  3.50   -0.108   -0.241   -0.275   -0.311   -0.259   -0.259   -0.258
 419    10250  4.00   -0.143   -0.245   -0.276   -0.313   -0.257   -0.257   -0.256
 420    10250  4.50   -0.180   -0.250   -0.275   -0.309   -0.254   -0.254   -0.254
 421    10250  5.00   -0.216   -0.254   -0.270   -0.299   -0.251   -0.251   -0.251
 422    10500  2.00   -0.072   -0.308   -0.312   -0.331   -0.336   -0.336   -0.335
 423    10500  2.50   -0.078   -0.289   -0.313   -0.344   -0.316   -0.316   -0.315
 424    10500  3.00   -0.100   -0.285   -0.320   -0.358   -0.309   -0.309   -0.308
 425    10500  3.50   -0.129   -0.288   -0.326   -0.368   -0.307   -0.306   -0.306
 426    10500  4.00   -0.164   -0.292   -0.330   -0.372   -0.305   -0.305   -0.305
 427    10500  4.50   -0.201   -0.297   -0.330   -0.371   -0.304   -0.303   -0.303
 428    10500  5.00   -0.238   -0.302   -0.327   -0.363   -0.300   -0.300   -0.300
 429    10750  2.00   -0.097   -0.356   -0.362   -0.386   -0.384   -0.384   -0.383
 430    10750  2.50   -0.101   -0.336   -0.363   -0.398   -0.363   -0.363   -0.362
 431    10750  3.00   -0.123   -0.331   -0.369   -0.412   -0.356   -0.356   -0.355
 432    10750  3.50   -0.152   -0.334   -0.377   -0.423   -0.354   -0.354   -0.353
 433    10750  4.00   -0.187   -0.339   -0.382   -0.430   -0.354   -0.354   -0.353
 434    10750  4.50   -0.224   -0.345   -0.385   -0.431   -0.353   -0.353   -0.352
 435    10750  5.00   -0.262   -0.350   -0.384   -0.426   -0.350   -0.350   -0.350
 436    11000  2.00   -0.123   -0.404   -0.414   -0.441   -0.432   -0.432   -0.431
 437    11000  2.50   -0.126   -0.382   -0.412   -0.451   -0.411   -0.410   -0.410
 438    11000  3.00   -0.147   -0.377   -0.419   -0.465   -0.403   -0.403   -0.402
 439    11000  3.50   -0.176   -0.380   -0.427   -0.477   -0.401   -0.401   -0.400
 440    11000  4.00   -0.211   -0.385   -0.434   -0.486   -0.402   -0.401   -0.401
 441    11000  4.50   -0.248   -0.392   -0.438   -0.489   -0.402   -0.401   -0.401
 442    11000  5.00   -0.286   -0.398   -0.439   -0.487   -0.400   -0.400   -0.400
 443    11250  2.00   -0.150   -0.452   -0.465   -0.496   -0.480   -0.480   -0.480
 444    11250  2.50   -0.152   -0.429   -0.462   -0.505   -0.458   -0.458   -0.457
 445    11250  3.00   -0.172   -0.424   -0.468   -0.518   -0.450   -0.450   -0.449
 446    11250  3.50   -0.201   -0.426   -0.476   -0.531   -0.448   -0.448   -0.447
 447    11250  4.00   -0.235   -0.431   -0.484   -0.541   -0.449   -0.449   -0.448
 448    11250  4.50   -0.272   -0.438   -0.490   -0.546   -0.450   -0.450   -0.449
 449    11250  5.00   -0.311   -0.445   -0.492   -0.546   -0.449   -0.449   -0.449
 450    11500  2.00   -0.178   -0.500   -0.516   -0.551   -0.528   -0.528   -0.527
 451    11500  2.50   -0.179   -0.476   -0.512   -0.558   -0.505   -0.505   -0.504
 452    11500  3.00   -0.198   -0.470   -0.517   -0.571   -0.497   -0.497   -0.496
 453    11500  3.50   -0.226   -0.472   -0.525   -0.584   -0.495   -0.495   -0.494
 454    11500  4.00   -0.260   -0.477   -0.534   -0.594   -0.496   -0.496   -0.495
 455    11500  4.50   -0.297   -0.485   -0.541   -0.601   -0.498   -0.497   -0.497
 456    11500  5.00   -0.335   -0.492   -0.545   -0.603   -0.498   -0.498   -0.497
 457    11750  2.00   -0.208   -0.548   -0.567   -0.605   -0.576   -0.575   -0.575
 458    11750  2.50   -0.207   -0.522   -0.562   -0.612   -0.552   -0.551   -0.551
 459    11750  3.00   -0.224   -0.516   -0.566   -0.624   -0.544   -0.543   -0.542
 460    11750  3.50   -0.252   -0.517   -0.574   -0.636   -0.542   -0.542   -0.541
 461    11750  4.00   -0.286   -0.523   -0.583   -0.647   -0.543   -0.543   -0.542
 462    11750  4.50   -0.322   -0.530   -0.590   -0.655   -0.545   -0.545   -0.544
 463    11750  5.00   -0.361   -0.538   -0.596   -0.659   -0.546   -0.546   -0.545
 464    12000  2.50   -0.236   -0.569   -0.612   -0.665   -0.598   -0.598   -0.597
 465    12000  3.00   -0.252   -0.561   -0.615   -0.676   -0.590   -0.590   -0.589
 466    12000  3.50   -0.279   -0.563   -0.623   -0.688   -0.588   -0.588   -0.587
 467    12000  4.00   -0.312   -0.568   -0.631   -0.699   -0.589   -0.589   -0.588
 468    12000  4.50   -0.348   -0.576   -0.640   -0.708   -0.591   -0.591   -0.591
 469    12000  5.00   -0.386   -0.584   -0.646   -0.713   -0.593   -0.593   -0.593
 470    12250  2.50   -0.265   -0.615   -0.661   -0.718   -0.644   -0.644   -0.643
 471    12250  3.00   -0.280   -0.607   -0.664   -0.728   -0.636   -0.636   -0.635
 472    12250  3.50   -0.306   -0.608   -0.671   -0.739   -0.634   -0.634   -0.633
 473    12250  4.00   -0.338   -0.613   -0.679   -0.750   -0.635   -0.635   -0.634
 474    12250  4.50   -0.374   -0.621   -0.688   -0.760   -0.638   -0.637   -0.637
 475    12250  5.00   -0.412   -0.630   -0.696   -0.766   -0.640   -0.640   -0.639
 476    12500  2.50   -0.295   -0.660   -0.710   -0.770   -0.690   -0.690   -0.689
 477    12500  3.00   -0.310   -0.652   -0.713   -0.780   -0.681   -0.681   -0.680
 478    12500  3.50   -0.334   -0.653   -0.719   -0.791   -0.679   -0.679   -0.678
 479    12500  4.00   -0.365   -0.658   -0.727   -0.801   -0.680   -0.680   -0.679
 480    12500  4.50   -0.400   -0.665   -0.736   -0.811   -0.683   -0.683   -0.682
 481    12500  5.00   -0.438   -0.675   -0.744   -0.818   -0.686   -0.686   -0.685
 482    12750  2.50   -0.325   -0.705   -0.759   -0.822   -0.735   -0.735   -0.734
 483    12750  3.00   -0.339   -0.697   -0.761   -0.831   -0.727   -0.726   -0.725
 484    12750  3.50   -0.362   -0.697   -0.767   -0.841   -0.725   -0.724   -0.723
 485    12750  4.00   -0.392   -0.702   -0.774   -0.852   -0.725   -0.725   -0.724
 486    12750  4.50   -0.427   -0.709   -0.783   -0.861   -0.728   -0.728   -0.727
 487    12750  5.00   -0.464   -0.719   -0.792   -0.869   -0.732   -0.731   -0.731
 488    13000  2.50   -0.355   -0.750   -0.807   -0.873   -0.779   -0.779   -0.778
 489    13000  3.00   -0.369   -0.742   -0.809   -0.882   -0.771   -0.771   -0.770
 490    13000  3.50   -0.391   -0.742   -0.814   -0.892   -0.769   -0.769   -0.768
 491    13000  4.00   -0.420   -0.746   -0.821   -0.902   -0.770   -0.770   -0.769
 492    13000  4.50   -0.453   -0.753   -0.830   -0.911   -0.773   -0.772   -0.772
 493    13000  5.00   -0.491   -0.763   -0.839   -0.919   -0.776   -0.776   -0.776
 494    14000  2.00   -0.475   -0.951   -0.997   -1.063   -0.977   -0.977   -0.976
 495    14000  2.50   -0.475   -0.923   -0.992   -1.070   -0.952   -0.952   -0.951
 496    14000  3.00   -0.489   -0.915   -0.995   -1.080   -0.945   -0.944   -0.943
 497    14000  3.50   -0.509   -0.915   -1.000   -1.088   -0.943   -0.943   -0.942
 498    14000  4.00   -0.533   -0.917   -1.005   -1.097   -0.943   -0.943   -0.942
 499    14000  4.50   -0.563   -0.924   -1.012   -1.104   -0.946   -0.946   -0.945
 500    14000  5.00   -0.598   -0.934   -1.021   -1.112   -0.950   -0.950   -0.949
 501    15000  2.50   -0.591   -1.085   -1.165   -1.255   -1.114   -1.114   -1.113
 502    15000  3.00   -0.607   -1.079   -1.171   -1.266   -1.109   -1.109   -1.108
 503    15000  3.50   -0.627   -1.079   -1.176   -1.276   -1.108   -1.108   -1.106
 504    15000  4.00   -0.648   -1.081   -1.181   -1.283   -1.108   -1.107   -1.106
 505    15000  4.50   -0.675   -1.087   -1.187   -1.290   -1.110   -1.110   -1.109
 506    15000  5.00   -0.707   -1.097   -1.195   -1.297   -1.116   -1.115   -1.114
 507    16000  2.50   -0.700   -1.236   -1.326   -1.427   -1.265   -1.265   -1.264
 508    16000  3.00   -0.721   -1.234   -1.336   -1.442   -1.264   -1.264   -1.263
 509    16000  3.50   -0.741   -1.235   -1.343   -1.453   -1.264   -1.264   -1.262
 510    16000  4.00   -0.762   -1.236   -1.348   -1.460   -1.264   -1.264   -1.262
 511    16000  4.50   -0.785   -1.241   -1.354   -1.466   -1.266   -1.265   -1.264
 512    16000  5.00   -0.816   -1.251   -1.362   -1.473   -1.272   -1.272   -1.271
 513    17000  2.50   -0.801   -1.376   -1.475   -1.584   -1.405   -1.404   -1.403
 514    17000  3.00   -0.830   -1.380   -1.492   -1.607   -1.410   -1.410   -1.408
 515    17000  3.50   -0.852   -1.382   -1.500   -1.619   -1.412   -1.411   -1.410
 516    17000  4.00   -0.871   -1.383   -1.505   -1.627   -1.411   -1.411   -1.409
 517    17000  4.50   -0.892   -1.386   -1.510   -1.632   -1.411   -1.411   -1.410
 518    17000  5.00   -0.921   -1.397   -1.518   -1.639   -1.418   -1.418   -1.417
 519    18000  2.50   -0.894   -1.506   -1.610   -1.727   -1.534   -1.534   -1.533
 520    18000  3.00   -0.933   -1.515   -1.636   -1.761   -1.546   -1.546   -1.544
 521    18000  3.50   -0.958   -1.521   -1.648   -1.776   -1.551   -1.551   -1.550
 522    18000  4.00   -0.976   -1.523   -1.654   -1.784   -1.551   -1.551   -1.549
 523    18000  4.50   -0.995   -1.524   -1.657   -1.789   -1.550   -1.550   -1.549
 524    18000  5.00   -1.021   -1.534   -1.665   -1.795   -1.556   -1.556   -1.555
 525    19000  2.50   -0.982   -1.630   -1.736   -1.856   -1.658   -1.657   -1.657
 526    19000  3.00   -1.028   -1.641   -1.769   -1.902   -1.672   -1.671   -1.670
 527    19000  3.50   -1.060   -1.653   -1.788   -1.923   -1.683   -1.683   -1.681
 528    19000  4.00   -1.079   -1.656   -1.794   -1.932   -1.685   -1.684   -1.683
 529    19000  4.50   -1.094   -1.656   -1.797   -1.936   -1.683   -1.682   -1.681
 530    19000  5.00   -1.117   -1.664   -1.803   -1.941   -1.687   -1.687   -1.685
 531    20000  3.00   -1.115   -1.758   -1.892   -2.031   -1.789   -1.788   -1.787
 532    20000  3.50   -1.156   -1.776   -1.918   -2.061   -1.807   -1.807   -1.805
 533    20000  4.00   -1.177   -1.782   -1.927   -2.072   -1.812   -1.811   -1.810
 534    20000  4.50   -1.191   -1.783   -1.930   -2.075   -1.810   -1.810   -1.809
 535    20000  5.00   -1.210   -1.788   -1.934   -2.079   -1.812   -1.812   -1.810
 536    21000  3.00   -1.198   -1.869   -2.007   -2.150   -1.899   -1.899   -1.897
 537    21000  3.50   -1.246   -1.893   -2.040   -2.189   -1.923   -1.923   -1.922
 538    21000  4.00   -1.273   -1.903   -2.054   -2.204   -1.933   -1.933   -1.931
 539    21000  4.50   -1.287   -1.905   -2.057   -2.208   -1.933   -1.933   -1.931
 540    21000  5.00   -1.302   -1.908   -2.059   -2.210   -1.933   -1.933   -1.932
 541    22000  3.00   -1.280   -1.976   -2.118   -2.264   -2.006   -2.005   -2.004
 542    22000  3.50   -1.331   -2.002   -2.155   -2.308   -2.033   -2.033   -2.031
 543    22000  4.00   -1.364   -2.019   -2.174   -2.330   -2.048   -2.048   -2.047
 544    22000  4.50   -1.381   -2.023   -2.180   -2.336   -2.052   -2.051   -2.050
 545    22000  5.00   -1.394   -2.026   -2.182   -2.337   -2.052   -2.051   -2.050
 546    23000  3.00   -1.360   -2.079   -2.226   -2.376   -2.108   -2.108   -2.106
 547    23000  3.50   -1.413   -2.107   -2.263   -2.421   -2.137   -2.137   -2.135
 548    23000  4.00   -1.452   -2.128   -2.289   -2.448   -2.158   -2.157   -2.156
 549    23000  4.50   -1.473   -2.137   -2.298   -2.458   -2.165   -2.165   -2.164
 550    23000  5.00   -1.486   -2.141   -2.301   -2.460   -2.167   -2.167   -2.165
 551    24000  3.00   -1.436   -2.176   -2.327   -2.483   -2.204   -2.204   -2.203
 552    24000  3.50   -1.492   -2.206   -2.368   -2.530   -2.236   -2.236   -2.235
 553    24000  4.00   -1.535   -2.232   -2.397   -2.561   -2.261   -2.261   -2.260
 554    24000  4.50   -1.561   -2.245   -2.411   -2.575   -2.274   -2.273   -2.272
 555    24000  5.00   -1.577   -2.251   -2.416   -2.579   -2.278   -2.278   -2.276
 556    25000  3.00   -1.508   -2.268   -2.420   -2.580   -2.295   -2.294   -2.293
 557    25000  3.50   -1.567   -2.301   -2.469   -2.635   -2.331   -2.330   -2.329
 558    25000  4.00   -1.615   -2.330   -2.500   -2.668   -2.360   -2.360   -2.358
 559    25000  4.50   -1.645   -2.348   -2.519   -2.687   -2.377   -2.376   -2.375
 560    25000  5.00   -1.665   -2.357   -2.527   -2.694   -2.384   -2.384   -2.382
 561    26000  3.00   -1.582   -2.359   -2.509   -2.669   -2.385   -2.385   -2.384
 562    26000  3.50   -1.637   -2.389   -2.563   -2.734   -2.419   -2.418   -2.417
 563    26000  4.00   -1.690   -2.423   -2.599   -2.771   -2.453   -2.453   -2.451
 564    26000  4.50   -1.725   -2.445   -2.621   -2.793   -2.474   -2.474   -2.472
 565    26000  5.00   -1.748   -2.458   -2.632   -2.803   -2.485   -2.485   -2.483
 566    27000  3.50   -1.702   -2.471   -2.649   -2.826   -2.499   -2.499   -2.497
 567    27000  4.00   -1.760   -2.510   -2.692   -2.869   -2.540   -2.539   -2.538
 568    27000  4.50   -1.800   -2.537   -2.718   -2.894   -2.565   -2.565   -2.563
 569    27000  5.00   -1.827   -2.553   -2.732   -2.907   -2.580   -2.580   -2.578
 570    28000  3.50   -1.763   -2.548   -2.729   -2.910   -2.576   -2.576   -2.574
 571    28000  4.00   -1.825   -2.591   -2.778   -2.960   -2.620   -2.620   -2.618
 572    28000  4.50   -1.870   -2.622   -2.808   -2.989   -2.651   -2.650   -2.648
 573    28000  5.00   -1.900   -2.642   -2.826   -3.006   -2.669   -2.669   -2.667
 574    29000  3.50   -1.826   -2.625   -2.807   -2.990   -2.653   -2.652   -2.651
 575    29000  4.00   -1.884   -2.666   -2.858   -3.045   -2.695   -2.694   -2.693
 576    29000  4.50   -1.934   -2.701   -2.893   -3.079   -2.730   -2.729   -2.727
 577    29000  5.00   -1.969   -2.725   -2.915   -3.098   -2.752   -2.752   -2.750
 578    30000  3.50   -1.895   -2.706   -2.886   -3.070   -2.733   -2.733   -2.731
 579    30000  4.00   -1.942   -2.738   -2.933   -3.124   -2.767   -2.766   -2.764
 580    30000  4.50   -1.993   -2.775   -2.972   -3.162   -2.803   -2.803   -2.801
 581    30000  5.00   -2.031   -2.802   -2.997   -3.185   -2.829   -2.829   -2.827
 582    31000  3.50   -1.971   -2.792   -2.970   -3.154   -2.819   -2.819   -2.817
 583    31000  4.00   -2.001   -2.810   -3.007   -3.201   -2.838   -2.837   -2.836
 584    31000  4.50   -2.050   -2.846   -3.046   -3.240   -2.874   -2.873   -2.872
 585    31000  5.00   -2.089   -2.874   -3.074   -3.266   -2.901   -2.901   -2.899
 586    32000  4.00   -2.064   -2.884   -3.082   -3.277   -2.912   -2.911   -2.909
 587    32000  4.50   -2.106   -2.915   -3.118   -3.315   -2.942   -2.942   -2.940
 588    32000  5.00   -2.146   -2.944   -3.147   -3.343   -2.971   -2.970   -2.968
 589    33000  4.00   -2.132   -2.961   -3.158   -3.355   -2.988   -2.988   -2.986
 590    33000  4.50   -2.165   -2.985   -3.190   -3.389   -3.012   -3.012   -3.010
 591    33000  5.00   -2.201   -3.011   -3.218   -3.417   -3.038   -3.038   -3.036
 592    34000  4.00   -2.204   -3.041   -3.238   -3.435   -3.068   -3.068   -3.066
 593    34000  4.50   -2.228   -3.057   -3.263   -3.464   -3.084   -3.083   -3.081
 594    34000  5.00   -2.259   -3.080   -3.289   -3.490   -3.106   -3.106   -3.104
 595    35000  4.00   -2.279   -3.122   -3.319   -3.518   -3.150   -3.150   -3.148
 596    35000  4.50   -2.294   -3.131   -3.337   -3.540   -3.158   -3.157   -3.155
 597    35000  5.00   -2.319   -3.149   -3.360   -3.563   -3.176   -3.175   -3.173
 598    36000  4.00   -2.356   -3.205   -3.403   -3.602   -3.234   -3.233   -3.231
 599    36000  4.50   -2.363   -3.207   -3.413   -3.618   -3.234   -3.233   -3.232
 600    36000  5.00   -2.383   -3.220   -3.432   -3.636   -3.247   -3.246   -3.244
 601    37000  4.00   -2.434   -3.288   -3.486   -3.687   -3.317   -3.317   -3.315
 602    37000  4.50   -2.435   -3.284   -3.492   -3.697   -3.312   -3.312   -3.310
 603    37000  5.00   -2.449   -3.293   -3.505   -3.711   -3.320   -3.319   -3.317
 604    38000  4.00   -2.511   -3.370   -3.569   -3.771   -3.399   -3.399   -3.397
 605    38000  4.50   -2.508   -3.363   -3.571   -3.777   -3.391   -3.390   -3.388
 606    38000  5.00   -2.518   -3.368   -3.580   -3.787   -3.395   -3.394   -3.392
 607    39000  4.00   -2.587   -3.450   -3.650   -3.853   -3.480   -3.480   -3.478
 608    39000  4.50   -2.582   -3.441   -3.651   -3.858   -3.470   -3.469   -3.467
 609    39000  5.00   -2.588   -3.444   -3.657   -3.865   -3.471   -3.470   -3.468
 610    40000  4.50   -2.655   -3.519   -3.729   -3.939   -3.548   -3.547   -3.545
 611    40000  5.00   -2.659   -3.520   -3.734   -3.943   -3.547   -3.546   -3.544
 612    41000  4.50   -2.727   -3.595   -3.807   -4.018   -3.624   -3.624   -3.622
 613    41000  5.00   -2.730   -3.595   -3.811   -4.022   -3.623   -3.622   -3.620
 614    42000  4.50   -2.797   -3.669   -3.882   -4.094   -3.699   -3.699   -3.696
 615    42000  5.00   -2.801   -3.670   -3.886   -4.099   -3.698   -3.697   -3.695
 616    43000  4.50   -2.866   -3.742   -3.956   -4.169   -3.772   -3.772   -3.769
 617    43000  5.00   -2.870   -3.743   -3.961   -4.175   -3.771   -3.771   -3.768
 618    44000  4.50   -2.933   -3.813   -4.027   -4.242   -3.843   -3.843   -3.841
 619    44000  5.00   -2.938   -3.814   -4.033   -4.249   -3.843   -3.842   -3.840
 620    45000  4.50   -2.999   -3.882   -4.098   -4.313   -3.913   -3.913   -3.911
 621    45000  5.00   -3.004   -3.884   -4.104   -4.321   -3.913   -3.912   -3.910
 622    46000  4.50   -3.064   -3.950   -4.166   -4.382   -3.982   -3.981   -3.979
 623    46000  5.00   -3.069   -3.952   -4.173   -4.391   -3.981   -3.981   -3.979
 624    47000  4.50   -3.127   -4.017   -4.234   -4.450   -4.049   -4.048   -4.046
 625    47000  5.00   -3.132   -4.018   -4.241   -4.459   -4.049   -4.048   -4.046
 626    48000  4.50   -3.190   -4.082   -4.300   -4.517   -4.115   -4.114   -4.112
 627    48000  5.00   -3.195   -4.084   -4.307   -4.526   -4.115   -4.114   -4.112
 628    49000  4.50   -3.251   -4.146   -4.365   -4.582   -4.179   -4.179   -4.177
 629    49000  5.00   -3.256   -4.148   -4.372   -4.592   -4.179   -4.179   -4.177
 630    50000  5.00   -3.316   -4.211   -4.436   -4.656   -4.243   -4.242   -4.240
 631    56101  5.00   -3.508   -4.413   -4.613   -4.805   -4.450   -4.449   -4.447
 632    62946  5.00   -3.838   -4.755   -4.963   -5.160   -4.793   -4.792   -4.790
 633    70627  5.00   -4.173   -5.101   -5.316   -5.517   -5.140   -5.139   -5.137
 634    79245  5.00   -4.514   -5.451   -5.671   -5.877   -5.490   -5.489   -5.487
 635    88914  5.00   -4.858   -5.804   -6.028   -6.238   -5.843   -5.842   -5.840
 636    99763  5.00   -5.206   -6.159   -6.388   -6.600   -6.198   -6.198   -6.196
 637   111936  5.00   -5.556   -6.516   -6.749   -6.965   -6.556   -6.556   -6.553
 638   125595  5.00   -5.910   -6.875   -7.111   -7.330   -6.916   -6.915   -6.913
 639   140920  5.00   -6.266   -7.236   -7.475   -7.696   -7.277   -7.277   -7.274
 640   158115  5.00   -6.624   -7.599   -7.841   -8.064   -7.640   -7.640   -7.637
 641   177407  5.00   -6.985   -7.963   -8.207   -8.432   -8.004   -8.004   -8.001
 642   199055  5.00   -7.346   -8.328   -8.574   -8.801   -8.370   -8.369   -8.367
 643   223343  5.00   -7.710   -8.694   -8.943   -9.170   -8.736   -8.736   -8.733
 644   250595  5.00   -8.074   -9.062   -9.311   -9.540   -9.104   -9.103   -9.101
 645   281172  5.00   -8.440   -9.430   -9.681   -9.911   -9.472   -9.472   -9.469
 646   315481  5.00   -8.807   -9.799  -10.051  -10.282   -9.841   -9.841   -9.838
 647   353975  5.00   -9.174  -10.168  -10.422  -10.654  -10.211  -10.210  -10.208
 648   397167  5.00   -9.543  -10.539  -10.793  -11.026  -10.581  -10.581  -10.578
 649   445629  5.00   -9.912  -10.909  -11.165  -11.398  -10.952  -10.951  -10.949
 650   500004  5.00  -10.282  -11.280  -11.537  -11.771  -11.323  -11.323  -11.320
 651   561014  5.00  -10.652  -11.652  -11.909  -12.144  -11.695  -11.694  -11.692
 652   629469  5.00  -11.023  -12.024  -12.282  -12.517  -12.067  -12.066  -12.064
 653   706276  5.00  -11.394  -12.396  -12.654  -12.890  -12.439  -12.439  -12.436
 654   792455  5.00  -11.766  -12.769  -13.028  -13.264  -12.812  -12.811  -12.809
 655   889149  5.00  -12.138  -13.142  -13.401  -13.637  -13.185  -13.184  -13.182
 656   997642  5.00  -12.511  -13.515  -13.774  -14.011  -13.558  -13.557  -13.555
 657  1119373  5.00  -12.884  -13.888  -14.148  -14.385  -13.931  -13.931  -13.928
 658  1255958  5.00  -13.256  -14.262  -14.522  -14.759  -14.305  -14.304  -14.301
 659  1409209  5.00  -13.630  -14.635  -14.896  -15.133  -14.678  -14.678  -14.675
 660  1581159  5.00  -14.003  -15.009  -15.270  -15.508  -15.052  -15.052  -15.049
 661  1774090  5.00  -14.377  -15.383  -15.644  -15.882  -15.426  -15.426  -15.423
 662  1990563  5.00  -14.750  -15.757  -16.018  -16.256  -15.800  -15.800  -15.797
 663  2233450  5.00  -15.124  -16.131  -16.393  -16.631  -16.174  -16.174  -16.171
 664  2505973  5.00  -15.498  -16.505  -16.767  -17.005  -16.549  -16.548  -16.545
 665  2811749  5.00  -15.872  -16.880  -17.141  -17.380  -16.923  -16.922  -16.920
 666  3154836  5.00  -16.246  -17.254  -17.516  -17.754  -17.297  -17.297  -17.294
 667  3539785  5.00  -16.621  -17.629  -17.891  -18.129  -17.672  -17.671  -17.669
 668  3971706  5.00  -16.995  -18.003  -18.265  -18.504  -18.046  -18.046  -18.043
 669  4456330  5.00  -17.370  -18.378  -18.640  -18.879  -18.421  -18.420  -18.418
# BCs for Fluks et al. 1994 M-giant spectra:
#  n     Teff  logg        C        M       T1       T2 DDO51_finf DDO51_f7.9 DDO51_f2.9
   0     3810  0.00   -3.657   -1.726   -0.418    0.426   -1.906   -1.911   -1.925
   1     3736  0.00   -3.893   -1.953   -0.607    0.402   -2.088   -2.092   -2.102
   2     3666  0.00   -4.155   -2.197   -0.827    0.363   -2.289   -2.292   -2.303
   3     3574  0.00   -4.456   -2.602   -1.160    0.241   -2.633   -2.636   -2.647
   4     3434  0.00   -5.025   -3.306   -1.762   -0.014   -3.256   -3.258   -3.267
   5     3309  0.00   -5.769   -4.357   -2.616   -0.401   -4.165   -4.166   -4.173
   6     3126  0.00   -6.951   -5.748   -3.848   -1.043   -5.616   -5.617   -5.632
   7     2890  0.00   -7.951   -7.154   -4.580   -1.589   -7.133   -7.135   -7.154
   8     2667  0.00   -8.753   -8.185   -5.024   -1.858   -8.236   -8.238   -8.260
   9     2500  0.00   -9.504   -8.936   -5.527   -1.997   -8.963   -8.965   -8.991
