3480 1.121E-04
3490 1.508E-04
3500 1.583E-04
3510 1.927E-04
3520 2.265E-04
3530 2.336E-04
3540 2.165E-04
3550 2.300E-04
3560 2.783E-04
3570 3.291E-04
3580 3.812E-04
3590 4.237E-04
3600 4.536E-04
3610 4.996E-04
3620 5.490E-04
3630 6.071E-04
3640 6.789E-04
3650 7.407E-04
3660 7.886E-04
3670 8.320E-04
3680 8.641E-04
3690 8.897E-04
3700 9.077E-04
3710 9.264E-04
3720 9.365E-04
3730 9.370E-04
3740 9.395E-04
3750 1.000E-03
3760 9.914E-04
3770 9.873E-04
3780 9.737E-04
3790 9.516E-04
3800 9.258E-04
3810 9.035E-04
3820 8.730E-04
3830 8.389E-04
3840 8.059E-04
3850 7.770E-04
3860 7.384E-04
3870 7.001E-04
3880 6.615E-04
3890 6.169E-04
3900 5.831E-04
3910 5.563E-04
3920 5.361E-04
3930 5.005E-04
3940 4.508E-04
3950 3.983E-04
3960 3.697E-04
3970 3.790E-04
3980 4.003E-04
3990 4.145E-04
4000 3.953E-04
4010 3.424E-04
4020 2.973E-04
4030 2.853E-04
4040 3.305E-04
4050 3.981E-04
4060 4.674E-04
4070 5.121E-04
4080 5.376E-04
4090 5.777E-04
4100 6.905E-04
4110 9.656E-04
4120 1.441E-03
4130 2.082E-03
4140 2.756E-03
4150 3.377E-03
4160 3.994E-03
4170 4.842E-03
4180 6.326E-03
4190 8.848E-03
4200 1.278E-02
4210 1.821E-02
4220 2.507E-02
4230 3.332E-02
4240 4.333E-02
4250 5.630E-02
4260 7.321E-02
4270 9.461E-02
4280 1.205E-01
4290 1.501E-01
4300 1.815E-01
4310 2.125E-01
4320 2.417E-01
4330 2.704E-01
4340 2.988E-01
4350 3.282E-01
4360 3.559E-01
4370 3.811E-01
4380 4.020E-01
4390 4.173E-01
4400 4.278E-01
4410 4.360E-01
4420 4.409E-01
4430 4.450E-01
4440 4.487E-01
4450 4.519E-01
4460 4.553E-01
4470 4.585E-01
4480 4.617E-01
4490 4.638E-01
4500 4.648E-01
4510 4.656E-01
4520 4.669E-01
4530 4.685E-01
4540 4.725E-01
4550 4.777E-01
4560 4.843E-01
4570 4.912E-01
4580 4.966E-01
4590 5.002E-01
4600 5.023E-01
4610 5.023E-01
4620 5.015E-01
4630 5.010E-01
4640 5.021E-01
4650 5.042E-01
4660 5.087E-01
4670 5.149E-01
4680 5.217E-01
4690 5.284E-01
4700 5.335E-01
4710 5.362E-01
4720 5.376E-01
4730 5.375E-01
4740 5.365E-01
4750 5.360E-01
4760 5.375E-01
4770 5.403E-01
4780 5.456E-01
4790 5.522E-01
4800 5.584E-01
4810 5.652E-01
4820 5.696E-01
4830 5.729E-01
4840 5.765E-01
4850 5.786E-01
4860 5.811E-01
4870 5.837E-01
4880 5.876E-01
4890 5.918E-01
4900 5.964E-01
4910 6.012E-01
4920 6.052E-01
4930 6.076E-01
4940 6.095E-01
4950 6.103E-01
4960 6.110E-01
4970 6.120E-01
4980 6.143E-01
4990 6.183E-01
5000 6.239E-01
5010 6.290E-01
5020 6.341E-01
5030 6.393E-01
5040 6.431E-01
5050 6.455E-01
5060 6.450E-01
5070 6.435E-01
5080 6.409E-01
5090 6.371E-01
5100 6.340E-01
5110 6.317E-01
5120 6.314E-01
5130 6.324E-01
5140 6.354E-01
5150 6.392E-01
5160 6.431E-01
5170 6.473E-01
5180 6.510E-01
5190 6.540E-01
5200 6.556E-01
5210 6.567E-01
5220 6.580E-01
5230 6.594E-01
5240 6.608E-01
5250 6.629E-01
5260 6.652E-01
5270 6.672E-01
5280 6.695E-01
5290 6.710E-01
5300 6.720E-01
5310 6.719E-01
5320 6.708E-01
5330 6.697E-01
5340 6.680E-01
5350 6.665E-01
5360 6.663E-01
5370 6.672E-01
5380 6.692E-01
5390 6.722E-01
5400 6.760E-01
5410 6.800E-01
5420 6.833E-01
5430 6.858E-01
5440 6.875E-01
5450 6.875E-01
5460 6.868E-01
5470 6.855E-01
5480 6.834E-01
5490 6.819E-01
5500 6.809E-01
5510 6.810E-01
5520 6.832E-01
5530 6.865E-01
5540 6.897E-01
5550 6.928E-01
5560 6.972E-01
5570 7.006E-01
5580 7.023E-01
5590 7.033E-01
5600 7.035E-01
5610 7.033E-01
5620 7.021E-01
5630 7.006E-01
5640 6.997E-01
5650 6.998E-01
5660 7.000E-01
5670 7.022E-01
5680 7.049E-01
5690 7.072E-01
5700 7.101E-01
5710 7.128E-01
5720 7.150E-01
5730 7.157E-01
5740 7.153E-01
5750 7.145E-01
5760 7.130E-01
5770 7.115E-01
5780 7.094E-01
5790 7.076E-01
5800 7.069E-01
5810 7.071E-01
5820 7.087E-01
5830 7.112E-01
5840 7.145E-01
5850 7.177E-01
5860 7.208E-01
5870 7.230E-01
5880 7.244E-01
5890 7.250E-01
5900 7.242E-01
5910 7.220E-01
5920 7.189E-01
5930 7.159E-01
5940 7.131E-01
5950 7.106E-01
5960 7.088E-01
5970 7.081E-01
5980 7.084E-01
5990 7.102E-01
6000 7.135E-01
6010 7.155E-01
6020 7.170E-01
6030 7.188E-01
6040 7.208E-01
6050 7.214E-01
6060 7.208E-01
6070 7.185E-01
6080 7.148E-01
6090 7.106E-01
6100 7.058E-01
6110 7.003E-01
6120 6.954E-01
6130 6.904E-01
6140 6.860E-01
6150 6.836E-01
6160 6.815E-01
6170 6.814E-01
6180 6.812E-01
6190 6.833E-01
6200 6.855E-01
6210 6.883E-01
6220 6.910E-01
6230 6.936E-01
6240 6.950E-01
6250 6.964E-01
6260 6.967E-01
6270 6.954E-01
6280 6.932E-01
6290 6.904E-01
6300 6.870E-01
6310 6.830E-01
6320 6.798E-01
6330 6.766E-01
6340 6.729E-01
6350 6.708E-01
6360 6.686E-01
6370 6.673E-01
6380 6.672E-01
6390 6.671E-01
6400 6.679E-01
6410 6.691E-01
6420 6.703E-01
6430 6.714E-01
6440 6.727E-01
6450 6.730E-01
6460 6.740E-01
6470 6.735E-01
6480 6.727E-01
6490 6.711E-01
6500 6.701E-01
6510 6.683E-01
6520 6.674E-01
6530 6.656E-01
6540 6.638E-01
6550 6.622E-01
6560 6.608E-01
6570 6.588E-01
6580 6.584E-01
6590 6.579E-01
6600 6.568E-01
6610 6.566E-01
6620 6.560E-01
6630 6.558E-01
6640 6.554E-01
6650 6.556E-01
6660 6.549E-01
6670 6.559E-01
6680 6.543E-01
6690 6.539E-01
6700 6.531E-01
6710 6.529E-01
6720 6.519E-01
6730 6.511E-01
6740 6.503E-01
6750 6.491E-01
6760 6.468E-01
6770 6.465E-01
6780 6.450E-01
6790 6.444E-01
6800 6.420E-01
6810 6.407E-01
6820 6.400E-01
6830 6.373E-01
6840 6.355E-01
6850 6.335E-01
6860 6.318E-01
6870 6.296E-01
6880 6.276E-01
6890 6.254E-01
6900 6.242E-01
6910 6.229E-01
6920 6.210E-01
6930 6.197E-01
6940 6.185E-01
6950 6.172E-01
6960 6.172E-01
6970 6.163E-01
6980 6.157E-01
6990 6.165E-01
7000 6.159E-01
7010 6.150E-01
7020 6.135E-01
7030 6.129E-01
7040 6.110E-01
7050 6.104E-01
7060 6.093E-01
7070 6.070E-01
7080 6.065E-01
7090 6.039E-01
7100 6.025E-01
7110 6.002E-01
7120 5.968E-01
7130 5.959E-01
7140 5.933E-01
7150 5.907E-01
7160 5.889E-01
7170 5.860E-01
7180 5.840E-01
7190 5.820E-01
7200 5.814E-01
7210 5.784E-01
7220 5.771E-01
7230 5.762E-01
7240 5.748E-01
7250 5.740E-01
7260 5.725E-01
7270 5.708E-01
7280 5.706E-01
7290 5.689E-01
7300 5.670E-01
7310 5.666E-01
7320 5.645E-01
7330 5.638E-01
7340 5.642E-01
7350 5.613E-01
7360 5.603E-01
7370 5.595E-01
7380 5.592E-01
7390 5.582E-01
7400 5.562E-01
7410 5.549E-01
7420 5.532E-01
7430 5.523E-01
7440 5.502E-01
7450 5.486E-01
7460 5.471E-01
7470 5.460E-01
7480 5.439E-01
7490 5.428E-01
7500 5.412E-01
7510 5.383E-01
7520 5.370E-01
7530 5.359E-01
7540 5.334E-01
7550 5.321E-01
7560 5.311E-01
7570 5.284E-01
7580 5.266E-01
7590 5.247E-01
7600 5.228E-01
7610 5.207E-01
7620 5.202E-01
7630 5.172E-01
7640 5.150E-01
7650 5.134E-01
7660 5.113E-01
7670 5.087E-01
7680 5.053E-01
7690 5.044E-01
7700 5.022E-01
7710 5.003E-01
7720 4.982E-01
7730 4.957E-01
7740 4.934E-01
7750 4.905E-01
7760 4.892E-01
7770 4.885E-01
7780 4.870E-01
7790 4.855E-01
7800 4.841E-01
7810 4.836E-01
7820 4.821E-01
7830 4.801E-01
7840 4.802E-01
7850 4.793E-01
7860 4.783E-01
7870 4.772E-01
7880 4.758E-01
7890 4.763E-01
7900 4.761E-01
7910 4.743E-01
7920 4.727E-01
7930 4.715E-01
7940 4.707E-01
7950 4.688E-01
7960 4.674E-01
7970 4.652E-01
7980 4.619E-01
7990 4.690E-01
8000 4.681E-01
8010 4.646E-01
8020 4.612E-01
8030 4.588E-01
8040 4.558E-01
8050 4.524E-01
8060 4.494E-01
8070 4.471E-01
8080 4.446E-01
8090 4.423E-01
8100 4.395E-01
8110 4.377E-01
8120 4.357E-01
8130 4.334E-01
8140 4.308E-01
8150 4.288E-01
8160 4.273E-01
8170 4.250E-01
8180 4.219E-01
8190 4.195E-01
8200 4.156E-01
8210 4.133E-01
8220 4.101E-01
8230 4.069E-01
8240 4.028E-01
8250 4.003E-01
8260 3.979E-01
8270 3.943E-01
8280 3.911E-01
8290 3.872E-01
8300 3.830E-01
8310 3.795E-01
8320 3.762E-01
8330 3.725E-01
8340 3.684E-01
8350 3.646E-01
8360 3.611E-01
8370 3.587E-01
8380 3.561E-01
8390 3.539E-01
8400 3.520E-01
8410 3.492E-01
8420 3.473E-01
8430 3.452E-01
8440 3.434E-01
8450 3.410E-01
8460 3.393E-01
8470 3.377E-01
8480 3.344E-01
8490 3.329E-01
8500 3.322E-01
8510 3.307E-01
8520 3.284E-01
8530 3.272E-01
8540 3.256E-01
8550 3.236E-01
8560 3.224E-01
8570 3.211E-01
8580 3.182E-01
8590 3.181E-01
8600 3.155E-01
8610 3.127E-01
8620 3.107E-01
8630 3.087E-01
8640 3.067E-01
8650 3.046E-01
8660 3.027E-01
8670 3.009E-01
8680 2.989E-01
8690 2.968E-01
8700 2.948E-01
8710 2.925E-01
8720 2.897E-01
8730 2.865E-01
8740 2.830E-01
8750 2.786E-01
8760 2.736E-01
8770 2.673E-01
8780 2.605E-01
8790 2.523E-01
8800 2.434E-01
8810 2.332E-01
8820 2.222E-01
8830 2.101E-01
8840 1.972E-01
8850 1.838E-01
8860 1.695E-01
8870 1.554E-01
8880 1.410E-01
8890 1.262E-01
8900 1.125E-01
8910 9.869E-02
8920 8.603E-02
8930 7.401E-02
8940 6.322E-02
8950 5.340E-02
8960 4.464E-02
8970 3.715E-02
8980 3.064E-02
8990 2.485E-02
9000 2.032E-02
9010 1.660E-02
9020 1.346E-02
9030 1.097E-02
9040 8.958E-03
9050 7.281E-03
9060 5.943E-03
9070 4.877E-03
9080 3.998E-03
9090 3.305E-03
9100 2.737E-03
9110 2.321E-03
9120 1.901E-03
9130 1.598E-03
9140 1.378E-03
9150 1.169E-03
9160 1.019E-03
9170 8.584E-04
9180 7.582E-04
9190 6.634E-04
9200 5.874E-04
9210 5.434E-04
9220 4.853E-04
9230 4.374E-04
9240 4.194E-04
9250 3.746E-04
9260 3.457E-04
9270 3.125E-04
9280 3.310E-04
9290 3.092E-04
9300 2.809E-04
9310 2.648E-04
9320 2.602E-04
9330 2.596E-04
9340 2.345E-04
9350 2.215E-04
9360 2.081E-04
9370 1.972E-04
9380 2.261E-04
9390 2.006E-04
9400 2.166E-04
9410 2.254E-04
9420 2.011E-04
9430 1.804E-04
9440 1.845E-04
9450 1.630E-04
9460 1.663E-04
9470 1.548E-04
9480 1.562E-04
9490 1.402E-04
9500 1.477E-04
9510 1.480E-04
9520 1.500E-04
9530 1.480E-04
9540 1.454E-04
9550 1.397E-04
9560 1.387E-04
9570 1.345E-04
9580 1.628E-04
9590 1.339E-04
9600 1.539E-04
9610 1.313E-04
9620 1.234E-04
9630 1.339E-04
9640 1.323E-04
9650 1.375E-04
9660 1.321E-04
9670 1.254E-04
9680 1.288E-04
9690 1.168E-04
9700 1.209E-04
