   3000.    0.000000
   3005.    0.000000
   3010.    0.000000
   3015.    0.000000
   3020.    0.000000
   3025.    0.000000
   3030.    0.000000
   3035.    0.000000
   3040.    0.000000
   3045.    0.000000
   3050.    0.000000
   3055.    0.000000
   3060.    0.000000
   3065.    0.000000
   3070.    0.000000
   3075.    0.000000
   3080.    0.000000
   3085.    0.000000
   3090.    0.000000
   3095.    0.000000
   3100.    0.000000
   3105.    0.000000
   3110.    0.000000
   3115.    0.000000
   3120.    0.000000
   3125.    0.000000
   3130.    0.000000
   3135.    0.000000
   3140.    0.000000
   3145.    0.000000
   3150.    0.000000
   3155.    0.000000
   3160.    0.000000
   3165.    0.000000
   3170.    0.000000
   3175.    0.000000
   3180.    0.000000
   3185.    0.000000
   3190.    0.000000
   3195.    0.000000
   3200.    0.000000
   3205.    0.000000
   3210.    0.000000
   3215.    0.000000
   3220.    0.000000
   3225.    0.000000
   3230.    0.000000
   3235.    0.000000
   3240.    0.000000
   3245.    0.000000
   3250.    0.000000
   3255.    0.000000
   3260.    0.000000
   3265.    0.000000
   3270.    0.000000
   3275.    0.000000
   3280.    0.000000
   3285.    0.000000
   3290.    0.000000
   3295.    0.000000
   3300.    0.000000
   3305.    0.000000
   3310.    0.000000
   3315.    0.000000
   3320.    0.000000
   3325.    0.000000
   3330.    0.000000
   3335.    0.000000
   3340.    0.000000
   3345.    0.000000
   3350.    0.000000
   3355.    0.000000
   3360.    0.000000
   3365.    0.000000
   3370.    0.000000
   3375.    0.000000
   3380.    0.000000
   3385.    0.000000
   3390.    0.000000
   3395.    0.000000
   3400.    0.000000
   3405.    0.000000
   3410.    0.000000
   3415.    0.000000
   3420.    0.000000
   3425.    0.000525
   3430.    0.000264
   3435.    0.000000
   3440.    0.000134
   3445.    0.000000
   3450.    0.000000
   3455.    0.000000
   3460.    0.000000
   3465.    0.000000
   3470.    0.000000
   3475.    0.000000
   3480.    0.000000
   3485.    0.000000
   3490.    0.000000
   3495.    0.000000
   3500.    0.000000
   3505.    0.000000
   3510.    0.000000
   3515.    0.000000
   3520.    0.000000
   3525.    0.000000
   3530.    0.000000
   3535.    0.000000
   3540.    0.000000
   3545.    0.000000
   3550.    0.000000
   3555.    0.000000
   3560.    0.000000
   3565.    0.000000
   3570.    0.000000
   3575.    0.000000
   3580.    0.000000
   3585.    0.000000
   3590.    0.000000
   3595.    0.000000
   3600.    0.000000
   3605.    0.000000
   3610.    0.000000
   3615.    0.000000
   3620.    0.000000
   3625.    0.000000
   3630.    0.000000
   3635.    0.000000
   3640.    0.000000
   3645.    0.000000
   3650.    0.000000
   3655.    0.000000
   3660.    0.000000
   3665.    0.000000
   3670.    0.000000
   3675.    0.000000
   3680.    0.000000
   3685.    0.000000
   3690.    0.000000
   3695.    0.000000
   3700.    0.000000
   3705.    0.000000
   3710.    0.000000
   3715.    0.000000
   3720.    0.000000
   3725.    0.000000
   3730.    0.000000
   3735.    0.000000
   3740.    0.000000
   3745.    0.000000
   3750.    0.000000
   3755.    0.000000
   3760.    0.000000
   3765.    0.000000
   3770.    0.000000
   3775.    0.000000
   3780.    0.000000
   3785.    0.000000
   3790.    0.000000
   3795.    0.000000
   3800.    0.000000
   3805.    0.000000
   3810.    0.000000
   3815.    0.000000
   3820.    0.000000
   3825.    0.000000
   3830.    0.000000
   3835.    0.000000
   3840.    0.000000
   3845.    0.000000
   3850.    0.000000
   3855.    0.000000
   3860.    0.000000
   3865.    0.000000
   3870.    0.000000
   3875.    0.000000
   3880.    0.000000
   3885.    0.000000
   3890.    0.000000
   3895.    0.000000
   3900.    0.000000
   3905.    0.000000
   3910.    0.000000
   3915.    0.000000
   3920.    0.000000
   3925.    0.000000
   3930.    0.000000
   3935.    0.000000
   3940.    0.000000
   3945.    0.000000
   3950.    0.000000
   3955.    0.000000
   3960.    0.000000
   3965.    0.000000
   3970.    0.000000
   3975.    0.000000
   3980.    0.000000
   3985.    0.000000
   3990.    0.000000
   3995.    0.000000
   4000.    0.000000
   4005.    0.000000
   4010.    0.000000
   4015.    0.000000
   4020.    0.000000
   4025.    0.000000
   4030.    0.000000
   4035.    0.000000
   4040.    0.000000
   4045.    0.000000
   4050.    0.000000
   4055.    0.000000
   4060.    0.000000
   4065.    0.000000
   4070.    0.000000
   4075.    0.000000
   4080.    0.000000
   4085.    0.000000
   4090.    0.000000
   4095.    0.000000
   4100.    0.000000
   4105.    0.000000
   4110.    0.000000
   4115.    0.000000
   4120.    0.000000
   4125.    0.000000
   4130.    0.000000
   4135.    0.000000
   4140.    0.000000
   4145.    0.000000
   4150.    0.000000
   4155.    0.000000
   4160.    0.000000
   4165.    0.000000
   4170.    0.000000
   4175.    0.000000
   4180.    0.000000
   4185.    0.000000
   4190.    0.000000
   4195.    0.000000
   4200.    0.000000
   4205.    0.000000
   4210.    0.000000
   4215.    0.000000
   4220.    0.000000
   4225.    0.000000
   4230.    0.000000
   4235.    0.000000
   4240.    0.000000
   4245.    0.000000
   4250.    0.000000
   4255.    0.000000
   4260.    0.000000
   4265.    0.000000
   4270.    0.000000
   4275.    0.000000
   4280.    0.000000
   4285.    0.000000
   4290.    0.000000
   4295.    0.000000
   4300.    0.000000
   4305.    0.000000
   4310.    0.000000
   4315.    0.000000
   4320.    0.000000
   4325.    0.000000
   4330.    0.000000
   4335.    0.000000
   4340.    0.000000
   4345.    0.000000
   4350.    0.000000
   4355.    0.000000
   4360.    0.000000
   4365.    0.000000
   4370.    0.000000
   4375.    0.000000
   4380.    0.000000
   4385.    0.000000
   4390.    0.000000
   4395.    0.000000
   4400.    0.000000
   4405.    0.000000
   4410.    0.000000
   4415.    0.000000
   4420.    0.000000
   4425.    0.000000
   4430.    0.000000
   4435.    0.000000
   4440.    0.000000
   4445.    0.000000
   4450.    0.000000
   4455.    0.000000
   4460.    0.000000
   4465.    0.000000
   4470.    0.000000
   4475.    0.000000
   4480.    0.000000
   4485.    0.000000
   4490.    0.000000
   4495.    0.000000
   4500.    0.000000
   4505.    0.000000
   4510.    0.000000
   4515.    0.000000
   4520.    0.000000
   4525.    0.000000
   4530.    0.000000
   4535.    0.000000
   4540.    0.000000
   4545.    0.000000
   4550.    0.000000
   4555.    0.000000
   4560.    0.000000
   4565.    0.000000
   4570.    0.000000
   4575.    0.000000
   4580.    0.000000
   4585.    0.000000
   4590.    0.000000
   4595.    0.000000
   4600.    0.000000
   4605.    0.000000
   4610.    0.000000
   4615.    0.000000
   4620.    0.000000
   4625.    0.000000
   4630.    0.000000
   4635.    0.000000
   4640.    0.000000
   4645.    0.000000
   4650.    0.000000
   4655.    0.000000
   4660.    0.000000
   4665.    0.000000
   4670.    0.000000
   4675.    0.000000
   4680.    0.000000
   4685.    0.000000
   4690.    0.000000
   4695.    0.000000
   4700.    0.000000
   4705.    0.000000
   4710.    0.000000
   4715.    0.000000
   4720.    0.000000
   4725.    0.000000
   4730.    0.000000
   4735.    0.000000
   4740.    0.000000
   4745.    0.000000
   4750.    0.000000
   4755.    0.000000
   4760.    0.000000
   4765.    0.000000
   4770.    0.000000
   4775.    0.000000
   4780.    0.000000
   4785.    0.000000
   4790.    0.000000
   4795.    0.000000
   4800.    0.000000
   4805.    0.000000
   4810.    0.000000
   4815.    0.000000
   4820.    0.000000
   4825.    0.000000
   4830.    0.000000
   4835.    0.000000
   4840.    0.000000
   4845.    0.000000
   4850.    0.000000
   4855.    0.000000
   4860.    0.000000
   4865.    0.000000
   4870.    0.000000
   4875.    0.000000
   4880.    0.000000
   4885.    0.000000
   4890.    0.000000
   4895.    0.000000
   4900.    0.000000
   4905.    0.000000
   4910.    0.000000
   4915.    0.000000
   4920.    0.000000
   4925.    0.000000
   4930.    0.000000
   4935.    0.000000
   4940.    0.000000
   4945.    0.000000
   4950.    0.000000
   4955.    0.000000
   4960.    0.000000
   4965.    0.000000
   4970.    0.000000
   4975.    0.000000
   4980.    0.000000
   4985.    0.000000
   4990.    0.000000
   4995.    0.000000
   5000.    0.000000
   5005.    0.000000
   5010.    0.000000
   5015.    0.000000
   5020.    0.000000
   5025.    0.000000
   5030.    0.000000
   5035.    0.000000
   5040.    0.000000
   5045.    0.000000
   5050.    0.000000
   5055.    0.000000
   5060.    0.000000
   5065.    0.000000
   5070.    0.000000
   5075.    0.000000
   5080.    0.000000
   5085.    0.000000
   5090.    0.000000
   5095.    0.000000
   5100.    0.000000
   5105.    0.000000
   5110.    0.000000
   5115.    0.000000
   5120.    0.000000
   5125.    0.000000
   5130.    0.000000
   5135.    0.000000
   5140.    0.000000
   5145.    0.000000
   5150.    0.000000
   5155.    0.000000
   5160.    0.000000
   5165.    0.000000
   5170.    0.000000
   5175.    0.000000
   5180.    0.000000
   5185.    0.000000
   5190.    0.000000
   5195.    0.000000
   5200.    0.000000
   5205.    0.000000
   5210.    0.000000
   5215.    0.000000
   5220.    0.000000
   5225.    0.000000
   5230.    0.000000
   5235.    0.000000
   5240.    0.000000
   5245.    0.000000
   5250.    0.000000
   5255.    0.000000
   5260.    0.000000
   5265.    0.000000
   5270.    0.000000
   5275.    0.000000
   5280.    0.000000
   5285.    0.000000
   5290.    0.000000
   5295.    0.000000
   5300.    0.000000
   5305.    0.000000
   5310.    0.000000
   5315.    0.000000
   5320.    0.000000
   5325.    0.000000
   5330.    0.000000
   5335.    0.000000
   5340.    0.000000
   5345.    0.000000
   5350.    0.000000
   5355.    0.000000
   5360.    0.000000
   5365.    0.000000
   5370.    0.000000
   5375.    0.000000
   5380.    0.000000
   5385.    0.000000
   5390.    0.000000
   5395.    0.000000
   5400.    0.000000
   5405.    0.000000
   5410.    0.000000
   5415.    0.000000
   5420.    0.000000
   5425.    0.000000
   5430.    0.000000
   5435.    0.000000
   5440.    0.000000
   5445.    0.000000
   5450.    0.000000
   5455.    0.000000
   5460.    0.000000
   5465.    0.000000
   5470.    0.000000
   5475.    0.000000
   5480.    0.000000
   5485.    0.000000
   5490.    0.000000
   5495.    0.000000
   5500.    0.000000
   5505.    0.000000
   5510.    0.000000
   5515.    0.000000
   5520.    0.000000
   5525.    0.000000
   5530.    0.000000
   5535.    0.000000
   5540.    0.000000
   5545.    0.000000
   5550.    0.000000
   5555.    0.000000
   5560.    0.000000
   5565.    0.000000
   5570.    0.000000
   5575.    0.000000
   5580.    0.000000
   5585.    0.000000
   5590.    0.000000
   5595.    0.000000
   5600.    0.000000
   5605.    0.000000
   5610.    0.000000
   5615.    0.000000
   5620.    0.000000
   5625.    0.000000
   5630.    0.000000
   5635.    0.000000
   5640.    0.000000
   5645.    0.000000
   5650.    0.000000
   5655.    0.000000
   5660.    0.000000
   5665.    0.000000
   5670.    0.000000
   5675.    0.000000
   5680.    0.000000
   5685.    0.000000
   5690.    0.000000
   5695.    0.000000
   5700.    0.000000
   5705.    0.000000
   5710.    0.000000
   5715.    0.000000
   5720.    0.000000
   5725.    0.000000
   5730.    0.000000
   5735.    0.000000
   5740.    0.000000
   5745.    0.000000
   5750.    0.000000
   5755.    0.000000
   5760.    0.000000
   5765.    0.000000
   5770.    0.000000
   5775.    0.000000
   5780.    0.000000
   5785.    0.000000
   5790.    0.000000
   5795.    0.000000
   5800.    0.000000
   5805.    0.000000
   5810.    0.000000
   5815.    0.000000
   5820.    0.000000
   5825.    0.000000
   5830.    0.000000
   5835.    0.000000
   5840.    0.000000
   5845.    0.000000
   5850.    0.000000
   5855.    0.000000
   5860.    0.000000
   5865.    0.000000
   5870.    0.000000
   5875.    0.000000
   5880.    0.000000
   5885.    0.000000
   5890.    0.000000
   5895.    0.000000
   5900.    0.000000
   5905.    0.000000
   5910.    0.000000
   5915.    0.000000
   5920.    0.000000
   5925.    0.000000
   5930.    0.000000
   5935.    0.000000
   5940.    0.000000
   5945.    0.000000
   5950.    0.000000
   5955.    0.000000
   5960.    0.000000
   5965.    0.000000
   5970.    0.000000
   5975.    0.000000
   5980.    0.000000
   5985.    0.000000
   5990.    0.000000
   5995.    0.000000
   6000.    0.000000
   6005.    0.000000
   6010.    0.000000
   6015.    0.000000
   6020.    0.000000
   6025.    0.000000
   6030.    0.000000
   6035.    0.000000
   6040.    0.000000
   6045.    0.000000
   6050.    0.000000
   6055.    0.000000
   6060.    0.000000
   6065.    0.000000
   6070.    0.000000
   6075.    0.000000
   6080.    0.000000
   6085.    0.000000
   6090.    0.000000
   6095.    0.000000
   6100.    0.000000
   6105.    0.000000
   6110.    0.000000
   6115.    0.000000
   6120.    0.000000
   6125.    0.000000
   6130.    0.000000
   6135.    0.000000
   6140.    0.000000
   6145.    0.000000
   6150.    0.000000
   6155.    0.000000
   6160.    0.000000
   6165.    0.000000
   6170.    0.000000
   6175.    0.000000
   6180.    0.000000
   6185.    0.000000
   6190.    0.000000
   6195.    0.000000
   6200.    0.000000
   6205.    0.000000
   6210.    0.000000
   6215.    0.000000
   6220.    0.000000
   6225.    0.000000
   6230.    0.000000
   6235.    0.000000
   6240.    0.000000
   6245.    0.000000
   6250.    0.000000
   6255.    0.000000
   6260.    0.000000
   6265.    0.000000
   6270.    0.000000
   6275.    0.000000
   6280.    0.000000
   6285.    0.000000
   6290.    0.000000
   6295.    0.000064
   6300.    0.000064
   6305.    0.000064
   6310.    0.000064
   6315.    0.000064
   6320.    0.000064
   6325.    0.000064
   6330.    0.000064
   6335.    0.000064
   6340.    0.000064
   6345.    0.000064
   6350.    0.000064
   6355.    0.000063
   6360.    0.000063
   6365.    0.000063
   6370.    0.000127
   6375.    0.000127
   6380.    0.000126
   6385.    0.000126
   6390.    0.000126
   6395.    0.000126
   6400.    0.000126
   6405.    0.000126
   6410.    0.000126
   6415.    0.000126
   6420.    0.000189
   6425.    0.000189
   6430.    0.000189
   6435.    0.000189
   6440.    0.000252
   6445.    0.000252
   6450.    0.000252
   6455.    0.000252
   6460.    0.000252
   6465.    0.000315
   6470.    0.000315
   6475.    0.000315
   6480.    0.000378
   6485.    0.000378
   6490.    0.000378
   6495.    0.000441
   6500.    0.000441
   6505.    0.000503
   6510.    0.000503
   6515.    0.000503
   6520.    0.000565
   6525.    0.000565
   6530.    0.000627
   6535.    0.000690
   6540.    0.000689
   6545.    0.000751
   6550.    0.000813
   6555.    0.000875
   6560.    0.000875
   6565.    0.000937
   6570.    0.000998
   6575.    0.001060
   6580.    0.001122
   6585.    0.001183
   6590.    0.001245
   6595.    0.001368
   6600.    0.001430
   6605.    0.001554
   6610.    0.001616
   6615.    0.001741
   6620.    0.001865
   6625.    0.001989
   6630.    0.002114
   6635.    0.002238
   6640.    0.002362
   6645.    0.002549
   6650.    0.002673
   6655.    0.002922
   6660.    0.003108
   6665.    0.003295
   6670.    0.003544
   6675.    0.003792
   6680.    0.004041
   6685.    0.004352
   6690.    0.004600
   6695.    0.004974
   6700.    0.005284
   6705.    0.005654
   6710.    0.006085
   6715.    0.006577
   6720.    0.007007
   6725.    0.007560
   6730.    0.008112
   6735.    0.008726
   6740.    0.009400
   6745.    0.010136
   6750.    0.010932
   6755.    0.011727
   6760.    0.012706
   6765.    0.013746
   6770.    0.014784
   6775.    0.016005
   6780.    0.017286
   6785.    0.018689
   6790.    0.020212
   6795.    0.021856
   6800.    0.023744
   6805.    0.025690
   6810.    0.027817
   6815.    0.030187
   6820.    0.032676
   6825.    0.035405
   6830.    0.038437
   6835.    0.041648
   6840.    0.045221
   6845.    0.049033
   6850.    0.053205
   6855.    0.057798
   6860.    0.062628
   6865.    0.067999
   6870.    0.073849
   6875.    0.080116
   6880.    0.086800
   6885.    0.093839
   6890.    0.101353
   6895.    0.109402
   6900.    0.117924
   6905.    0.126979
   6910.    0.136566
   6915.    0.146442
   6920.    0.157028
   6925.    0.167963
   6930.    0.179365
   6935.    0.191413
   6940.    0.203686
   6945.    0.216364
   6950.    0.229385
   6955.    0.242328
   6960.    0.255732
   6965.    0.269000
   6970.    0.282609
   6975.    0.296619
   6980.    0.310370
   6985.    0.324220
   6990.    0.337931
   6995.    0.351326
   7000.    0.364881
   7005.    0.378018
   7010.    0.390781
   7015.    0.403644
   7020.    0.415775
   7025.    0.427892
   7030.    0.439340
   7035.    0.450297
   7040.    0.461061
   7045.    0.470920
   7050.    0.480351
   7055.    0.489411
   7060.    0.497570
   7065.    0.505484
   7070.    0.512618
   7075.    0.519148
   7080.    0.525255
   7085.    0.530648
   7090.    0.535561
   7095.    0.539875
   7100.    0.543533
   7105.    0.546716
   7110.    0.549422
   7115.    0.551713
   7120.    0.553647
   7125.    0.555225
   7130.    0.556332
   7135.    0.557260
   7140.    0.557951
   7145.    0.558407
   7150.    0.558569
   7155.    0.558610
   7160.    0.558534
   7165.    0.558340
   7170.    0.557970
   7175.    0.557542
   7180.    0.556998
   7185.    0.556512
   7190.    0.555909
   7195.    0.555304
   7200.    0.554699
   7205.    0.554094
   7210.    0.553548
   7215.    0.552827
   7220.    0.552223
   7225.    0.551678
   7230.    0.551074
   7235.    0.550584
   7240.    0.550035
   7245.    0.549545
   7250.    0.549055
   7255.    0.548678
   7260.    0.548243
   7265.    0.547865
   7270.    0.547488
   7275.    0.547110
   7280.    0.546905
   7285.    0.546524
   7290.    0.546258
   7295.    0.545992
   7300.    0.545841
   7305.    0.545571
   7310.    0.545359
   7315.    0.545203
   7320.    0.544990
   7325.    0.544662
   7330.    0.544563
   7335.    0.544289
   7340.    0.544129
   7345.    0.543851
   7350.    0.543574
   7355.    0.543239
   7360.    0.543074
   7365.    0.542682
   7370.    0.542347
   7375.    0.542065
   7380.    0.541670
   7385.    0.541328
   7390.    0.540930
   7395.    0.540475
   7400.    0.539907
   7405.    0.539058
   7410.    0.538152
   7415.    0.537191
   7420.    0.536174
   7425.    0.535155
   7430.    0.534136
   7435.    0.533115
   7440.    0.532095
   7445.    0.530905
   7450.    0.529772
   7455.    0.528584
   7460.    0.527509
   7465.    0.526323
   7470.    0.525194
   7475.    0.523894
   7480.    0.522707
   7485.    0.521575
   7490.    0.520280
   7495.    0.519093
   7500.    0.517853
   7505.    0.516665
   7510.    0.515425
   7515.    0.514295
   7520.    0.513111
   7525.    0.511926
   7530.    0.510743
   7535.    0.509611
   7540.    0.508482
   7545.    0.507407
   7550.    0.506441
   7555.    0.505365
   7560.    0.504344
   7565.    0.503428
   7570.    0.502460
   7575.    0.501599
   7580.    0.500738
   7585.    0.499931
   7590.    0.499124
   7595.    0.498474
   7600.    0.497771
   7605.    0.497067
   7610.    0.496522
   7615.    0.495921
   7620.    0.495371
   7625.    0.494874
   7630.    0.494376
   7635.    0.494035
   7640.    0.493640
   7645.    0.493243
   7650.    0.492898
   7655.    0.492652
   7660.    0.492353
   7665.    0.492157
   7670.    0.491958
   7675.    0.491653
   7680.    0.491503
   7685.    0.491350
   7690.    0.491144
   7695.    0.491038
   7700.    0.490828
   7705.    0.490666
   7710.    0.490503
   7715.    0.490286
   7720.    0.490221
   7725.    0.489898
   7730.    0.489777
   7735.    0.489451
   7740.    0.489225
   7745.    0.488895
   7750.    0.488513
   7755.    0.488180
   7760.    0.487845
   7765.    0.487210
   7770.    0.486624
   7775.    0.486136
   7780.    0.485445
   7785.    0.484858
   7790.    0.484020
   7795.    0.483234
   7800.    0.482499
   7805.    0.481166
   7810.    0.479736
   7815.    0.478408
   7820.    0.476883
   7825.    0.475413
   7830.    0.473894
   7835.    0.472278
   7840.    0.470663
   7845.    0.468910
   7850.    0.467112
   7855.    0.465462
   7860.    0.463621
   7865.    0.461832
   7870.    0.459951
   7875.    0.458075
   7880.    0.456251
   7885.    0.454386
   7890.    0.452571
   7895.    0.450666
   7900.    0.448764
   7905.    0.446963
   7910.    0.445118
   7915.    0.443233
   7920.    0.441491
   7925.    0.439706
   7930.    0.437971
   7935.    0.436290
   7940.    0.434566
   7945.    0.433030
   7950.    0.431357
   7955.    0.429782
   7960.    0.428300
   7965.    0.426868
   7970.    0.425437
   7975.    0.424101
   7980.    0.422857
   7985.    0.421661
   7990.    0.420420
   7995.    0.419809
   8000.    0.418615
   8005.    0.417740
   8010.    0.417000
   8015.    0.416218
   8020.    0.415480
   8025.    0.414700
   8030.    0.413964
   8035.    0.413233
   8040.    0.412458
   8045.    0.411727
   8050.    0.410908
   8055.    0.410138
   8060.    0.409324
   8065.    0.408379
   8070.    0.407522
   8075.    0.406540
   8080.    0.405515
   8085.    0.404405
   8090.    0.403209
   8095.    0.401890
   8100.    0.400531
   8105.    0.398713
   8110.    0.396813
   8115.    0.394834
   8120.    0.392690
   8125.    0.390381
   8130.    0.387995
   8135.    0.385537
   8140.    0.383043
   8145.    0.380434
   8150.    0.377709
   8155.    0.374744
   8160.    0.371623
   8165.    0.368560
   8170.    0.365509
   8175.    0.362386
   8180.    0.359111
   8185.    0.355728
   8190.    0.352194
   8195.    0.348718
   8200.    0.345379
   8205.    0.342016
   8210.    0.338707
   8215.    0.335250
   8220.    0.331607
   8225.    0.328264
   8230.    0.325015
   8235.    0.321898
   8240.    0.318754
   8245.    0.315706
   8250.    0.312592
   8255.    0.309608
   8260.    0.306833
   8265.    0.304189
   8270.    0.301711
   8275.    0.299284
   8280.    0.296904
   8285.    0.294610
   8290.    0.292478
   8295.    0.290549
   8300.    0.288665
   8305.    0.286558
   8310.    0.284497
   8315.    0.282444
   8320.    0.280473
   8325.    0.278510
   8330.    0.276554
   8335.    0.274494
   8340.    0.272367
   8345.    0.269954
   8350.    0.267406
   8355.    0.264687
   8360.    0.261764
   8365.    0.258531
   8370.    0.254955
   8375.    0.250827
   8380.    0.246010
   8385.    0.240977
   8390.    0.235625
   8395.    0.229889
   8400.    0.223633
   8405.    0.216977
   8410.    0.209312
   8415.    0.201417
   8420.    0.193570
   8425.    0.185634
   8430.    0.177058
   8435.    0.168021
   8440.    0.158595
   8445.    0.148992
   8450.    0.139858
   8455.    0.131223
   8460.    0.122780
   8465.    0.113987
   8470.    0.105017
   8475.    0.096575
   8480.    0.088754
   8485.    0.081548
   8490.    0.074853
   8495.    0.068566
   8500.    0.062190
   8505.    0.056151
   8510.    0.050902
   8515.    0.046209
   8520.    0.042032
   8525.    0.038175
   8530.    0.034602
   8535.    0.031021
   8540.    0.028070
   8545.    0.025490
   8550.    0.023149
   8555.    0.021046
   8560.    0.019115
   8565.    0.017353
   8570.    0.015667
   8575.    0.014272
   8580.    0.013074
   8585.    0.011976
   8590.    0.010978
   8595.    0.010018
   8600.    0.009126
   8605.    0.008362
   8610.    0.007694
   8615.    0.007122
   8620.    0.006554
   8625.    0.006050
   8630.    0.005549
   8635.    0.005112
   8640.    0.004737
   8645.    0.004394
   8650.    0.004083
   8655.    0.003804
   8660.    0.003498
   8665.    0.003252
   8670.    0.003007
   8675.    0.002823
   8680.    0.002639
   8685.    0.002457
   8690.    0.002277
   8695.    0.002126
   8700.    0.002004
   8705.    0.001884
   8710.    0.001764
   8715.    0.001645
   8720.    0.001555
   8725.    0.001438
   8730.    0.001349
   8735.    0.001289
   8740.    0.001202
   8745.    0.001142
   8750.    0.001083
   8755.    0.001025
   8760.    0.000967
   8765.    0.000909
   8770.    0.000852
   8775.    0.000822
   8780.    0.000765
   8785.    0.000736
   8790.    0.000706
   8795.    0.000677
   8800.    0.000648
   8805.    0.000594
   8810.    0.000565
   8815.    0.000537
   8820.    0.000509
   8825.    0.000482
   8830.    0.000480
   8835.    0.000452
   8840.    0.000425
   8845.    0.000423
   8850.    0.000396
   8855.    0.000370
   8860.    0.000368
   8865.    0.000366
   8870.    0.000340
   8875.    0.000339
   8880.    0.000313
   8885.    0.000312
   8890.    0.000286
   8895.    0.000285
   8900.    0.000283
   8905.    0.000258
   8910.    0.000257
   8915.    0.000256
   8920.    0.000231
   8925.    0.000230
   8930.    0.000229
   8935.    0.000228
   8940.    0.000204
   8945.    0.000203
   8950.    0.000202
   8955.    0.000179
   8960.    0.000178
   8965.    0.000177
   8970.    0.000176
   8975.    0.000175
   8980.    0.000174
   8985.    0.000151
   8990.    0.000151
   8995.    0.000150
   9000.    0.000148
   9005.    0.000146
   9010.    0.000146
   9015.    0.000145
   9020.    0.000143
   9025.    0.000123
   9030.    0.000124
   9035.    0.000126
   9040.    0.000126
   9045.    0.000125
   9050.    0.000124
   9055.    0.000123
   9060.    0.000122
   9065.    0.000120
   9070.    0.000116
   9075.    0.000115
   9080.    0.000096
   9085.    0.000115
   9090.    0.000095
   9095.    0.000095
   9100.    0.000094
   9105.    0.000094
   9110.    0.000094
   9115.    0.000095
   9120.    0.000093
   9125.    0.000093
   9130.    0.000092
   9135.    0.000089
   9140.    0.000090
   9145.    0.000092
   9150.    0.000091
   9155.    0.000088
   9160.    0.000070
   9165.    0.000072
   9170.    0.000072
   9175.    0.000070
   9180.    0.000070
   9185.    0.000089
   9190.    0.000071
   9195.    0.000089
   9200.    0.000071
   9205.    0.000071
   9210.    0.000070
   9215.    0.000070
   9220.    0.000069
   9225.    0.000069
   9230.    0.000068
   9235.    0.000068
   9240.    0.000067
   9245.    0.000066
   9250.    0.000066
   9255.    0.000066
   9260.    0.000065
   9265.    0.000065
   9270.    0.000064
   9275.    0.000063
   9280.    0.000061
   9285.    0.000060
   9290.    0.000060
   9295.    0.000059
   9300.    0.000057
   9305.    0.000055
   9310.    0.000053
   9315.    0.000051
   9320.    0.000048
   9325.    0.000047
   9330.    0.000047
   9335.    0.000046
   9340.    0.000043
   9345.    0.000041
   9350.    0.000044
   9355.    0.000044
   9360.    0.000042
   9365.    0.000044
   9370.    0.000043
   9375.    0.000043
   9380.    0.000043
   9385.    0.000044
   9390.    0.000047
   9395.    0.000051
   9400.    0.000051
   9405.    0.000037
   9410.    0.000048
   9415.    0.000048
   9420.    0.000047
   9425.    0.000045
   9430.    0.000042
   9435.    0.000043
   9440.    0.000041
   9445.    0.000029
   9450.    0.000033
   9455.    0.000033
   9460.    0.000030
   9465.    0.000031
   9470.    0.000032
   9475.    0.000043
   9480.    0.000031
   9485.    0.000031
   9490.    0.000032
   9495.    0.000030
   9500.    0.000028
   9505.    0.000038
   9510.    0.000032
   9515.    0.000032
   9520.    0.000039
   9525.    0.000028
   9530.    0.000030
   9535.    0.000031
   9540.    0.000040
   9545.    0.000029
   9550.    0.000029
   9555.    0.000038
   9560.    0.000038
   9565.    0.000028
   9570.    0.000028
   9575.    0.000029
   9580.    0.000038
   9585.    0.000037
   9590.    0.000027
   9595.    0.000026
   9600.    0.000027
   9605.    0.000028
   9610.    0.000028
   9615.    0.000028
   9620.    0.000036
   9625.    0.000026
   9630.    0.000027
   9635.    0.000027
   9640.    0.000026
   9645.    0.000026
   9650.    0.000034
   9655.    0.000026
   9660.    0.000026
   9665.    0.000025
   9670.    0.000025
   9675.    0.000026
   9680.    0.000025
   9685.    0.000025
   9690.    0.000025
   9695.    0.000025
   9700.    0.000025
   9705.    0.000024
   9710.    0.000024
   9715.    0.000024
   9720.    0.000024
   9725.    0.000024
   9730.    0.000024
   9735.    0.000023
   9740.    0.000023
   9745.    0.000023
   9750.    0.000023
   9755.    0.000023
   9760.    0.000022
   9765.    0.000022
   9770.    0.000023
   9775.    0.000023
   9780.    0.000022
   9785.    0.000022
   9790.    0.000022
   9795.    0.000029
   9800.    0.000022
   9805.    0.000029
   9810.    0.000022
   9815.    0.000021
   9820.    0.000021
   9825.    0.000021
   9830.    0.000020
   9835.    0.000020
   9840.    0.000020
   9845.    0.000020
   9850.    0.000020
   9855.    0.000019
   9860.    0.000019
   9865.    0.000019
   9870.    0.000019
   9875.    0.000018
   9880.    0.000018
   9885.    0.000018
   9890.    0.000017
   9895.    0.000017
   9900.    0.000017
   9905.    0.000017
   9910.    0.000017
   9915.    0.000016
   9920.    0.000022
   9925.    0.000016
   9930.    0.000016
   9935.    0.000016
   9940.    0.000016
   9945.    0.000016
   9950.    0.000015
   9955.    0.000015
   9960.    0.000015
   9965.    0.000015
   9970.    0.000015
   9975.    0.000015
   9980.    0.000015
   9985.    0.000015
   9990.    0.000014
   9995.    0.000014
  10000.    0.000014
  10005.    0.000014
  10010.    0.000014
  10015.    0.000014
  10020.    0.000014
  10025.    0.000013
  10030.    0.000013
  10035.    0.000013
  10040.    0.000013
  10045.    0.000017
  10050.    0.000013
  10055.    0.000013
  10060.    0.000012
  10065.    0.000012
  10070.    0.000012
  10075.    0.000012
  10080.    0.000012
  10085.    0.000012
  10090.    0.000012
  10095.    0.000011
  10100.    0.000015
  10105.    0.000011
  10110.    0.000011
  10115.    0.000011
  10120.    0.000014
  10125.    0.000011
  10130.    0.000010
  10135.    0.000010
  10140.    0.000010
  10145.    0.000010
  10150.    0.000010
  10155.    0.000010
  10160.    0.000010
  10165.    0.000009
  10170.    0.000009
  10175.    0.000009
  10180.    0.000009
  10185.    0.000009
  10190.    0.000009
  10195.    0.000009
  10200.    0.000008
  10205.    0.000008
  10210.    0.000008
  10215.    0.000008
  10220.    0.000008
  10225.    0.000008
  10230.    0.000008
  10235.    0.000008
  10240.    0.000007
  10245.    0.000007
  10250.    0.000007
  10255.    0.000007
  10260.    0.000007
  10265.    0.000007
  10270.    0.000009
  10275.    0.000006
  10280.    0.000006
  10285.    0.000006
  10290.    0.000008
  10295.    0.000006
  10300.    0.000006
  10305.    0.000008
  10310.    0.000008
  10315.    0.000008
  10320.    0.000006
  10325.    0.000008
  10330.    0.000006
  10335.    0.000008
  10340.    0.000006
  10345.    0.000008
  10350.    0.000008
  10355.    0.000006
  10360.    0.000006
  10365.    0.000008
  10370.    0.000006
  10375.    0.000006
  10380.    0.000008
  10385.    0.000006
  10390.    0.000008
  10395.    0.000008
  10400.    0.000008
  10405.    0.000007
  10410.    0.000007
  10415.    0.000007
  10420.    0.000007
  10425.    0.000005
  10430.    0.000005
  10435.    0.000006
  10440.    0.000005
  10445.    0.000006
  10450.    0.000006
  10455.    0.000006
  10460.    0.000005
  10465.    0.000005
  10470.    0.000005
  10475.    0.000005
  10480.    0.000005
  10485.    0.000003
  10490.    0.000004
  10495.    0.000004
  10500.    0.000004
  10505.    0.000000