   3000.    0.000000
   3005.    0.000000
   3010.    0.000000
   3015.    0.000000
   3020.    0.000000
   3025.    0.000000
   3030.    0.000000
   3035.    0.000000
   3040.    0.000000
   3045.    0.000000
   3050.    0.000000
   3055.    0.000000
   3060.    0.000000
   3065.    0.000000
   3070.    0.000000
   3075.    0.000000
   3080.    0.000000
   3085.    0.000000
   3090.    0.000000
   3095.    0.000000
   3100.    0.000000
   3105.    0.000000
   3110.    0.000000
   3115.    0.000000
   3120.    0.000000
   3125.    0.000000
   3130.    0.000000
   3135.    0.000000
   3140.    0.000000
   3145.    0.000000
   3150.    0.000000
   3155.    0.000000
   3160.    0.000000
   3165.    0.000000
   3170.    0.000000
   3175.    0.000000
   3180.    0.000000
   3185.    0.000000
   3190.    0.000000
   3195.    0.000000
   3200.    0.000000
   3205.    0.000000
   3210.    0.000000
   3215.    0.000000
   3220.    0.000000
   3225.    0.000000
   3230.    0.000000
   3235.    0.000000
   3240.    0.000000
   3245.    0.000000
   3250.    0.000000
   3255.    0.000000
   3260.    0.000000
   3265.    0.000000
   3270.    0.000000
   3275.    0.000000
   3280.    0.000000
   3285.    0.000000
   3290.    0.000000
   3295.    0.000000
   3300.    0.000026
   3305.    0.000000
   3310.    0.000026
   3315.    0.000000
   3320.    0.000000
   3325.    0.000000
   3330.    0.000000
   3335.    0.000000
   3340.    0.000028
   3345.    0.000000
   3350.    0.000000
   3355.    0.000000
   3360.    0.000029
   3365.    0.000000
   3370.    0.000030
   3375.    0.000000
   3380.    0.000031
   3385.    0.000000
   3390.    0.000000
   3395.    0.000031
   3400.    0.000064
   3405.    0.000032
   3410.    0.000064
   3415.    0.000032
   3420.    0.000033
   3425.    0.000033
   3430.    0.000033
   3435.    0.000033
   3440.    0.000033
   3445.    0.000034
   3450.    0.000068
   3455.    0.000034
   3460.    0.000034
   3465.    0.000034
   3470.    0.000069
   3475.    0.000035
   3480.    0.000035
   3485.    0.000035
   3490.    0.000000
   3495.    0.000036
   3500.    0.000000
   3505.    0.000000
   3510.    0.000000
   3515.    0.000000
   3520.    0.000000
   3525.    0.000000
   3530.    0.000000
   3535.    0.000000
   3540.    0.000000
   3545.    0.000000
   3550.    0.000000
   3555.    0.000000
   3560.    0.000000
   3565.    0.000000
   3570.    0.000000
   3575.    0.000000
   3580.    0.000000
   3585.    0.000000
   3590.    0.000000
   3595.    0.000000
   3600.    0.000000
   3605.    0.000000
   3610.    0.000000
   3615.    0.000000
   3620.    0.000000
   3625.    0.000000
   3630.    0.000000
   3635.    0.000000
   3640.    0.000000
   3645.    0.000000
   3650.    0.000000
   3655.    0.000000
   3660.    0.000000
   3665.    0.000000
   3670.    0.000000
   3675.    0.000000
   3680.    0.000000
   3685.    0.000000
   3690.    0.000000
   3695.    0.000000
   3700.    0.000000
   3705.    0.000000
   3710.    0.000000
   3715.    0.000000
   3720.    0.000000
   3725.    0.000000
   3730.    0.000000
   3735.    0.000000
   3740.    0.000000
   3745.    0.000000
   3750.    0.000000
   3755.    0.000000
   3760.    0.000000
   3765.    0.000000
   3770.    0.000000
   3775.    0.000000
   3780.    0.000000
   3785.    0.000000
   3790.    0.000000
   3795.    0.000000
   3800.    0.000000
   3805.    0.000000
   3810.    0.000000
   3815.    0.000000
   3820.    0.000000
   3825.    0.000000
   3830.    0.000000
   3835.    0.000000
   3840.    0.000000
   3845.    0.000000
   3850.    0.000000
   3855.    0.000000
   3860.    0.000000
   3865.    0.000000
   3870.    0.000000
   3875.    0.000000
   3880.    0.000000
   3885.    0.000000
   3890.    0.000000
   3895.    0.000000
   3900.    0.000000
   3905.    0.000000
   3910.    0.000000
   3915.    0.000000
   3920.    0.000000
   3925.    0.000000
   3930.    0.000000
   3935.    0.000000
   3940.    0.000000
   3945.    0.000000
   3950.    0.000000
   3955.    0.000000
   3960.    0.000000
   3965.    0.000000
   3970.    0.000000
   3975.    0.000000
   3980.    0.000000
   3985.    0.000000
   3990.    0.000000
   3995.    0.000000
   4000.    0.000000
   4005.    0.000000
   4010.    0.000000
   4015.    0.000000
   4020.    0.000000
   4025.    0.000000
   4030.    0.000000
   4035.    0.000000
   4040.    0.000000
   4045.    0.000000
   4050.    0.000000
   4055.    0.000000
   4060.    0.000000
   4065.    0.000000
   4070.    0.000000
   4075.    0.000000
   4080.    0.000000
   4085.    0.000000
   4090.    0.000000
   4095.    0.000000
   4100.    0.000000
   4105.    0.000000
   4110.    0.000000
   4115.    0.000000
   4120.    0.000000
   4125.    0.000000
   4130.    0.000000
   4135.    0.000000
   4140.    0.000000
   4145.    0.000000
   4150.    0.000000
   4155.    0.000000
   4160.    0.000000
   4165.    0.000000
   4170.    0.000000
   4175.    0.000000
   4180.    0.000000
   4185.    0.000000
   4190.    0.000000
   4195.    0.000000
   4200.    0.000000
   4205.    0.000000
   4210.    0.000000
   4215.    0.000000
   4220.    0.000000
   4225.    0.000000
   4230.    0.000000
   4235.    0.000000
   4240.    0.000000
   4245.    0.000000
   4250.    0.000000
   4255.    0.000000
   4260.    0.000000
   4265.    0.000000
   4270.    0.000000
   4275.    0.000000
   4280.    0.000000
   4285.    0.000000
   4290.    0.000000
   4295.    0.000000
   4300.    0.000000
   4305.    0.000000
   4310.    0.000000
   4315.    0.000000
   4320.    0.000000
   4325.    0.000000
   4330.    0.000000
   4335.    0.000000
   4340.    0.000000
   4345.    0.000000
   4350.    0.000000
   4355.    0.000000
   4360.    0.000000
   4365.    0.000000
   4370.    0.000000
   4375.    0.000000
   4380.    0.000000
   4385.    0.000000
   4390.    0.000000
   4395.    0.000000
   4400.    0.000000
   4405.    0.000000
   4410.    0.000000
   4415.    0.000000
   4420.    0.000000
   4425.    0.000000
   4430.    0.000000
   4435.    0.000000
   4440.    0.000000
   4445.    0.000000
   4450.    0.000000
   4455.    0.000000
   4460.    0.000000
   4465.    0.000000
   4470.    0.000000
   4475.    0.000000
   4480.    0.000000
   4485.    0.000000
   4490.    0.000000
   4495.    0.000000
   4500.    0.000000
   4505.    0.000000
   4510.    0.000000
   4515.    0.000000
   4520.    0.000000
   4525.    0.000000
   4530.    0.000000
   4535.    0.000000
   4540.    0.000000
   4545.    0.000000
   4550.    0.000000
   4555.    0.000000
   4560.    0.000000
   4565.    0.000000
   4570.    0.000000
   4575.    0.000000
   4580.    0.000000
   4585.    0.000000
   4590.    0.000000
   4595.    0.000000
   4600.    0.000000
   4605.    0.000000
   4610.    0.000000
   4615.    0.000000
   4620.    0.000000
   4625.    0.000000
   4630.    0.000000
   4635.    0.000000
   4640.    0.000000
   4645.    0.000000
   4650.    0.000000
   4655.    0.000000
   4660.    0.000000
   4665.    0.000000
   4670.    0.000000
   4675.    0.000000
   4680.    0.000000
   4685.    0.000000
   4690.    0.000000
   4695.    0.000000
   4700.    0.000000
   4705.    0.000000
   4710.    0.000000
   4715.    0.000000
   4720.    0.000000
   4725.    0.000000
   4730.    0.000000
   4735.    0.000000
   4740.    0.000000
   4745.    0.000000
   4750.    0.000000
   4755.    0.000000
   4760.    0.000000
   4765.    0.000000
   4770.    0.000000
   4775.    0.000000
   4780.    0.000000
   4785.    0.000000
   4790.    0.000000
   4795.    0.000000
   4800.    0.000000
   4805.    0.000000
   4810.    0.000000
   4815.    0.000000
   4820.    0.000000
   4825.    0.000000
   4830.    0.000000
   4835.    0.000000
   4840.    0.000000
   4845.    0.000000
   4850.    0.000000
   4855.    0.000000
   4860.    0.000000
   4865.    0.000000
   4870.    0.000000
   4875.    0.000000
   4880.    0.000000
   4885.    0.000000
   4890.    0.000000
   4895.    0.000000
   4900.    0.000000
   4905.    0.000000
   4910.    0.000000
   4915.    0.000000
   4920.    0.000000
   4925.    0.000000
   4930.    0.000000
   4935.    0.000000
   4940.    0.000000
   4945.    0.000000
   4950.    0.000000
   4955.    0.000000
   4960.    0.000000
   4965.    0.000000
   4970.    0.000000
   4975.    0.000000
   4980.    0.000000
   4985.    0.000000
   4990.    0.000000
   4995.    0.000000
   5000.    0.000000
   5005.    0.000000
   5010.    0.000000
   5015.    0.000000
   5020.    0.000067
   5025.    0.000067
   5030.    0.000067
   5035.    0.000067
   5040.    0.000067
   5045.    0.000067
   5050.    0.000067
   5055.    0.000067
   5060.    0.000067
   5065.    0.000067
   5070.    0.000067
   5075.    0.000067
   5080.    0.000067
   5085.    0.000067
   5090.    0.000067
   5095.    0.000067
   5100.    0.000067
   5105.    0.000067
   5110.    0.000067
   5115.    0.000067
   5120.    0.000067
   5125.    0.000134
   5130.    0.000134
   5135.    0.000134
   5140.    0.000134
   5145.    0.000134
   5150.    0.000134
   5155.    0.000134
   5160.    0.000134
   5165.    0.000134
   5170.    0.000201
   5175.    0.000201
   5180.    0.000201
   5185.    0.000201
   5190.    0.000201
   5195.    0.000268
   5200.    0.000268
   5205.    0.000268
   5210.    0.000267
   5215.    0.000334
   5220.    0.000334
   5225.    0.000334
   5230.    0.000400
   5235.    0.000400
   5240.    0.000466
   5245.    0.000466
   5250.    0.000533
   5255.    0.000532
   5260.    0.000598
   5265.    0.000598
   5270.    0.000664
   5275.    0.000730
   5280.    0.000796
   5285.    0.000862
   5290.    0.000928
   5295.    0.000994
   5300.    0.001059
   5305.    0.001125
   5310.    0.001258
   5315.    0.001324
   5320.    0.001457
   5325.    0.001589
   5330.    0.001722
   5335.    0.001854
   5340.    0.002053
   5345.    0.002186
   5350.    0.002451
   5355.    0.002650
   5360.    0.002915
   5365.    0.003180
   5370.    0.003445
   5375.    0.003843
   5380.    0.004175
   5385.    0.004573
   5390.    0.005037
   5395.    0.005501
   5400.    0.006032
   5405.    0.006695
   5410.    0.007358
   5415.    0.008088
   5420.    0.008884
   5425.    0.009747
   5430.    0.010808
   5435.    0.011936
   5440.    0.013131
   5445.    0.014458
   5450.    0.015984
   5455.    0.017643
   5460.    0.019568
   5465.    0.021625
   5470.    0.023948
   5475.    0.026537
   5480.    0.029325
   5485.    0.032512
   5490.    0.035964
   5495.    0.039749
   5500.    0.043932
   5505.    0.048484
   5510.    0.053428
   5515.    0.058897
   5520.    0.064691
   5525.    0.071140
   5530.    0.077978
   5535.    0.085272
   5540.    0.093284
   5545.    0.101551
   5550.    0.110468
   5555.    0.120101
   5560.    0.130052
   5565.    0.140717
   5570.    0.151698
   5575.    0.163127
   5580.    0.174872
   5585.    0.186670
   5590.    0.198652
   5595.    0.211013
   5600.    0.223228
   5605.    0.235905
   5610.    0.248451
   5615.    0.260999
   5620.    0.273877
   5625.    0.286493
   5630.    0.299307
   5635.    0.312189
   5640.    0.324809
   5645.    0.337560
   5650.    0.350116
   5655.    0.362477
   5660.    0.374775
   5665.    0.386613
   5670.    0.398257
   5675.    0.409767
   5680.    0.420754
   5685.    0.431547
   5690.    0.442144
   5695.    0.451163
   5700.    0.460118
   5705.    0.468189
   5710.    0.475594
   5715.    0.482272
   5720.    0.488091
   5725.    0.493309
   5730.    0.497540
   5735.    0.501046
   5740.    0.503697
   5745.    0.505430
   5750.    0.506443
   5755.    0.506670
   5760.    0.506049
   5765.    0.504646
   5770.    0.502854
   5775.    0.500411
   5780.    0.497451
   5785.    0.494101
   5790.    0.490495
   5795.    0.486895
   5800.    0.483363
   5805.    0.480205
   5810.    0.477241
   5815.    0.474598
   5820.    0.472281
   5825.    0.470485
   5830.    0.469078
   5835.    0.468188
   5840.    0.467818
   5845.    0.467903
   5850.    0.468507
   5855.    0.469568
   5860.    0.470954
   5865.    0.472728
   5870.    0.474697
   5875.    0.476795
   5880.    0.479024
   5885.    0.481318
   5890.    0.483482
   5895.    0.485582
   5900.    0.487486
   5905.    0.489261
   5910.    0.490776
   5915.    0.492094
   5920.    0.493281
   5925.    0.494212
   5930.    0.495012
   5935.    0.495813
   5940.    0.496483
   5945.    0.497216
   5950.    0.498014
   5955.    0.498945
   5960.    0.500006
   5965.    0.501324
   5970.    0.502772
   5975.    0.504549
   5980.    0.506650
   5985.    0.508944
   5990.    0.511564
   5995.    0.514313
   6000.    0.517388
   6005.    0.520477
   6010.    0.523625
   6015.    0.526964
   6020.    0.530427
   6025.    0.533820
   6030.    0.537403
   6035.    0.540979
   6040.    0.544551
   6045.    0.548182
   6050.    0.551613
   6055.    0.555104
   6060.    0.558460
   6065.    0.561680
   6070.    0.564894
   6075.    0.567785
   6080.    0.570542
   6085.    0.573099
   6090.    0.575395
   6095.    0.577434
   6100.    0.579213
   6105.    0.581166
   6110.    0.582799
   6115.    0.584302
   6120.    0.585421
   6125.    0.586415
   6130.    0.587280
   6135.    0.587950
   6140.    0.588491
   6145.    0.588969
   6150.    0.589382
   6155.    0.589795
   6160.    0.590208
   6165.    0.590681
   6170.    0.591219
   6175.    0.591888
   6180.    0.592685
   6185.    0.593547
   6190.    0.594536
   6195.    0.595585
   6200.    0.596699
   6205.    0.597880
   6210.    0.599253
   6215.    0.600494
   6220.    0.601736
   6225.    0.602980
   6230.    0.604096
   6235.    0.605145
   6240.    0.606065
   6245.    0.606857
   6250.    0.607521
   6255.    0.608057
   6260.    0.608465
   6265.    0.608745
   6270.    0.609025
   6275.    0.609113
   6280.    0.609136
   6285.    0.609157
   6290.    0.609049
   6295.    0.609009
   6300.    0.608969
   6305.    0.608474
   6310.    0.607916
   6315.    0.607418
   6320.    0.606730
   6325.    0.605977
   6330.    0.605162
   6335.    0.604351
   6340.    0.603286
   6345.    0.602154
   6350.    0.600961
   6355.    0.599515
   6360.    0.598006
   6365.    0.596373
   6370.    0.594678
   6375.    0.592732
   6380.    0.590851
   6385.    0.588846
   6390.    0.586843
   6395.    0.584903
   6400.    0.582964
   6405.    0.581409
   6410.    0.580043
   6415.    0.578674
   6420.    0.577306
   6425.    0.576256
   6430.    0.575080
   6435.    0.574153
   6440.    0.573226
   6445.    0.572299
   6450.    0.571499
   6455.    0.570636
   6460.    0.569710
   6465.    0.568720
   6470.    0.567606
   6475.    0.566365
   6480.    0.564935
   6485.    0.563377
   6490.    0.561630
   6495.    0.559634
   6500.    0.557513
   6505.    0.554891
   6510.    0.552084
   6515.    0.549157
   6520.    0.546170
   6525.    0.542995
   6530.    0.539950
   6535.    0.536720
   6540.    0.533493
   6545.    0.530208
   6550.    0.526864
   6555.    0.523648
   6560.    0.520249
   6565.    0.517041
   6570.    0.513713
   6575.    0.510325
   6580.    0.506942
   6585.    0.503500
   6590.    0.499938
   6595.    0.496439
   6600.    0.492882
   6605.    0.489530
   6610.    0.486240
   6615.    0.482823
   6620.    0.479531
   6625.    0.476303
   6630.    0.473137
   6635.    0.470155
   6640.    0.467235
   6645.    0.464502
   6650.    0.462017
   6655.    0.459719
   6660.    0.457731
   6665.    0.456057
   6670.    0.454694
   6675.    0.453639
   6680.    0.452770
   6685.    0.452150
   6690.    0.451717
   6695.    0.451595
   6700.    0.451596
   6705.    0.451423
   6710.    0.451435
   6715.    0.451574
   6720.    0.451898
   6725.    0.452469
   6730.    0.453225
   6735.    0.454351
   6740.    0.455722
   6745.    0.457523
   6750.    0.459693
   6755.    0.462227
   6760.    0.465189
   6765.    0.468149
   6770.    0.470981
   6775.    0.473438
   6780.    0.474845
   6785.    0.475146
   6790.    0.473480
   6795.    0.469912
   6800.    0.464018
   6805.    0.455798
   6810.    0.445567
   6815.    0.433025
   6820.    0.418969
   6825.    0.403279
   6830.    0.386020
   6835.    0.368237
   6840.    0.348829
   6845.    0.329506
   6850.    0.309416
   6855.    0.288259
   6860.    0.266886
   6865.    0.244262
   6870.    0.220514
   6875.    0.196555
   6880.    0.172689
   6885.    0.150069
   6890.    0.128934
   6895.    0.109644
   6900.    0.092741
   6905.    0.078160
   6910.    0.065835
   6915.    0.055641
   6920.    0.047090
   6925.    0.040060
   6930.    0.034185
   6935.    0.029281
   6940.    0.025167
   6945.    0.021781
   6950.    0.018880
   6955.    0.016524
   6960.    0.014471
   6965.    0.012721
   6970.    0.011273
   6975.    0.009947
   6980.    0.008803
   6985.    0.007779
   6990.    0.006937
   6995.    0.006215
   7000.    0.005554
   7005.    0.004954
   7010.    0.004414
   7015.    0.003994
   7020.    0.003574
   7025.    0.003215
   7030.    0.002915
   7035.    0.002616
   7040.    0.002377
   7045.    0.002138
   7050.    0.001958
   7055.    0.001779
   7060.    0.001600
   7065.    0.001481
   7070.    0.001361
   7075.    0.001242
   7080.    0.001123
   7085.    0.001004
   7090.    0.000945
   7095.    0.000885
   7100.    0.000825
   7105.    0.000766
   7110.    0.000707
   7115.    0.000647
   7120.    0.000588
   7125.    0.000529
   7130.    0.000529
   7135.    0.000470
   7140.    0.000469
   7145.    0.000410
   7150.    0.000410
   7155.    0.000351
   7160.    0.000351
   7165.    0.000351
   7170.    0.000292
   7175.    0.000292
   7180.    0.000292
   7185.    0.000292
   7190.    0.000233
   7195.    0.000233
   7200.    0.000233
   7205.    0.000233
   7210.    0.000232
   7215.    0.000174
   7220.    0.000174
   7225.    0.000174
   7230.    0.000174
   7235.    0.000174
   7240.    0.000174
   7245.    0.000174
   7250.    0.000116
   7255.    0.000116
   7260.    0.000115
   7265.    0.000115
   7270.    0.000115
   7275.    0.000115
   7280.    0.000115
   7285.    0.000115
   7290.    0.000115
   7295.    0.000115
   7300.    0.000115
   7305.    0.000057
   7310.    0.000057
   7315.    0.000057
   7320.    0.000057
   7325.    0.000057
   7330.    0.000057
   7335.    0.000057
   7340.    0.000057
   7345.    0.000057
   7350.    0.000057
   7355.    0.000057
   7360.    0.000057
   7365.    0.000057
   7370.    0.000057
   7375.    0.000057
   7380.    0.000057
   7385.    0.000057
   7390.    0.000057
   7395.    0.000057
   7400.    0.000057
   7405.    0.000056
   7410.    0.000056
   7415.    0.000056
   7420.    0.000056
   7425.    0.000056
   7430.    0.000056
   7435.    0.000056
   7440.    0.000056
   7445.    0.000056
   7450.    0.000056
   7455.    0.000056
   7460.    0.000056
   7465.    0.000055
   7470.    0.000055
   7475.    0.000055
   7480.    0.000055
   7485.    0.000055
   7490.    0.000055
   7495.    0.000055
   7500.    0.000055
   7505.    0.000055
   7510.    0.000055
   7515.    0.000055
   7520.    0.000055
   7525.    0.000000
   7530.    0.000000
   7535.    0.000000
   7540.    0.000000
   7545.    0.000000
   7550.    0.000000
   7555.    0.000000
   7560.    0.000000
   7565.    0.000000
   7570.    0.000000
   7575.    0.000000
   7580.    0.000000
   7585.    0.000000
   7590.    0.000000
   7595.    0.000000
   7600.    0.000000
   7605.    0.000000
   7610.    0.000000
   7615.    0.000000
   7620.    0.000000
   7625.    0.000000
   7630.    0.000000
   7635.    0.000000
   7640.    0.000000
   7645.    0.000000
   7650.    0.000000
   7655.    0.000000
   7660.    0.000000
   7665.    0.000000
   7670.    0.000000
   7675.    0.000000
   7680.    0.000000
   7685.    0.000000
   7690.    0.000000
   7695.    0.000000
   7700.    0.000000
   7705.    0.000000
   7710.    0.000000
   7715.    0.000000
   7720.    0.000000
   7725.    0.000000
   7730.    0.000000
   7735.    0.000000
   7740.    0.000000
   7745.    0.000000
   7750.    0.000000
   7755.    0.000000
   7760.    0.000000
   7765.    0.000000
   7770.    0.000000
   7775.    0.000000
   7780.    0.000000
   7785.    0.000000
   7790.    0.000000
   7795.    0.000000
   7800.    0.000000
   7805.    0.000000
   7810.    0.000000
   7815.    0.000000
   7820.    0.000000
   7825.    0.000000
   7830.    0.000000
   7835.    0.000000
   7840.    0.000000
   7845.    0.000000
   7850.    0.000000
   7855.    0.000000
   7860.    0.000000
   7865.    0.000000
   7870.    0.000000
   7875.    0.000000
   7880.    0.000000
   7885.    0.000000
   7890.    0.000000
   7895.    0.000000
   7900.    0.000000
   7905.    0.000000
   7910.    0.000000
   7915.    0.000000
   7920.    0.000000
   7925.    0.000000
   7930.    0.000000
   7935.    0.000000
   7940.    0.000000
   7945.    0.000000
   7950.    0.000000
   7955.    0.000000
   7960.    0.000000
   7965.    0.000000
   7970.    0.000000
   7975.    0.000000
   7980.    0.000000
   7985.    0.000000
   7990.    0.000000
   7995.    0.000224
   8000.    0.000224
   8005.    0.000268
   8010.    0.000267
   8015.    0.000267
   8020.    0.000266
   8025.    0.000221
   8030.    0.000265
   8035.    0.000265
   8040.    0.000264
   8045.    0.000264
   8050.    0.000263
   8055.    0.000263
   8060.    0.000262
   8065.    0.000262
   8070.    0.000261
   8075.    0.000217
   8080.    0.000260
   8085.    0.000260
   8090.    0.000259
   8095.    0.000216
   8100.    0.000258
   8105.    0.000215
   8110.    0.000214
   8115.    0.000213
   8120.    0.000255
   8125.    0.000255
   8130.    0.000254
   8135.    0.000253
   8140.    0.000253
   8145.    0.000252
   8150.    0.000209
   8155.    0.000250
   8160.    0.000250
   8165.    0.000249
   8170.    0.000248
   8175.    0.000247
   8180.    0.000247
   8185.    0.000246
   8190.    0.000245
   8195.    0.000245
   8200.    0.000244
   8205.    0.000243
   8210.    0.000242
   8215.    0.000242
   8220.    0.000241
   8225.    0.000200
   8230.    0.000240
   8235.    0.000239
   8240.    0.000238
   8245.    0.000237
   8250.    0.000237
   8255.    0.000236
   8260.    0.000235
   8265.    0.000235
   8270.    0.000234
   8275.    0.000233
   8280.    0.000233
   8285.    0.000232
   8290.    0.000231
   8295.    0.000192
   8300.    0.000230
   8305.    0.000229
   8310.    0.000190
   8315.    0.000227
   8320.    0.000226
   8325.    0.000225
   8330.    0.000224
   8335.    0.000223
   8340.    0.000222
   8345.    0.000221
   8350.    0.000220
   8355.    0.000219
   8360.    0.000218
   8365.    0.000217
   8370.    0.000216
   8375.    0.000215
   8380.    0.000215
   8385.    0.000214
   8390.    0.000213
   8395.    0.000212
   8400.    0.000211
   8405.    0.000210
   8410.    0.000209
   8415.    0.000209
   8420.    0.000208
   8425.    0.000207
   8430.    0.000207
   8435.    0.000206
   8440.    0.000205
   8445.    0.000205
   8450.    0.000204
   8455.    0.000203
   8460.    0.000202
   8465.    0.000202
   8470.    0.000201
   8475.    0.000200
   8480.    0.000200
   8485.    0.000199
   8490.    0.000198
   8495.    0.000198
   8500.    0.000197
   8505.    0.000196
   8510.    0.000196
   8515.    0.000195
   8520.    0.000194
   8525.    0.000193
   8530.    0.000193
   8535.    0.000192
   8540.    0.000191
   8545.    0.000191
   8550.    0.000190
   8555.    0.000189
   8560.    0.000189
   8565.    0.000188
   8570.    0.000187
   8575.    0.000187
   8580.    0.000186
   8585.    0.000185
   8590.    0.000185
   8595.    0.000184
   8600.    0.000183
   8605.    0.000182
   8610.    0.000182
   8615.    0.000181
   8620.    0.000180
   8625.    0.000180
   8630.    0.000149
   8635.    0.000149
   8640.    0.000148
   8645.    0.000177
   8650.    0.000176
   8655.    0.000176
   8660.    0.000175
   8665.    0.000174
   8670.    0.000174
   8675.    0.000173
   8680.    0.000172
   8685.    0.000171
   8690.    0.000171
   8695.    0.000170
   8700.    0.000169
   8705.    0.000169
   8710.    0.000168
   8715.    0.000167
   8720.    0.000167
   8725.    0.000166
   8730.    0.000165
   8735.    0.000165
   8740.    0.000164
   8745.    0.000163
   8750.    0.000162
   8755.    0.000162
   8760.    0.000161
   8765.    0.000160
   8770.    0.000160
   8775.    0.000159
   8780.    0.000158
   8785.    0.000158
   8790.    0.000157
   8795.    0.000156
   8800.    0.000156
   8805.    0.000155
   8810.    0.000154
   8815.    0.000153
   8820.    0.000153
   8825.    0.000152
   8830.    0.000151
   8835.    0.000151
   8840.    0.000150
   8845.    0.000149
   8850.    0.000149
   8855.    0.000123
   8860.    0.000123
   8865.    0.000147
   8870.    0.000146
   8875.    0.000145
   8880.    0.000144
   8885.    0.000144
   8890.    0.000143
   8895.    0.000119
   8900.    0.000118
   8905.    0.000141
   8910.    0.000140
   8915.    0.000116
   8920.    0.000139
   8925.    0.000138
   8930.    0.000137
   8935.    0.000114
   8940.    0.000136
   8945.    0.000113
   8950.    0.000135
   8955.    0.000112
   8960.    0.000111
   8965.    0.000133
   8970.    0.000132
   8975.    0.000131
   8980.    0.000130
   8985.    0.000130
   8990.    0.000129
   8995.    0.000107
   9000.    0.000127
   9005.    0.000125
   9010.    0.000125
   9015.    0.000104
   9020.    0.000102
   9025.    0.000102
   9030.    0.000103
   9035.    0.000126
   9040.    0.000126
   9045.    0.000125
   9050.    0.000104
   9055.    0.000103
   9060.    0.000102
   9065.    0.000100
   9070.    0.000116
   9075.    0.000095
   9080.    0.000096
   9085.    0.000096
   9090.    0.000095
   9095.    0.000095
   9100.    0.000094
   9105.    0.000094
   9110.    0.000094
   9115.    0.000095
   9120.    0.000093
   9125.    0.000093
   9130.    0.000110
   9135.    0.000089
   9140.    0.000090
   9145.    0.000092
   9150.    0.000110
   9155.    0.000105
   9160.    0.000088
   9165.    0.000109
   9170.    0.000108
   9175.    0.000088
   9180.    0.000105
   9185.    0.000089
   9190.    0.000107
   9195.    0.000107
   9200.    0.000089
   9205.    0.000089
   9210.    0.000088
   9215.    0.000104
   9220.    0.000103
   9225.    0.000086
   9230.    0.000085
   9235.    0.000085
   9240.    0.000084
   9245.    0.000083
   9250.    0.000082
   9255.    0.000082
   9260.    0.000081
   9265.    0.000081
   9270.    0.000096
   9275.    0.000079
   9280.    0.000077
   9285.    0.000076
   9290.    0.000090
   9295.    0.000073
   9300.    0.000071
   9305.    0.000083
   9310.    0.000067
   9315.    0.000064
   9320.    0.000072
   9325.    0.000059
   9330.    0.000071
   9335.    0.000058
   9340.    0.000054
   9345.    0.000051
   9350.    0.000066
   9355.    0.000055
   9360.    0.000052
   9365.    0.000067
   9370.    0.000065
   9375.    0.000064
   9380.    0.000065
   9385.    0.000066
   9390.    0.000071
   9395.    0.000076
   9400.    0.000076
   9405.    0.000074
   9410.    0.000073
   9415.    0.000071
   9420.    0.000071
   9425.    0.000068
   9430.    0.000062
   9435.    0.000064
   9440.    0.000061
   9445.    0.000058
   9450.    0.000065
   9455.    0.000065
   9460.    0.000050
   9465.    0.000062
   9470.    0.000065
   9475.    0.000065
   9480.    0.000062
   9485.    0.000061
   9490.    0.000065
   9495.    0.000061
   9500.    0.000055
   9505.    0.000058
   9510.    0.000064
   9515.    0.000063
   9520.    0.000058
   9525.    0.000057
   9530.    0.000059
   9535.    0.000061
   9540.    0.000060
   9545.    0.000057
   9550.    0.000057
   9555.    0.000057
   9560.    0.000057
   9565.    0.000047
   9570.    0.000055
   9575.    0.000058
   9580.    0.000048
   9585.    0.000046
   9590.    0.000045
   9595.    0.000044
   9600.    0.000046
   9605.    0.000046
   9610.    0.000055
   9615.    0.000046
   9620.    0.000045
   9625.    0.000053
   9630.    0.000045
   9635.    0.000045
   9640.    0.000043
   9645.    0.000043
   9650.    0.000043
   9655.    0.000044
   9660.    0.000043
   9665.    0.000042
   9670.    0.000042
   9675.    0.000043
   9680.    0.000042
   9685.    0.000042
   9690.    0.000042
   9695.    0.000042
   9700.    0.000041
   9705.    0.000049
   9710.    0.000041
   9715.    0.000040
   9720.    0.000040
   9725.    0.000048
   9730.    0.000039
   9735.    0.000047
   9740.    0.000038
   9745.    0.000038
   9750.    0.000038
   9755.    0.000038
   9760.    0.000037
   9765.    0.000037
   9770.    0.000038
   9775.    0.000038
   9780.    0.000045
   9785.    0.000037
   9790.    0.000044
   9795.    0.000037
   9800.    0.000036
   9805.    0.000036
   9810.    0.000036
   9815.    0.000036
   9820.    0.000035
   9825.    0.000035
   9830.    0.000034
   9835.    0.000034
   9840.    0.000040
   9845.    0.000033
   9850.    0.000039
   9855.    0.000032
   9860.    0.000032
   9865.    0.000038
   9870.    0.000037
   9875.    0.000030
   9880.    0.000036
   9885.    0.000035
   9890.    0.000035
   9895.    0.000034
   9900.    0.000034
   9905.    0.000028
   9910.    0.000033
   9915.    0.000033
   9920.    0.000033
   9925.    0.000032
   9930.    0.000032
   9935.    0.000026
   9940.    0.000026
   9945.    0.000026
   9950.    0.000031
   9955.    0.000026
   9960.    0.000025
   9965.    0.000030
   9970.    0.000030
   9975.    0.000030
   9980.    0.000024
   9985.    0.000024
   9990.    0.000024
   9995.    0.000028
  10000.    0.000023
  10005.    0.000028
  10010.    0.000023
  10015.    0.000023
  10020.    0.000023
  10025.    0.000022
  10030.    0.000022
  10035.    0.000026
  10040.    0.000022
  10045.    0.000021
  10050.    0.000021
  10055.    0.000021
  10060.    0.000021
  10065.    0.000020
  10070.    0.000020
  10075.    0.000020
  10080.    0.000024
  10085.    0.000023
  10090.    0.000019
  10095.    0.000019
  10100.    0.000019
  10105.    0.000019
  10110.    0.000018
  10115.    0.000018
  10120.    0.000018
  10125.    0.000018
  10130.    0.000017
  10135.    0.000017
  10140.    0.000017
  10145.    0.000017
  10150.    0.000016
  10155.    0.000016
  10160.    0.000016
  10165.    0.000016
  10170.    0.000016
  10175.    0.000015
  10180.    0.000015
  10185.    0.000015
  10190.    0.000015
  10195.    0.000014
  10200.    0.000014
  10205.    0.000014
  10210.    0.000014
  10215.    0.000013
  10220.    0.000013
  10225.    0.000013
  10230.    0.000015
  10235.    0.000013
  10240.    0.000012
  10245.    0.000012
  10250.    0.000012
  10255.    0.000012
  10260.    0.000011
  10265.    0.000011
  10270.    0.000011
  10275.    0.000013
  10280.    0.000010
  10285.    0.000010
  10290.    0.000010
  10295.    0.000010
  10300.    0.000009
  10305.    0.000009
  10310.    0.000009
  10315.    0.000009
  10320.    0.000009
  10325.    0.000009
  10330.    0.000011
  10335.    0.000009
  10340.    0.000009
  10345.    0.000009
  10350.    0.000009
  10355.    0.000009
  10360.    0.000009
  10365.    0.000009
  10370.    0.000009
  10375.    0.000009
  10380.    0.000009
  10385.    0.000009
  10390.    0.000009
  10395.    0.000009
  10400.    0.000009
  10405.    0.000009
  10410.    0.000009
  10415.    0.000009
  10420.    0.000009
  10425.    0.000008
  10430.    0.000010
  10435.    0.000008
  10440.    0.000008
  10445.    0.000007
  10450.    0.000007
  10455.    0.000007
  10460.    0.000007
  10465.    0.000006
  10470.    0.000006
  10475.    0.000006
  10480.    0.000006
  10485.    0.000005
  10490.    0.000005
  10495.    0.000005
  10500.    0.000005
  10505.    0.000000