300 1.71793E-05
301 0.000138174
302 0.000708396
303 0.00272343
304 0.008570101
305 0.023234788
306 0.05611525
307 0.12350296
308 0.2518459
309 0.481488774
310 0.872208949
311 1.322524468
312 1.954181114
313 2.819387378
314 3.980625442
315 5.512840079
316 7.497338253
317 10.01794105
318 13.17237668
319 17.06448062
320 21.81818108
321 24.45241857
322 27.25457626
323 30.21125817
324 33.32645805
325 36.60159917
326 40.03194843
327 43.62489419
328 47.38092692
329 51.31146638
330 55.41430668
331 56.82307865
332 58.18473852
333 59.5066415
334 60.7834526
335 62.03845629
336 63.2924616
337 64.5258244
338 65.74980347
339 66.96656242
340 68.2041699
341 68.59446373
342 68.98733548
343 69.37862475
344 69.7775294
345 70.19249888
346 70.59414519
347 71.05612062
348 71.51970985
349 72.01047204
350 72.51231063
351 72.57746273
352 72.68665251
353 72.77007939
354 72.90731373
355 73.03708761
356 73.19255089
357 73.35832837
358 73.56304348
359 73.74713822
360 73.95350439
361 74.34631918
362 74.74925023
363 75.14418932
364 75.55354312
365 75.97207769
366 76.20387875
367 76.43618512
368 76.66689393
369 76.91024361
370 77.14018563
371 77.28447875
372 77.4452085
373 77.60207062
374 77.75672498
375 77.92225547
376 78.11258191
377 78.29176761
378 78.38879375
379 78.45554294
380 78.5111769
381 78.6478857
382 78.77401884
383 78.91097989
384 79.0340305
385 79.15427224
386 79.24219237
387 79.34759823
388 79.42577779
389 79.51037888
390 79.57699359
391 79.65785531
392 79.74133
393 79.82097734
394 79.88932771
395 79.93929543
396 79.98057485
397 80.02752857
398 80.07511648
399 80.12623845
400 80.17312946
401 80.15281161
402 80.14355617
403 80.13185139
404 80.13025799
405 80.1147229
406 80.10669024
407 80.08214498
408 80.06154073
409 80.04326561
410 80.04838169
411 80.0514615
412 80.0499583
413 80.05005644
414 80.05701775
415 80.058841
416 80.06544128
417 80.06664642
418 80.07444864
419 80.08632844
420 80.11816337
421 80.16689902
422 80.20579534
423 80.24517556
424 80.29831736
425 80.3456355
426 80.40445069
427 80.43009388
428 80.50484911
429 80.55324059
430 80.63468896
431 80.69554639
432 80.78447966
433 80.88046434
434 80.9602644
435 81.04951489
436 81.12179407
437 81.22154456
438 81.30363791
439 81.3863884
440 81.48524346
441 81.59898788
442 81.74418536
443 81.86735477
444 81.97683135
445 82.06849408
446 82.17370127
447 82.28828459
448 82.41043078
449 82.52035196
450 82.63802838
451 82.74830249
452 82.8747449
453 82.99863668
454 83.12172535
455 83.24915271
456 83.367277
457 83.49274342
458 83.61012388
459 83.72881428
460 83.83076301
461 83.94816301
462 84.05751289
463 84.18687879
464 84.28981217
465 84.40086243
466 84.49201467
467 84.57736802
468 84.66590885
469 84.76743747
470 84.88947853
471 84.993827
472 85.07530648
473 85.14264912
474 85.2216717
475 85.3033328
476 85.38295129
477 85.45646362
478 85.54647403
479 85.62005278
480 85.71109398
481 85.79255864
482 85.88862814
483 85.95851857
484 86.03789639
485 86.11231983
486 86.1867545
487 86.25921516
488 86.32591563
489 86.3834832
490 86.44296378
491 86.49293473
492 86.54700514
493 86.59813302
494 86.64901891
495 86.70346185
496 86.74724282
497 86.78565241
498 86.81022341
499 86.83514975
500 86.85254889
501 86.81445111
502 86.80447821
503 86.79727345
504 86.79976626
505 86.78568675
506 86.75785047
507 86.73477586
508 86.70677643
509 86.69506391
510 86.67399664
511 86.65678111
512 86.62765657
513 86.58223852
514 86.53468065
515 86.49596895
516 86.46567458
517 86.43849739
518 86.38698627
519 86.33325364
520 86.28574802
521 86.24873983
522 86.21372294
523 86.15872297
524 86.103916
525 86.03801958
526 85.96998299
527 85.90501704
528 85.85497766
529 85.79412845
530 85.73325792
531 85.66324754
532 85.61363026
533 85.55082069
534 85.50290364
535 85.45439346
536 85.40863591
537 85.34347899
538 85.27043361
539 85.17680432
540 85.09494966
541 85.0071278
542 84.9462977
543 84.88244597
544 84.82503972
545 84.77283498
546 84.71493567
547 84.64808781
548 84.57590178
549 84.50323813
550 84.43675003
551 84.34636305
552 84.27579969
553 84.19667339
554 84.12883783
555 84.04758086
556 83.96587982
557 83.88395203
558 83.79418674
559 83.72709314
560 83.66269149
561 83.58649872
562 83.51621998
563 83.42578017
564 83.35209467
565 83.25904729
566 83.19745635
567 83.13256783
568 83.07871222
569 83.00478383
570 82.93343129
571 82.85922859
572 82.79671663
573 82.73942787
574 82.66514807
575 82.61532622
576 82.56583937
577 82.51410369
578 82.44199081
579 82.35791599
580 82.29970216
581 82.22451158
582 82.16348556
583 82.09572176
584 82.03889976
585 81.97897539
586 81.91900473
587 81.86956702
588 81.82887359
589 81.78552551
590 81.73099197
591 81.66739245
592 81.61469719
593 81.56470364
594 81.52534385
595 81.4668247
596 81.42118829
597 81.36189545
598 81.32191972
599 81.27069935
600 81.22113383
601 81.1893504
602 81.1682734
603 81.15499498
604 81.13316412
605 81.09243424
606 81.05052945
607 81.02437233
608 80.99560279
609 80.95303053
610 80.89941486
611 80.87042312
612 80.87394965
613 80.85810724
614 80.85013983
615 80.80574891
616 80.8026685
617 80.76635784
618 80.75422019
619 80.72081934
620 80.70042416
621 80.67373037
622 80.66088229
623 80.6456792
624 80.63226706
625 80.62181447
626 80.61121981
627 80.6027246
628 80.57792386
629 80.56075173
630 80.54380701
631 80.5480195
632 80.54643861
633 80.54462803
634 80.52685241
635 80.51956962
636 80.50686063
637 80.49404979
638 80.48289282
639 80.48832299
640 80.50439299
641 80.49380491
642 80.49065442
643 80.47882274
644 80.49234355
645 80.48081379
646 80.46839077
647 80.45670241
648 80.47753725
649 80.47874505
650 80.48588346
651 80.49190119
652 80.52153334
653 80.54023527
654 80.5534129
655 80.55284853
656 80.56303983
657 80.5791831
658 80.60308877
659 80.63273293
660 80.65289586
661 80.67897434
662 80.70823722
663 80.73112368
664 80.761874
665 80.78485162
666 80.81956324
667 80.83700201
668 80.85729206
669 80.85366382
670 80.8736623
671 80.87707805
672 80.92416885
673 80.93881743
674 80.9673258
675 80.97091919
676 80.99693989
677 81.02470255
678 81.05534351
679 81.10546214
680 81.15330203
681 81.19815887
682 81.23473833
683 81.25765322
684 81.28852002
685 81.30311079
686 81.3404099
687 81.37178554
688 81.40209161
689 81.43820016
690 81.48073427
691 81.53858438
692 81.57213484
693 81.61408111
694 81.63698805
695 81.66346764
696 81.69454408
697 81.73162149
698 81.78441931
699 81.81606372
700 81.85824937
701 81.89051062
702 81.93169488
703 81.96508647
704 82.00336387
705 82.04012301
706 82.06243314
707 82.08867787
708 82.13081145
709 82.17813882
710 82.21510594
711 82.25668963
712 82.29633983
713 82.32099159
714 82.34469476
715 82.37715711
716 82.40526945
717 82.42226873
718 82.46542705
719 82.51439473
720 82.54642743
721 82.59195569
722 82.64936651
723 82.70597577
724 82.74045726
725 82.76845131
726 82.81466764
727 82.85681831
728 82.90656065
729 82.9418125
730 82.97628131
731 83.00053772
732 83.04773809
733 83.09448842
734 83.14919536
735 83.20213699
736 83.25569375
737 83.31139906
738 83.36010103
739 83.40286923
740 83.42290167
741 83.4526044
742 83.48135946
743 83.53916873
744 83.5912228
745 83.64355794
746 83.68695842
747 83.71880104
748 83.7730643
749 83.79228872
750 83.83112616
751 83.86025974
752 83.93021463
753 83.99680343
754 84.05692876
755 84.10351461
756 84.13001522
757 84.16647933
758 84.20849772
759 84.24508647
760 84.28114429
761 84.33260833
762 84.40373705
763 84.46019465
764 84.53467711
765 84.58431661
766 84.63339536
767 84.65924032
768 84.6934631
769 84.72188718
770 84.75676008
771 84.77995066
772 84.82255919
773 84.86098441
774 84.91581905
775 84.9878374
776 85.05295691
777 85.11147039
778 85.13852755
779 85.15697103
780 85.18427941
781 85.22104682
782 85.25735723
783 85.31116852
784 85.34195174
785 85.37891385
786 85.41336877
787 85.48528768
788 85.52916193
789 85.55600553
790 85.57590656
791 85.60236103
792 85.64983423
793 85.69399003
794 85.75582394
795 85.80791049
796 85.8265257
797 85.8458177
798 85.84979008
799 85.87713719
800 85.90342593
801 85.91343269
802 85.94750053
803 85.97243108
804 85.99533205
805 86.03425887
806 86.04883883
807 86.05909216
808 86.08481035
809 86.10394687
810 86.11833821
811 86.13428762
812 86.17363896
813 86.21331021
814 86.24906434
815 86.25725216
816 86.30433024
817 86.31986298
818 86.31678157
819 86.33303256
820 86.36119182
821 86.38245679
822 86.39774168
823 86.41012893
824 86.42543782
825 86.44915068
826 86.46332905
827 86.48364238
828 86.50729152
829 86.53427925
830 86.51260295
831 86.54330168
832 86.57356697
833 86.59475209
834 86.61688091
835 86.64885131
836 86.67183135
837 86.70480811
838 86.72137682
839 86.76000329
840 86.79229922
841 86.82862992
842 86.8467116
843 86.86807326
844 86.8838647
845 86.90522753
846 86.93231753
847 86.95423018
848 86.97371015
849 86.9935375
850 87.0083143
851 87.01397457
852 87.02241027
853 87.03356941
854 87.0486717
855 87.06341155
856 87.08011361
857 87.10441917
858 87.1133331
859 87.13297303
860 87.14755015
861 87.16694138
862 87.17707232
863 87.19434578
864 87.20175331
865 87.21563973
866 87.23433173
867 87.23885323
868 87.2291395
869 87.22043994
870 87.22234373
871 87.2210531
872 87.22786548
873 87.22889151
874 87.22994646
875 87.22564359
876 87.22944501
877 87.24071281
878 87.22030351
879 87.22638951
880 87.20872678
881 87.19210441
882 87.1755054
883 87.16551376
884 87.15351155
885 87.13483785
886 87.11880568
887 87.11246835
888 87.08694529
889 87.07623322
890 87.05844449
891 87.03102129
892 87.01095173
893 86.97868459
894 86.94178674
895 86.9145067
896 86.88462927
897 86.85853995
898 86.8253858
899 86.80727446
900 86.77973229
901 86.75893799
902 86.71695119
903 86.67942517
904 86.61654374
905 86.55558565
906 86.48845932
907 86.45159668
908 86.37816904
909 86.33325424
910 86.28668946
911 86.22896873
912 86.17665415
913 86.12337398
914 86.07082238
915 86.02135001
916 85.98697329
917 85.94705494
918 85.87999642
919 85.80964662
920 85.73870111
921 85.68024296
922 85.60172921
923 85.54104679
924 85.46236164
925 85.39222486
926 85.3200154
927 85.27330102
928 85.19181051
929 85.12910096
930 85.05150706
931 84.96250611
932 84.87710962
933 84.80695731
934 84.73595325
935 84.65667649
936 84.58643837
937 84.51014631
938 84.42207724
939 84.33178399
940 84.25131977
941 84.16255642
942 84.06862704
943 83.9972675
944 83.89299811
945 83.81905551
946 83.74728955
947 83.68350029
948 83.57541561
949 83.492839
950 83.41060114
951 83.3232253
952 83.22082457
953 83.14545522
954 83.05452918
955 82.97927733
956 82.90558884
957 82.80840263
958 82.70833044
959 82.60963308
960 82.51406968
961 82.41843179
962 82.32690217
963 82.23500014
964 82.13147081
965 82.02785295
966 81.90897933
967 81.80662036
968 81.68883963
969 81.58565606
970 81.473051
971 81.36937873
972 81.25266872
973 81.18147322
974 81.07629143
975 80.96112339
976 80.85135313
977 80.74704113
978 80.63801915
979 80.53407099
980 80.42882987
981 80.30670014
982 80.19149013
983 80.09175246
984 79.99042484
985 79.8854231
986 79.78065765
987 79.67838744
988 79.55023869
989 79.44183956
990 79.32898908
991 79.21762158
992 79.08423634
993 78.97515944
994 78.8466156
995 78.72785381
996 78.60815415
997 78.49831959
998 78.37500419
999 78.25196967
1000 78.12325314
1001 78.00998723
1002 77.90763859
1003 77.80638104
1004 77.71165465
1005 77.60202828
1006 77.48763777
1007 77.37159183
1008 77.25249329
1009 77.14629965
1010 77.03103296
1011 76.91274761
1012 76.7799918
1013 76.69130875
1014 76.57238291
1015 76.46500946
1016 76.35092052
1017 76.25076415
1018 76.11962898
1019 76.00719534
1020 75.8785909
1021 75.74928285
1022 75.64495034
1023 75.53705034
1024 75.42857894
1025 75.30859186
1026 75.19250097
1027 75.06535042
1028 74.94709859
1029 74.82714013
1030 74.71500194
1031 74.60131562
1032 74.47202288
1033 74.36276779
1034 74.23689402
1035 74.13125466
1036 74.01118459
1037 73.90121537
1038 73.76247439
1039 73.64299828
1040 73.52335595
1041 73.39775378
1042 73.27083675
1043 73.14590132
1044 73.01821087
1045 72.89005559
1046 72.77413912
1047 72.64243553
1048 72.50789298
1049 72.37910429
1050 72.25206467
1051 72.10906556
1052 71.97205271
1053 71.84932968
1054 71.72087012
1055 71.59738137
1056 71.46362681
1057 71.34088031
1058 71.19867566
1059 71.07222025
1060 70.93761109
1061 70.80838004
1062 70.6761825
1063 70.54944369
1064 70.41793769
1065 70.29111303
1066 70.16922118
1067 70.02772458
1068 69.90500392
1069 69.82360975
1070 69.7503967
1071 69.68058086
1072 69.60839159
1073 69.54514417
1074 69.47375982
1075 69.40157225
1076 69.32821487
1077 69.26033224
1078 69.18008138
1079 69.10804485
1080 69.02843088
1081 68.89026435
1082 68.7622217
1083 68.63456687
1084 68.49821803
1085 68.37470766
1086 68.23349434
1087 68.09718904
1088 67.9341232
1089 67.80585923
1090 67.67589597
1091 67.52966098
1092 67.39577823
1093 67.26561659
1094 67.11987118
1095 66.96213208
1096 66.80411358
1097 66.7011537
1098 66.57799766
1099 66.48668168
1100 66.31382761
