   3000.    0.000000
   3005.    0.000000
   3010.    0.000000
   3015.    0.000000
   3020.    0.000000
   3025.    0.000000
   3030.    0.000000
   3035.    0.000000
   3040.    0.000000
   3045.    0.000000
   3050.    0.000000
   3055.    0.000000
   3060.    0.000000
   3065.    0.000000
   3070.    0.000000
   3075.    0.000000
   3080.    0.000000
   3085.    0.000000
   3090.    0.000000
   3095.    0.000000
   3100.    0.000000
   3105.    0.000012
   3110.    0.000000
   3115.    0.000000
   3120.    0.000000
   3125.    0.000000
   3130.    0.000000
   3135.    0.000000
   3140.    0.000000
   3145.    0.000000
   3150.    0.000000
   3155.    0.000000
   3160.    0.000000
   3165.    0.000000
   3170.    0.000000
   3175.    0.000000
   3180.    0.000019
   3185.    0.000000
   3190.    0.000000
   3195.    0.000000
   3200.    0.000000
   3205.    0.000000
   3210.    0.000000
   3215.    0.000000
   3220.    0.000000
   3225.    0.000000
   3230.    0.000000
   3235.    0.000000
   3240.    0.000000
   3245.    0.000000
   3250.    0.000000
   3255.    0.000000
   3260.    0.000000
   3265.    0.000000
   3270.    0.000000
   3275.    0.000000
   3280.    0.000000
   3285.    0.000000
   3290.    0.000000
   3295.    0.000000
   3300.    0.000000
   3305.    0.000000
   3310.    0.000000
   3315.    0.000000
   3320.    0.000000
   3325.    0.000000
   3330.    0.000000
   3335.    0.000000
   3340.    0.000000
   3345.    0.000000
   3350.    0.000000
   3355.    0.000000
   3360.    0.000000
   3365.    0.000030
   3370.    0.000030
   3375.    0.000061
   3380.    0.000031
   3385.    0.000031
   3390.    0.000031
   3395.    0.000031
   3400.    0.000032
   3405.    0.000000
   3410.    0.000032
   3415.    0.000000
   3420.    0.000033
   3425.    0.000033
   3430.    0.000000
   3435.    0.000000
   3440.    0.000033
   3445.    0.000000
   3450.    0.000034
   3455.    0.000000
   3460.    0.000000
   3465.    0.000000
   3470.    0.000000
   3475.    0.000000
   3480.    0.000000
   3485.    0.000000
   3490.    0.000000
   3495.    0.000000
   3500.    0.000000
   3505.    0.000000
   3510.    0.000000
   3515.    0.000000
   3520.    0.000000
   3525.    0.000000
   3530.    0.000000
   3535.    0.000000
   3540.    0.000000
   3545.    0.000000
   3550.    0.000000
   3555.    0.000000
   3560.    0.000000
   3565.    0.000000
   3570.    0.000000
   3575.    0.000000
   3580.    0.000000
   3585.    0.000000
   3590.    0.000000
   3595.    0.000000
   3600.    0.000000
   3605.    0.000000
   3610.    0.000000
   3615.    0.000000
   3620.    0.000000
   3625.    0.000000
   3630.    0.000000
   3635.    0.000000
   3640.    0.000000
   3645.    0.000000
   3650.    0.000000
   3655.    0.000000
   3660.    0.000000
   3665.    0.000000
   3670.    0.000000
   3675.    0.000000
   3680.    0.000000
   3685.    0.000000
   3690.    0.000000
   3695.    0.000000
   3700.    0.000000
   3705.    0.000000
   3710.    0.000000
   3715.    0.000000
   3720.    0.000000
   3725.    0.000000
   3730.    0.000000
   3735.    0.000000
   3740.    0.000000
   3745.    0.000000
   3750.    0.000000
   3755.    0.000000
   3760.    0.000000
   3765.    0.000000
   3770.    0.000000
   3775.    0.000000
   3780.    0.000000
   3785.    0.000000
   3790.    0.000000
   3795.    0.000000
   3800.    0.000000
   3805.    0.000000
   3810.    0.000000
   3815.    0.000000
   3820.    0.000000
   3825.    0.000000
   3830.    0.000000
   3835.    0.000000
   3840.    0.000000
   3845.    0.000000
   3850.    0.000000
   3855.    0.000000
   3860.    0.000000
   3865.    0.000000
   3870.    0.000000
   3875.    0.000000
   3880.    0.000000
   3885.    0.000000
   3890.    0.000000
   3895.    0.000000
   3900.    0.000000
   3905.    0.000000
   3910.    0.000000
   3915.    0.000000
   3920.    0.000000
   3925.    0.000000
   3930.    0.000000
   3935.    0.000000
   3940.    0.000000
   3945.    0.000000
   3950.    0.000000
   3955.    0.000000
   3960.    0.000000
   3965.    0.000000
   3970.    0.000000
   3975.    0.000000
   3980.    0.000000
   3985.    0.000000
   3990.    0.000000
   3995.    0.000000
   4000.    0.000000
   4005.    0.000000
   4010.    0.000000
   4015.    0.000000
   4020.    0.000000
   4025.    0.000000
   4030.    0.000000
   4035.    0.000000
   4040.    0.000000
   4045.    0.000000
   4050.    0.000000
   4055.    0.000000
   4060.    0.000000
   4065.    0.000000
   4070.    0.000000
   4075.    0.000000
   4080.    0.000000
   4085.    0.000000
   4090.    0.000000
   4095.    0.000000
   4100.    0.000000
   4105.    0.000000
   4110.    0.000000
   4115.    0.000000
   4120.    0.000000
   4125.    0.000000
   4130.    0.000000
   4135.    0.000000
   4140.    0.000000
   4145.    0.000000
   4150.    0.000000
   4155.    0.000000
   4160.    0.000000
   4165.    0.000000
   4170.    0.000000
   4175.    0.000000
   4180.    0.000000
   4185.    0.000000
   4190.    0.000000
   4195.    0.000000
   4200.    0.000000
   4205.    0.000000
   4210.    0.000000
   4215.    0.000000
   4220.    0.000000
   4225.    0.000000
   4230.    0.000000
   4235.    0.000000
   4240.    0.000000
   4245.    0.000000
   4250.    0.000000
   4255.    0.000000
   4260.    0.000000
   4265.    0.000000
   4270.    0.000000
   4275.    0.000000
   4280.    0.000000
   4285.    0.000000
   4290.    0.000000
   4295.    0.000000
   4300.    0.000000
   4305.    0.000000
   4310.    0.000000
   4315.    0.000000
   4320.    0.000000
   4325.    0.000000
   4330.    0.000000
   4335.    0.000000
   4340.    0.000000
   4345.    0.000000
   4350.    0.000000
   4355.    0.000000
   4360.    0.000000
   4365.    0.000000
   4370.    0.000000
   4375.    0.000000
   4380.    0.000000
   4385.    0.000000
   4390.    0.000000
   4395.    0.000000
   4400.    0.000000
   4405.    0.000000
   4410.    0.000000
   4415.    0.000000
   4420.    0.000000
   4425.    0.000000
   4430.    0.000000
   4435.    0.000000
   4440.    0.000000
   4445.    0.000000
   4450.    0.000000
   4455.    0.000000
   4460.    0.000000
   4465.    0.000000
   4470.    0.000000
   4475.    0.000000
   4480.    0.000000
   4485.    0.000000
   4490.    0.000000
   4495.    0.000000
   4500.    0.000000
   4505.    0.000000
   4510.    0.000000
   4515.    0.000000
   4520.    0.000000
   4525.    0.000000
   4530.    0.000000
   4535.    0.000000
   4540.    0.000000
   4545.    0.000000
   4550.    0.000000
   4555.    0.000000
   4560.    0.000000
   4565.    0.000000
   4570.    0.000000
   4575.    0.000000
   4580.    0.000000
   4585.    0.000000
   4590.    0.000000
   4595.    0.000000
   4600.    0.000000
   4605.    0.000000
   4610.    0.000000
   4615.    0.000000
   4620.    0.000000
   4625.    0.000000
   4630.    0.000000
   4635.    0.000000
   4640.    0.000000
   4645.    0.000000
   4650.    0.000000
   4655.    0.000000
   4660.    0.000000
   4665.    0.000000
   4670.    0.000000
   4675.    0.000000
   4680.    0.000000
   4685.    0.000000
   4690.    0.000000
   4695.    0.000000
   4700.    0.000000
   4705.    0.000000
   4710.    0.000000
   4715.    0.000000
   4720.    0.000000
   4725.    0.000000
   4730.    0.000000
   4735.    0.000000
   4740.    0.000000
   4745.    0.000000
   4750.    0.000000
   4755.    0.000000
   4760.    0.000000
   4765.    0.000000
   4770.    0.000000
   4775.    0.000000
   4780.    0.000000
   4785.    0.000000
   4790.    0.000000
   4795.    0.000000
   4800.    0.000000
   4805.    0.000000
   4810.    0.000000
   4815.    0.000000
   4820.    0.000000
   4825.    0.000000
   4830.    0.000000
   4835.    0.000000
   4840.    0.000000
   4845.    0.000000
   4850.    0.000000
   4855.    0.000000
   4860.    0.000000
   4865.    0.000000
   4870.    0.000000
   4875.    0.000000
   4880.    0.000000
   4885.    0.000000
   4890.    0.000000
   4895.    0.000000
   4900.    0.000000
   4905.    0.000000
   4910.    0.000000
   4915.    0.000000
   4920.    0.000000
   4925.    0.000000
   4930.    0.000000
   4935.    0.000000
   4940.    0.000000
   4945.    0.000000
   4950.    0.000000
   4955.    0.000000
   4960.    0.000000
   4965.    0.000000
   4970.    0.000000
   4975.    0.000000
   4980.    0.000000
   4985.    0.000000
   4990.    0.000000
   4995.    0.000000
   5000.    0.000000
   5005.    0.000000
   5010.    0.000000
   5015.    0.000000
   5020.    0.000000
   5025.    0.000000
   5030.    0.000000
   5035.    0.000000
   5040.    0.000000
   5045.    0.000000
   5050.    0.000000
   5055.    0.000000
   5060.    0.000000
   5065.    0.000000
   5070.    0.000000
   5075.    0.000000
   5080.    0.000000
   5085.    0.000000
   5090.    0.000000
   5095.    0.000000
   5100.    0.000000
   5105.    0.000000
   5110.    0.000000
   5115.    0.000000
   5120.    0.000000
   5125.    0.000000
   5130.    0.000000
   5135.    0.000000
   5140.    0.000000
   5145.    0.000000
   5150.    0.000000
   5155.    0.000000
   5160.    0.000000
   5165.    0.000000
   5170.    0.000000
   5175.    0.000000
   5180.    0.000000
   5185.    0.000000
   5190.    0.000000
   5195.    0.000000
   5200.    0.000000
   5205.    0.000000
   5210.    0.000000
   5215.    0.000000
   5220.    0.000000
   5225.    0.000000
   5230.    0.000000
   5235.    0.000000
   5240.    0.000000
   5245.    0.000000
   5250.    0.000000
   5255.    0.000000
   5260.    0.000000
   5265.    0.000000
   5270.    0.000000
   5275.    0.000000
   5280.    0.000000
   5285.    0.000000
   5290.    0.000000
   5295.    0.000000
   5300.    0.000000
   5305.    0.000000
   5310.    0.000000
   5315.    0.000000
   5320.    0.000000
   5325.    0.000000
   5330.    0.000000
   5335.    0.000000
   5340.    0.000000
   5345.    0.000000
   5350.    0.000000
   5355.    0.000000
   5360.    0.000000
   5365.    0.000000
   5370.    0.000000
   5375.    0.000000
   5380.    0.000000
   5385.    0.000000
   5390.    0.000000
   5395.    0.000000
   5400.    0.000000
   5405.    0.000000
   5410.    0.000000
   5415.    0.000000
   5420.    0.000000
   5425.    0.000000
   5430.    0.000000
   5435.    0.000000
   5440.    0.000000
   5445.    0.000000
   5450.    0.000000
   5455.    0.000000
   5460.    0.000000
   5465.    0.000000
   5470.    0.000000
   5475.    0.000000
   5480.    0.000000
   5485.    0.000000
   5490.    0.000000
   5495.    0.000000
   5500.    0.000000
   5505.    0.000000
   5510.    0.000000
   5515.    0.000000
   5520.    0.000000
   5525.    0.000000
   5530.    0.000000
   5535.    0.000000
   5540.    0.000000
   5545.    0.000000
   5550.    0.000000
   5555.    0.000000
   5560.    0.000000
   5565.    0.000000
   5570.    0.000000
   5575.    0.000000
   5580.    0.000000
   5585.    0.000000
   5590.    0.000000
   5595.    0.000000
   5600.    0.000000
   5605.    0.000000
   5610.    0.000000
   5615.    0.000000
   5620.    0.000000
   5625.    0.000000
   5630.    0.000000
   5635.    0.000000
   5640.    0.000000
   5645.    0.000000
   5650.    0.000000
   5655.    0.000000
   5660.    0.000000
   5665.    0.000000
   5670.    0.000000
   5675.    0.000000
   5680.    0.000000
   5685.    0.000000
   5690.    0.000000
   5695.    0.000000
   5700.    0.000000
   5705.    0.000000
   5710.    0.000000
   5715.    0.000000
   5720.    0.000000
   5725.    0.000000
   5730.    0.000000
   5735.    0.000000
   5740.    0.000000
   5745.    0.000000
   5750.    0.000000
   5755.    0.000000
   5760.    0.000000
   5765.    0.000000
   5770.    0.000000
   5775.    0.000000
   5780.    0.000000
   5785.    0.000000
   5790.    0.000000
   5795.    0.000000
   5800.    0.000000
   5805.    0.000000
   5810.    0.000000
   5815.    0.000000
   5820.    0.000000
   5825.    0.000000
   5830.    0.000000
   5835.    0.000000
   5840.    0.000000
   5845.    0.000000
   5850.    0.000000
   5855.    0.000000
   5860.    0.000000
   5865.    0.000000
   5870.    0.000000
   5875.    0.000000
   5880.    0.000000
   5885.    0.000000
   5890.    0.000000
   5895.    0.000000
   5900.    0.000000
   5905.    0.000000
   5910.    0.000000
   5915.    0.000000
   5920.    0.000000
   5925.    0.000000
   5930.    0.000000
   5935.    0.000000
   5940.    0.000000
   5945.    0.000000
   5950.    0.000000
   5955.    0.000000
   5960.    0.000000
   5965.    0.000000
   5970.    0.000000
   5975.    0.000000
   5980.    0.000000
   5985.    0.000000
   5990.    0.000000
   5995.    0.000000
   6000.    0.000000
   6005.    0.000000
   6010.    0.000000
   6015.    0.000000
   6020.    0.000000
   6025.    0.000000
   6030.    0.000000
   6035.    0.000000
   6040.    0.000000
   6045.    0.000000
   6050.    0.000000
   6055.    0.000000
   6060.    0.000000
   6065.    0.000000
   6070.    0.000000
   6075.    0.000000
   6080.    0.000000
   6085.    0.000000
   6090.    0.000000
   6095.    0.000000
   6100.    0.000000
   6105.    0.000000
   6110.    0.000000
   6115.    0.000000
   6120.    0.000000
   6125.    0.000000
   6130.    0.000000
   6135.    0.000000
   6140.    0.000000
   6145.    0.000000
   6150.    0.000000
   6155.    0.000000
   6160.    0.000000
   6165.    0.000000
   6170.    0.000000
   6175.    0.000000
   6180.    0.000000
   6185.    0.000000
   6190.    0.000000
   6195.    0.000000
   6200.    0.000000
   6205.    0.000000
   6210.    0.000000
   6215.    0.000000
   6220.    0.000000
   6225.    0.000000
   6230.    0.000000
   6235.    0.000000
   6240.    0.000000
   6245.    0.000000
   6250.    0.000000
   6255.    0.000000
   6260.    0.000000
   6265.    0.000000
   6270.    0.000000
   6275.    0.000000
   6280.    0.000000
   6285.    0.000000
   6290.    0.000000
   6295.    0.000000
   6300.    0.000000
   6305.    0.000000
   6310.    0.000000
   6315.    0.000000
   6320.    0.000000
   6325.    0.000000
   6330.    0.000000
   6335.    0.000000
   6340.    0.000000
   6345.    0.000000
   6350.    0.000000
   6355.    0.000000
   6360.    0.000000
   6365.    0.000000
   6370.    0.000000
   6375.    0.000000
   6380.    0.000000
   6385.    0.000000
   6390.    0.000000
   6395.    0.000000
   6400.    0.000000
   6405.    0.000000
   6410.    0.000000
   6415.    0.000000
   6420.    0.000000
   6425.    0.000000
   6430.    0.000000
   6435.    0.000000
   6440.    0.000000
   6445.    0.000000
   6450.    0.000000
   6455.    0.000000
   6460.    0.000000
   6465.    0.000000
   6470.    0.000000
   6475.    0.000000
   6480.    0.000000
   6485.    0.000000
   6490.    0.000000
   6495.    0.000000
   6500.    0.000000
   6505.    0.000000
   6510.    0.000000
   6515.    0.000000
   6520.    0.000000
   6525.    0.000000
   6530.    0.000000
   6535.    0.000000
   6540.    0.000000
   6545.    0.000000
   6550.    0.000000
   6555.    0.000000
   6560.    0.000000
   6565.    0.000000
   6570.    0.000000
   6575.    0.000000
   6580.    0.000000
   6585.    0.000000
   6590.    0.000000
   6595.    0.000000
   6600.    0.000000
   6605.    0.000000
   6610.    0.000000
   6615.    0.000000
   6620.    0.000000
   6625.    0.000000
   6630.    0.000000
   6635.    0.000000
   6640.    0.000000
   6645.    0.000000
   6650.    0.000000
   6655.    0.000000
   6660.    0.000000
   6665.    0.000000
   6670.    0.000000
   6675.    0.000000
   6680.    0.000000
   6685.    0.000000
   6690.    0.000000
   6695.    0.000000
   6700.    0.000000
   6705.    0.000000
   6710.    0.000000
   6715.    0.000000
   6720.    0.000000
   6725.    0.000000
   6730.    0.000000
   6735.    0.000000
   6740.    0.000000
   6745.    0.000000
   6750.    0.000000
   6755.    0.000000
   6760.    0.000000
   6765.    0.000000
   6770.    0.000000
   6775.    0.000000
   6780.    0.000000
   6785.    0.000000
   6790.    0.000000
   6795.    0.000000
   6800.    0.000000
   6805.    0.000000
   6810.    0.000000
   6815.    0.000000
   6820.    0.000000
   6825.    0.000000
   6830.    0.000000
   6835.    0.000000
   6840.    0.000000
   6845.    0.000000
   6850.    0.000000
   6855.    0.000000
   6860.    0.000000
   6865.    0.000000
   6870.    0.000000
   6875.    0.000000
   6880.    0.000000
   6885.    0.000000
   6890.    0.000000
   6895.    0.000000
   6900.    0.000000
   6905.    0.000000
   6910.    0.000000
   6915.    0.000000
   6920.    0.000000
   6925.    0.000000
   6930.    0.000000
   6935.    0.000000
   6940.    0.000000
   6945.    0.000000
   6950.    0.000000
   6955.    0.000000
   6960.    0.000000
   6965.    0.000000
   6970.    0.000000
   6975.    0.000000
   6980.    0.000000
   6985.    0.000000
   6990.    0.000000
   6995.    0.000000
   7000.    0.000000
   7005.    0.000000
   7010.    0.000000
   7015.    0.000000
   7020.    0.000000
   7025.    0.000000
   7030.    0.000000
   7035.    0.000000
   7040.    0.000000
   7045.    0.000000
   7050.    0.000000
   7055.    0.000000
   7060.    0.000000
   7065.    0.000000
   7070.    0.000000
   7075.    0.000000
   7080.    0.000000
   7085.    0.000000
   7090.    0.000000
   7095.    0.000000
   7100.    0.000000
   7105.    0.000000
   7110.    0.000000
   7115.    0.000000
   7120.    0.000000
   7125.    0.000000
   7130.    0.000000
   7135.    0.000000
   7140.    0.000000
   7145.    0.000000
   7150.    0.000000
   7155.    0.000000
   7160.    0.000000
   7165.    0.000000
   7170.    0.000000
   7175.    0.000000
   7180.    0.000000
   7185.    0.000000
   7190.    0.000000
   7195.    0.000000
   7200.    0.000000
   7205.    0.000000
   7210.    0.000000
   7215.    0.000058
   7220.    0.000000
   7225.    0.000000
   7230.    0.000000
   7235.    0.000000
   7240.    0.000000
   7245.    0.000000
   7250.    0.000000
   7255.    0.000000
   7260.    0.000000
   7265.    0.000000
   7270.    0.000000
   7275.    0.000000
   7280.    0.000000
   7285.    0.000058
   7290.    0.000057
   7295.    0.000000
   7300.    0.000057
   7305.    0.000000
   7310.    0.000057
   7315.    0.000057
   7320.    0.000057
   7325.    0.000057
   7330.    0.000057
   7335.    0.000057
   7340.    0.000057
   7345.    0.000000
   7350.    0.000057
   7355.    0.000057
   7360.    0.000057
   7365.    0.000057
   7370.    0.000057
   7375.    0.000057
   7380.    0.000057
   7385.    0.000057
   7390.    0.000057
   7395.    0.000057
   7400.    0.000057
   7405.    0.000056
   7410.    0.000056
   7415.    0.000056
   7420.    0.000056
   7425.    0.000056
   7430.    0.000056
   7435.    0.000056
   7440.    0.000056
   7445.    0.000056
   7450.    0.000056
   7455.    0.000056
   7460.    0.000056
   7465.    0.000055
   7470.    0.000055
   7475.    0.000055
   7480.    0.000055
   7485.    0.000055
   7490.    0.000055
   7495.    0.000055
   7500.    0.000055
   7505.    0.000055
   7510.    0.000055
   7515.    0.000055
   7520.    0.000055
   7525.    0.000054
   7530.    0.000054
   7535.    0.000054
   7540.    0.000054
   7545.    0.000054
   7550.    0.000054
   7555.    0.000054
   7560.    0.000054
   7565.    0.000054
   7570.    0.000054
   7575.    0.000054
   7580.    0.000107
   7585.    0.000053
   7590.    0.000107
   7595.    0.000107
   7600.    0.000106
   7605.    0.000106
   7610.    0.000106
   7615.    0.000106
   7620.    0.000106
   7625.    0.000105
   7630.    0.000105
   7635.    0.000105
   7640.    0.000105
   7645.    0.000105
   7650.    0.000105
   7655.    0.000104
   7660.    0.000156
   7665.    0.000156
   7670.    0.000156
   7675.    0.000156
   7680.    0.000155
   7685.    0.000155
   7690.    0.000155
   7695.    0.000155
   7700.    0.000154
   7705.    0.000205
   7710.    0.000205
   7715.    0.000205
   7720.    0.000204
   7725.    0.000204
   7730.    0.000204
   7735.    0.000254
   7740.    0.000254
   7745.    0.000253
   7750.    0.000253
   7755.    0.000303
   7760.    0.000302
   7765.    0.000302
   7770.    0.000301
   7775.    0.000351
   7780.    0.000350
   7785.    0.000350
   7790.    0.000399
   7795.    0.000398
   7800.    0.000447
   7805.    0.000446
   7810.    0.000445
   7815.    0.000493
   7820.    0.000492
   7825.    0.000540
   7830.    0.000587
   7835.    0.000586
   7840.    0.000633
   7845.    0.000680
   7850.    0.000678
   7855.    0.000725
   7860.    0.000771
   7865.    0.000817
   7870.    0.000863
   7875.    0.000908
   7880.    0.000954
   7885.    0.001046
   7890.    0.001091
   7895.    0.001136
   7900.    0.001227
   7905.    0.001318
   7910.    0.001361
   7915.    0.001451
   7920.    0.001541
   7925.    0.001630
   7930.    0.001765
   7935.    0.001853
   7940.    0.001986
   7945.    0.002119
   7950.    0.002251
   7955.    0.002428
   7960.    0.002559
   7965.    0.002734
   7970.    0.002954
   7975.    0.003173
   7980.    0.003390
   7985.    0.003606
   7990.    0.003911
   7995.    0.005066
   8000.    0.005455
   8005.    0.005846
   8010.    0.006280
   8015.    0.006713
   8020.    0.007233
   8025.    0.007795
   8030.    0.008444
   8035.    0.009134
   8040.    0.009866
   8045.    0.010594
   8050.    0.011452
   8055.    0.012394
   8060.    0.013551
   8065.    0.014747
   8070.    0.015982
   8075.    0.017300
   8080.    0.018785
   8085.    0.020482
   8090.    0.022475
   8095.    0.024633
   8100.    0.026912
   8105.    0.029326
   8110.    0.031812
   8115.    0.034625
   8120.    0.037932
   8125.    0.041687
   8130.    0.045462
   8135.    0.049469
   8140.    0.053704
   8145.    0.058377
   8150.    0.063440
   8155.    0.069391
   8160.    0.075556
   8165.    0.081810
   8170.    0.088192
   8175.    0.094989
   8180.    0.102403
   8185.    0.110552
   8190.    0.119184
   8195.    0.127804
   8200.    0.136209
   8205.    0.144807
   8210.    0.153594
   8215.    0.163173
   8220.    0.173496
   8225.    0.183077
   8230.    0.192277
   8235.    0.201221
   8240.    0.210505
   8245.    0.219653
   8250.    0.229215
   8255.    0.238284
   8260.    0.246666
   8265.    0.254410
   8270.    0.261868
   8275.    0.269278
   8280.    0.276560
   8285.    0.283484
   8290.    0.289513
   8295.    0.294773
   8300.    0.299613
   8305.    0.303789
   8310.    0.307882
   8315.    0.311327
   8320.    0.314318
   8325.    0.316600
   8330.    0.318403
   8335.    0.319958
   8340.    0.321265
   8345.    0.322405
   8350.    0.323008
   8355.    0.323230
   8360.    0.323220
   8365.    0.322982
   8370.    0.322589
   8375.    0.322045
   8380.    0.321350
   8385.    0.320472
   8390.    0.319518
   8395.    0.318422
   8400.    0.317323
   8405.    0.316554
   8410.    0.315714
   8415.    0.314873
   8420.    0.313996
   8425.    0.313121
   8430.    0.312314
   8435.    0.311470
   8440.    0.310692
   8445.    0.309880
   8450.    0.309134
   8455.    0.308389
   8460.    0.307607
   8465.    0.306958
   8470.    0.306305
   8475.    0.305686
   8480.    0.305064
   8485.    0.304372
   8490.    0.303743
   8495.    0.303113
   8500.    0.302513
   8505.    0.301911
   8510.    0.301306
   8515.    0.300631
   8520.    0.299986
   8525.    0.299308
   8530.    0.298595
   8535.    0.297912
   8540.    0.297163
   8545.    0.296346
   8550.    0.295528
   8555.    0.294678
   8560.    0.293764
   8565.    0.292848
   8570.    0.291899
   8575.    0.290889
   8580.    0.289879
   8585.    0.288807
   8590.    0.287734
   8595.    0.286569
   8600.    0.285435
   8605.    0.284211
   8610.    0.282987
   8615.    0.281767
   8620.    0.280487
   8625.    0.279208
   8630.    0.277840
   8635.    0.276506
   8640.    0.275143
   8645.    0.273813
   8650.    0.272484
   8655.    0.271070
   8660.    0.269629
   8665.    0.268221
   8670.    0.266815
   8675.    0.265383
   8680.    0.264012
   8685.    0.262613
   8690.    0.261159
   8695.    0.259768
   8700.    0.258350
   8705.    0.256963
   8710.    0.255605
   8715.    0.254251
   8720.    0.252843
   8725.    0.251522
   8730.    0.250147
   8735.    0.248857
   8740.    0.247542
   8745.    0.246282
   8750.    0.245024
   8755.    0.243715
   8760.    0.242516
   8765.    0.241290
   8770.    0.240091
   8775.    0.238894
   8780.    0.237725
   8785.    0.236530
   8790.    0.235415
   8795.    0.234247
   8800.    0.233158
   8805.    0.232069
   8810.    0.230980
   8815.    0.229892
   8820.    0.228854
   8825.    0.227791
   8830.    0.226779
   8835.    0.225715
   8840.    0.224725
   8845.    0.223710
   8850.    0.222744
   8855.    0.221752
   8860.    0.220759
   8865.    0.219791
   8870.    0.218821
   8875.    0.217873
   8880.    0.216900
   8885.    0.215950
   8890.    0.214998
   8895.    0.214044
   8900.    0.213088
   8905.    0.212133
   8910.    0.211176
   8915.    0.210240
   8920.    0.209279
   8925.    0.208317
   8930.    0.207352
   8935.    0.206363
   8940.    0.205396
   8945.    0.204428
   8950.    0.203435
   8955.    0.202463
   8960.    0.201445
   8965.    0.200448
   8970.    0.199428
   8975.    0.198385
   8980.    0.197363
   8985.    0.196318
   8990.    0.195271
   8995.    0.194225
   9000.    0.191860
   9005.    0.189493
   9010.    0.189437
   9015.    0.188059
   9020.    0.185951
   9025.    0.185544
   9030.    0.186768
   9035.    0.189823
   9040.    0.190320
   9045.    0.188727
   9050.    0.187632
   9055.    0.186007
   9060.    0.184160
   9065.    0.180493
   9070.    0.174858
   9075.    0.172303
   9080.    0.173075
   9085.    0.172222
   9090.    0.171996
   9095.    0.171792
   9100.    0.169726
   9105.    0.168022
   9110.    0.168401
   9115.    0.169467
   9120.    0.167055
   9125.    0.166543
   9130.    0.163789
   9135.    0.159686
   9140.    0.160593
   9145.    0.164310
   9150.    0.162688
   9155.    0.156332
   9160.    0.156288
   9165.    0.160627
   9170.    0.159998
   9175.    0.155513
   9180.    0.154771
   9185.    0.156559
   9190.    0.157252
   9195.    0.156584
   9200.    0.156216
   9205.    0.156337
   9210.    0.154790
   9215.    0.152631
   9220.    0.151104
   9225.    0.150727
   9230.    0.149716
   9235.    0.148054
   9240.    0.146346
   9245.    0.144792
   9250.    0.143508
   9255.    0.142897
   9260.    0.141872
   9265.    0.140731
   9270.    0.139915
   9275.    0.137324
   9280.    0.133435
   9285.    0.131305
   9290.    0.130001
   9295.    0.127044
   9300.    0.122721
   9305.    0.119782
   9310.    0.115872
   9315.    0.110585
   9320.    0.104656
   9325.    0.102484
   9330.    0.102824
   9335.    0.100581
   9340.    0.093747
   9345.    0.088071
   9350.    0.094914
   9355.    0.095411
   9360.    0.090940
   9365.    0.096243
   9370.    0.093551
   9375.    0.092610
   9380.    0.093632
   9385.    0.095013
   9390.    0.102599
   9395.    0.110391
   9400.    0.110094
   9405.    0.107471
   9410.    0.105319
   9415.    0.103807
   9420.    0.103476
   9425.    0.098541
   9430.    0.090890
   9435.    0.093696
   9440.    0.088660
   9445.    0.085167
   9450.    0.095268
   9455.    0.095174
   9460.    0.088596
   9465.    0.090325
   9470.    0.094983
   9475.    0.095209
   9480.    0.091150
   9485.    0.090134
   9490.    0.095528
   9495.    0.089630
   9500.    0.081437
   9505.    0.085045
   9510.    0.094417
   9515.    0.093768
   9520.    0.085914
   9525.    0.083838
   9530.    0.087977
   9535.    0.090853
   9540.    0.089109
   9545.    0.085131
   9550.    0.085589
   9555.    0.085575
   9560.    0.084549
   9565.    0.083674
   9570.    0.082752
   9575.    0.086874
   9580.    0.086282
   9585.    0.083331
   9590.    0.080715
   9595.    0.079487
   9600.    0.082592
   9605.    0.083664
   9610.    0.083752
   9615.    0.084304
   9620.    0.082042
   9625.    0.079946
   9630.    0.081532
   9635.    0.081829
   9640.    0.078667
   9645.    0.077646
   9650.    0.078608
   9655.    0.080211
   9660.    0.078835
   9665.    0.076560
   9670.    0.076833
   9675.    0.078034
   9680.    0.077822
   9685.    0.076971
   9690.    0.077220
   9695.    0.076654
   9700.    0.075265
   9705.    0.074632
   9710.    0.074824
   9715.    0.074153
   9720.    0.073499
   9725.    0.073072
   9730.    0.072615
   9735.    0.071565
   9740.    0.070432
   9745.    0.070166
   9750.    0.069833
   9755.    0.069310
   9760.    0.068744
   9765.    0.068913
   9770.    0.069680
   9775.    0.069703
   9780.    0.068720
   9785.    0.068002
   9790.    0.067768
   9795.    0.067124
   9800.    0.066826
   9805.    0.066257
   9810.    0.066190
   9815.    0.065588
   9820.    0.064580
   9825.    0.063467
   9830.    0.062608
   9835.    0.062101
   9840.    0.061436
   9845.    0.060466
   9850.    0.059507
   9855.    0.058809
   9860.    0.058131
   9865.    0.057281
   9870.    0.056329
   9875.    0.055402
   9880.    0.054598
   9885.    0.053808
   9890.    0.052937
   9895.    0.052024
   9900.    0.051109
   9905.    0.050681
   9910.    0.050263
   9915.    0.049831
   9920.    0.049383
   9925.    0.048907
   9930.    0.048431
   9935.    0.048019
   9940.    0.047592
   9945.    0.047156
   9950.    0.046710
   9955.    0.046256
   9960.    0.045812
   9965.    0.045372
   9970.    0.044918
   9975.    0.044480
   9980.    0.044033
   9985.    0.043590
   9990.    0.043148
   9995.    0.042697
  10000.    0.042260
  10005.    0.041832
  10010.    0.041391
  10015.    0.040918
  10020.    0.040451
  10025.    0.040036
  10030.    0.039641
  10035.    0.039218
  10040.    0.038772
  10045.    0.038346
  10050.    0.037923
  10055.    0.037486
  10060.    0.037060
  10065.    0.036642
  10070.    0.036217
  10075.    0.035784
  10080.    0.035352
  10085.    0.034924
  10090.    0.034478
  10095.    0.034044
  10100.    0.033644
  10105.    0.033243
  10110.    0.032832
  10115.    0.032408
  10120.    0.031981
  10125.    0.031569
  10130.    0.031161
  10135.    0.030747
  10140.    0.030329
  10145.    0.029911
  10150.    0.029496
  10155.    0.029078
  10160.    0.028666
  10165.    0.028253
  10170.    0.027838
  10175.    0.027425
  10180.    0.027020
  10185.    0.026607
  10190.    0.026183
  10195.    0.025764
  10200.    0.025363
  10205.    0.024956
  10210.    0.024544
  10215.    0.024131
  10220.    0.023718
  10225.    0.023307
  10230.    0.022892
  10235.    0.022471
  10240.    0.022055
  10245.    0.021660
  10250.    0.021255
  10255.    0.020840
  10260.    0.020428
  10265.    0.020017
  10270.    0.019602
  10275.    0.019189
  10280.    0.018779
  10285.    0.018368
  10290.    0.017952
  10295.    0.017538
  10300.    0.017125
  10305.    0.017140
  10310.    0.017151
  10315.    0.017164
  10320.    0.017177
  10325.    0.017192
  10330.    0.017207
  10335.    0.017220
  10340.    0.017235
  10345.    0.017250
  10350.    0.017263
  10355.    0.017276
  10360.    0.017289
  10365.    0.017304
  10370.    0.017319
  10375.    0.017334
  10380.    0.017349
  10385.    0.017361
  10390.    0.017376
  10395.    0.017389
  10400.    0.017406
  10405.    0.016987
  10410.    0.016564
  10415.    0.016140
  10420.    0.015717
  10425.    0.015294
  10430.    0.014868
  10435.    0.014443
  10440.    0.014017
  10445.    0.013589
  10450.    0.013159
  10455.    0.012730
  10460.    0.012301
  10465.    0.011872
  10470.    0.011439
  10475.    0.011008
  10480.    0.010574
  10485.    0.010141
  10490.    0.009704
  10495.    0.009268
  10500.    0.008834
  10505.    0.000000