3500 0.0296
3510 0.0302
3520 0.0309
3530 0.0316
3540 0.0323
3550 0.0331
3560 0.0338
3570 0.0345
3580 0.0353
3590 0.0361
3600 0.0369
3610 0.0377
3620 0.0385
3630 0.0394
3640 0.0403
3650 0.0412
3660 0.0421
3670 0.0430
3680 0.0439
3690 0.0449
3700 0.0459
3710 0.0469
3720 0.0479
3730 0.0490
3740 0.0500
3750 0.0511
3760 0.0522
3770 0.0533
3780 0.0544
3790 0.0556
3800 0.0568
3810 0.0579
3820 0.0591
3830 0.0603
3840 0.0616
3850 0.0628
3860 0.0640
3870 0.0653
3880 0.0666
3890 0.0679
3900 0.0692
3910 0.0704
3920 0.0717
3930 0.0730
3940 0.0743
3950 0.0757
3960 0.0770
3970 0.0784
3980 0.0798
3990 0.0812
4000 0.0826
4010 0.0841
4020 0.0857
4030 0.0872
4040 0.0889
4050 0.0905
4060 0.0922
4070 0.0939
4080 0.0956
4090 0.0974
4100 0.0993
4110 0.1011
4120 0.1030
4130 0.1050
4140 0.1070
4150 0.1090
4160 0.1111
4170 0.1131
4180 0.1153
4190 0.1175
4200 0.1197
4210 0.1221
4220 0.1246
4230 0.1271
4240 0.1295
4250 0.1319
4260 0.1343
4270 0.1367
4280 0.1391
4290 0.1415
4300 0.1438
4310 0.1460
4320 0.1481
4330 0.1503
4340 0.1524
4350 0.1544
4360 0.1565
4370 0.1585
4380 0.1605
4390 0.1625
4400 0.1644
4410 0.1665
4420 0.1685
4430 0.1705
4440 0.1725
4450 0.1745
4460 0.1764
4470 0.1783
4480 0.1801
4490 0.1819
4500 0.1837
4510 0.1852
4520 0.1867
4530 0.1881
4540 0.1895
4550 0.1908
4560 0.1921
4570 0.1933
4580 0.1945
4590 0.1957
4600 0.1968
4610 0.1980
4620 0.1992
4630 0.2003
4640 0.2015
4650 0.2026
4660 0.2036
4670 0.2047
4680 0.2057
4690 0.2067
4700 0.2077
4710 0.2086
4720 0.2095
4730 0.2104
4740 0.2113
4750 0.2121
4760 0.2130
4770 0.2138
4780 0.2146
4790 0.2155
4800 0.2163
4810 0.2172
4820 0.2182
4830 0.2191
4840 0.2201
4850 0.2210
4860 0.2219
4870 0.2229
4880 0.2238
4890 0.2247
4900 0.2256
4910 0.2264
4920 0.2272
4930 0.2280
4940 0.2287
4950 0.2295
4960 0.2303
4970 0.2310
4980 0.2318
4990 0.2325
5000 0.2333
5010 0.2341
5020 0.2349
5030 0.2357
5040 0.2365
5050 0.2373
5060 0.2381
5070 0.2389
5080 0.2397
5090 0.2405
5100 0.2413
5110 0.2421
5120 0.2428
5130 0.2436
5140 0.2443
5150 0.2451
5160 0.2459
5170 0.2467
5180 0.2475
5190 0.2483
5200 0.2491
5210 0.2500
5220 0.2509
5230 0.2519
5240 0.2528
5250 0.2538
5260 0.2548
5270 0.2558
5280 0.2568
5290 0.2578
5300 0.2589
5310 0.2599
5320 0.2610
5330 0.2621
5340 0.2632
5350 0.2643
5360 0.2654
5370 0.2665
5380 0.2676
5390 0.2687
5400 0.2699
5410 0.2711
5420 0.2723
5430 0.2735
5440 0.2746
5450 0.2758
5460 0.2770
5470 0.2782
5480 0.2794
5490 0.2806
5500 0.2817
5510 0.2829
5520 0.2840
5530 0.2851
5540 0.2862
5550 0.2872
5560 0.2882
5570 0.2892
5580 0.2901
5590 0.2910
5600 0.2918
5610 0.2924
5620 0.2929
5630 0.2934
5640 0.2938
5650 0.2942
5660 0.2946
5670 0.2950
5680 0.2953
5690 0.2956
5700 0.2959
5710 0.2964
5720 0.2968
5730 0.2973
5740 0.2978
5750 0.2982
5760 0.2987
5770 0.2992
5780 0.2997
5790 0.3002
5800 0.3007
5810 0.3012
5820 0.3017
5830 0.3022
5840 0.3028
5850 0.3033
5860 0.3039
5870 0.3045
5880 0.3051
5890 0.3057
5900 0.3064
5910 0.3071
5920 0.3078
5930 0.3085
5940 0.3092
5950 0.3100
5960 0.3108
5970 0.3116
5980 0.3125
5990 0.3133
6000 0.3142
6010 0.3151
6020 0.3160
6030 0.3170
6040 0.3180
6050 0.3189
6060 0.3199
6070 0.3209
6080 0.3219
6090 0.3229
6100 0.3239
6110 0.3248
6120 0.3258
6130 0.3267
6140 0.3277
6150 0.3286
6160 0.3295
6170 0.3304
6180 0.3314
6190 0.3323
6200 0.3332
6210 0.3340
6220 0.3349
6230 0.3357
6240 0.3365
6250 0.3374
6260 0.3382
6270 0.3390
6280 0.3398
6290 0.3407
6300 0.3415
6310 0.3423
6320 0.3432
6330 0.3441
6340 0.3449
6350 0.3458
6360 0.3466
6370 0.3475
6380 0.3484
6390 0.3492
6400 0.3501
6410 0.3509
6420 0.3517
6430 0.3526
6440 0.3534
6450 0.3542
6460 0.3551
6470 0.3559
6480 0.3567
6490 0.3576
6500 0.3584
6510 0.3592
6520 0.3601
6530 0.3609
6540 0.3617
6550 0.3626
6560 0.3634
6570 0.3642
6580 0.3650
6590 0.3658
6600 0.3666
6610 0.3674
6620 0.3682
6630 0.3689
6640 0.3697
6650 0.3704
6660 0.3712
6670 0.3719
6680 0.3726
6690 0.3733
6700 0.3740
6710 0.3747
6720 0.3754
6730 0.3761
6740 0.3776
6750 0.3805
6760 0.3789
6770 0.3792
6780 0.3798
6790 0.3805
6800 0.3812
6810 0.3821
6820 0.3832
6830 0.3844
6840 0.3855
6850 0.3818
6860 0.3501
6870 0.3202
6880 0.3198
6890 0.3283
6900 0.3406
6910 0.3555
6920 0.3676
6930 0.3742
6940 0.3777
6950 0.3802
6960 0.3839
6970 0.3862
6980 0.3866
6990 0.3849
7000 0.3839
7010 0.3845
7020 0.3852
7030 0.3860
7040 0.3868
7050 0.3870
7060 0.3869
7070 0.3878
7080 0.3889
7090 0.3895
7100 0.3896
7110 0.3892
7120 0.3889
7130 0.3888
7140 0.3882
7150 0.3864
7160 0.3793
7170 0.3670
7180 0.3552
7190 0.3494
7200 0.3542
7210 0.3648
7220 0.3740
7230 0.3664
7240 0.3597
7250 0.3600
7260 0.3614
7270 0.3629
7280 0.3638
7290 0.3652
7300 0.3671
7310 0.3697
7320 0.3738
7330 0.3791
7340 0.3815
7350 0.3821
7360 0.3825
7370 0.3832
7380 0.3842
7390 0.3852
7400 0.3860
7410 0.3862
7420 0.3862
7430 0.3861
7440 0.3860
7450 0.3859
7460 0.3857
7470 0.3851
7480 0.3852
7490 0.3862
7500 0.3865
7510 0.3861
7520 0.3853
7530 0.3846
7540 0.3841
7550 0.3840
7560 0.3859
7570 0.3836
7580 0.3568
7590 0.2829
7600 0.1601
7610 0.1347
7620 0.1807
7630 0.1847
7640 0.2032
7650 0.2499
7660 0.2972
7670 0.3361
7680 0.3590
7690 0.3719
7700 0.3782
7710 0.3815
7720 0.3830
7730 0.3837
7740 0.3840
7750 0.3825
7760 0.3784
7770 0.3744
7780 0.3729
7790 0.3782
7800 0.3822
7810 0.3820
7820 0.3816
7830 0.3811
7840 0.3808
7850 0.3801
7860 0.3790
7870 0.3772
7880 0.3752
7890 0.3735
7900 0.3736
7910 0.3746
7920 0.3752
7930 0.3757
7940 0.3758
7950 0.3746
7960 0.3741
7970 0.3748
7980 0.3751
7990 0.3748
8000 0.3737
8010 0.3732
8020 0.3734
8030 0.3735
8040 0.3739
8050 0.3745
8060 0.3744
8070 0.3737
8080 0.3729
8090 0.3722
8100 0.3713
8110 0.3695
8120 0.3654
8130 0.3585
8140 0.3508
8150 0.3430
8160 0.3364
8170 0.3345
8180 0.3369
8190 0.3408
8200 0.3465
8210 0.3507
8220 0.3380
8230 0.3287
8240 0.3418
8250 0.3516
8260 0.3537
8270 0.3497
8280 0.3463
8290 0.3462
8300 0.3490
8310 0.3516
8320 0.3515
8330 0.3531
8340 0.3563
8350 0.3588
8360 0.3603
8370 0.3608
8380 0.3614
8390 0.3620
8400 0.3624
8410 0.3627
8420 0.3629
8430 0.3628
8440 0.3629
8450 0.3631
8460 0.3629
8470 0.3625
8480 0.3625
8490 0.3623
8500 0.3619
8510 0.3612
8520 0.3605
8530 0.3597
8540 0.3592
8550 0.3589
8560 0.3589
8570 0.3592
8580 0.3595
8590 0.3599
8600 0.3600
8610 0.3598
8620 0.3597
8630 0.3595
8640 0.3591
8650 0.3587
8660 0.3585
8670 0.3588
8680 0.3589
8690 0.3585
8700 0.3581
8710 0.3573
8720 0.3558
8730 0.3542
8740 0.3527
8750 0.3517
8760 0.3510
8770 0.3504
8780 0.3500
8790 0.3494
8800 0.3485
8810 0.3468
8820 0.3446
8830 0.3422
8840 0.3401
8850 0.3386
8860 0.3373
8870 0.3363
8880 0.3354
8890 0.3347
8900 0.3336
8910 0.3310
8920 0.3274
8930 0.3230
8940 0.3181
8950 0.3125
8960 0.3059
8970 0.2977
8980 0.2894
8990 0.2841
9000 0.2813
9010 0.2812
9020 0.2848
9030 0.2914
9040 0.2996
9050 0.3002
9060 0.2927
9070 0.2796
9080 0.2716
9090 0.2720
9100 0.2734
9110 0.2738
9120 0.2716
9130 0.2682
9140 0.2644
9150 0.2611
9160 0.2619
9170 0.2667
9180 0.2685
9190 0.2699
9200 0.2737
9210 0.2747
9220 0.2729
9230 0.2709
9240 0.2686
9250 0.2657
9260 0.2604
9270 0.2533
9280 0.2447
9290 0.2301
9300 0.2097
9310 0.1848
9320 0.1625
9330 0.1463
9340 0.1364
9350 0.1334
9360 0.1377
9370 0.1414
9380 0.1471
9390 0.1687
9400 0.1805
9410 0.1740
9420 0.1614
9430 0.1499
9440 0.1452
9450 0.1451
9460 0.1476
9470 0.1495
9480 0.1492
9490 0.1472
9500 0.1500
9510 0.1532
9520 0.1522
9530 0.1509
9540 0.1510
9550 0.1562
9560 0.1583
9570 0.1551
9580 0.1526
9590 0.1522
9600 0.1545
9610 0.1549
9620 0.1536
9630 0.1540
9640 0.1531
9650 0.1510
9660 0.1534
9670 0.1576
9680 0.1606
9690 0.1616
9700 0.1603
9710 0.1571
9720 0.1528
9730 0.1483
9740 0.1442
9750 0.1413
9760 0.1401
9770 0.1405
9780 0.1409
9790 0.1378
9800 0.1359
9810 0.1363
9820 0.1362
9830 0.1353
9840 0.1335
9850 0.1326
9860 0.1320
9870 0.1288
9880 0.1262
9890 0.1250
9900 0.1232
9910 0.1215
9920 0.1203
9930 0.1179
9940 0.1150
9950 0.1136
9960 0.1123
9970 0.1106
9980 0.1086
9990 0.1064
10000 0.1042
10010 0.1027
10020 0.1016
10030 0.0993
10040 0.0970
10050 0.0949
10060 0.0929
10070 0.0911
10080 0.0894
10090 0.0877
10100 0.0858
10110 0.0828
10120 0.0800
10130 0.0780
10140 0.0770
10150 0.0758
10160 0.0732
10170 0.0712
10180 0.0698
10190 0.0681
10200 0.0663
10210 0.0645
10220 0.0628
10230 0.0611
10240 0.0593
10250 0.0576
10260 0.0558
10270 0.0541
10280 0.0525
10290 0.0510
10300 0.0483
10310 0.0459
10320 0.0452
10330 0.0441
10340 0.0423
10350 0.0407
10360 0.0391
10370 0.0376
10380 0.0363
10390 0.0349
10400 0.0337
10410 0.0327
10420 0.0317
10430 0.0308
10440 0.0300
10450 0.0292
10460 0.0285
10470 0.0278
10480 0.0272
10490 0.0266
10500 0.0261
10510 0.0254
10520 0.0248
10530 0.0242
10540 0.0235
10550 0.0230
10560 0.0224
10570 0.0218
10580 0.0213
10590 0.0207
10600 0.0202
10610 0.0197
10620 0.0192
10630 0.0187
10640 0.0182
10650 0.0178
10660 0.0173
10670 0.0169
10680 0.0164
10690 0.0160
10700 0.0156
10710 0.0152
10720 0.0148
10730 0.0145
10740 0.0141
10750 0.0137
10760 0.0134
10770 0.0131
10780 0.0127
10790 0.0124
10800 0.0121
10810 0.0118
10820 0.0114
10830 0.0111
10840 0.0108
10850 0.0106
10860 0.0103
10870 0.0100
10880 0.0097
10890 0.0095
10900 0.0092
10910 0.0090
10920 0.0088
10930 0.0085
10940 0.0083
10950 0.0081
10960 0.0079
10970 0.0077
10980 0.0075
10990 0.0073
11000 0.0072
