3500 0.0000
3510 0.0000
3520 0.0000
3530 0.0000
3540 0.0000
3550 0.0000
3560 0.0000
3570 0.0000
3580 0.0000
3590 0.0000
3600 0.0000
3610 0.0000
3620 0.0000
3630 0.0000
3640 0.0000
3650 0.0000
3660 0.0000
3670 0.0000
3680 0.0000
3690 0.0000
3700 0.0000
3710 0.0000
3720 0.0000
3730 0.0000
3740 0.0000
3750 0.0000
3760 0.0000
3770 0.0000
3780 0.0000
3790 0.0000
3800 0.0000
3810 0.0000
3820 0.0000
3830 0.0000
3840 0.0000
3850 0.0000
3860 0.0000
3870 0.0000
3880 0.0000
3890 0.0000
3900 0.0031
3910 0.0029
3920 0.0028
3930 0.0028
3940 0.0028
3950 0.0030
3960 0.0035
3970 0.0043
3980 0.0058
3990 0.0085
4000 0.0129
4010 0.0195
4020 0.0286
4030 0.0399
4040 0.0515
4050 0.0622
4060 0.0711
4070 0.0781
4080 0.0826
4090 0.0855
4100 0.0876
4110 0.0901
4120 0.0929
4130 0.0958
4140 0.0984
4150 0.1009
4160 0.1032
4170 0.1053
4180 0.1072
4190 0.1089
4200 0.1105
4210 0.1120
4220 0.1141
4230 0.1158
4240 0.1180
4250 0.1199
4260 0.1226
4270 0.1254
4280 0.1284
4290 0.1307
4300 0.1337
4310 0.1366
4320 0.1400
4330 0.1428
4340 0.1456
4350 0.1481
4360 0.1509
4370 0.1531
4380 0.1549
4390 0.1568
4400 0.1587
4410 0.1604
4420 0.1618
4430 0.1633
4440 0.1650
4450 0.1671
4460 0.1686
4470 0.1702
4480 0.1714
4490 0.1734
4500 0.1748
4510 0.1767
4520 0.1782
4530 0.1801
4540 0.1808
4550 0.1820
4560 0.1829
4570 0.1849
4580 0.1866
4590 0.1882
4600 0.1893
4610 0.1906
4620 0.1913
4630 0.1927
4640 0.1947
4650 0.1965
4660 0.1978
4670 0.1990
4680 0.1996
4690 0.2005
4700 0.1974
4710 0.1978
4720 0.1976
4730 0.1977
4740 0.1970
4750 0.1962
4760 0.1960
4770 0.1960
4780 0.1976
4790 0.2004
4800 0.2036
4810 0.2069
4820 0.2095
4830 0.2116
4840 0.2128
4850 0.2136
4860 0.2138
4870 0.2142
4880 0.2152
4890 0.2164
4900 0.2181
4910 0.2196
4920 0.2200
4930 0.2200
4940 0.2201
4950 0.2206
4960 0.2220
4970 0.2235
4980 0.2242
4990 0.2240
5000 0.2235
5010 0.2230
5020 0.2241
5030 0.2254
5040 0.2271
5050 0.2286
5060 0.2303
5070 0.2306
5080 0.2305
5090 0.2303
5100 0.2317
5110 0.2330
5120 0.2340
5130 0.2344
5140 0.2343
5150 0.2337
5160 0.2338
5170 0.2341
5180 0.2348
5190 0.2362
5200 0.2384
5210 0.2402
5220 0.2420
5230 0.2440
5240 0.2453
5250 0.2468
5260 0.2483
5270 0.2496
5280 0.2508
5290 0.2520
5300 0.2535
5310 0.2544
5320 0.2559
5330 0.2568
5340 0.2578
5350 0.2585
5360 0.2595
5370 0.2605
5380 0.2613
5390 0.2619
5400 0.2631
5410 0.2648
5420 0.2666
5430 0.2677
5440 0.2686
5450 0.2694
5460 0.2707
5470 0.2715
5480 0.2723
5490 0.2734
5500 0.2748
5510 0.2764
5520 0.2777
5530 0.2785
5540 0.2788
5550 0.2794
5560 0.2801
5570 0.2809
5580 0.2819
5590 0.2832
5600 0.2846
5610 0.2850
5620 0.2854
5630 0.2857
5640 0.2852
5650 0.2854
5660 0.2861
5670 0.2867
5680 0.2873
5690 0.2876
5700 0.2881
5710 0.2885
5720 0.2887
5730 0.2894
5740 0.2897
5750 0.2902
5760 0.2905
5770 0.2911
5780 0.2918
5790 0.2920
5800 0.2930
5810 0.2938
5820 0.2946
5830 0.2949
5840 0.2952
5850 0.2950
5860 0.2949
5870 0.2947
5880 0.2947
5890 0.2957
5900 0.2964
5910 0.2979
5920 0.2989
5930 0.2998
5940 0.3000
5950 0.3001
5960 0.2995
5970 0.2994
5980 0.2998
5990 0.3004
6000 0.3019
6010 0.3041
6020 0.3058
6030 0.3074
6040 0.3088
6050 0.3093
6060 0.3098
6070 0.3102
6080 0.3106
6090 0.3116
6100 0.3129
6110 0.3145
6120 0.3161
6130 0.3178
6140 0.3193
6150 0.3200
6160 0.3207
6170 0.3213
6180 0.3216
6190 0.3223
6200 0.3226
6210 0.3233
6220 0.3241
6230 0.3254
6240 0.3267
6250 0.3281
6260 0.3295
6270 0.3306
6280 0.3316
6290 0.3322
6300 0.3325
6310 0.3328
6320 0.3327
6330 0.3330
6340 0.3335
6350 0.3348
6360 0.3362
6370 0.3377
6380 0.3394
6390 0.3409
6400 0.3419
6410 0.3415
6420 0.3412
6430 0.3407
6440 0.3399
6450 0.3397
6460 0.3407
6470 0.3408
6480 0.3432
6490 0.3458
6500 0.3482
6510 0.3497
6520 0.3507
6530 0.3518
6540 0.3520
6550 0.3513
6560 0.3505
6570 0.3502
6580 0.3505
6590 0.3509
6600 0.3521
6610 0.3539
6620 0.3567
6630 0.3586
6640 0.3604
6650 0.3615
6660 0.3630
6670 0.3623
6680 0.3616
6690 0.3604
6700 0.3599
6710 0.3597
6720 0.3597
6730 0.3602
6740 0.3632
6750 0.3674
6760 0.3675
6770 0.3691
6780 0.3714
6790 0.3731
6800 0.3737
6810 0.3739
6820 0.3740
6830 0.3745
6840 0.3739
6850 0.3691
6860 0.3378
6870 0.3093
6880 0.3090
6890 0.3179
6900 0.3304
6910 0.3470
6920 0.3597
6930 0.3669
6940 0.3706
6950 0.3738
6960 0.3771
6970 0.3784
6980 0.3777
6990 0.3756
7000 0.3737
7010 0.3736
7020 0.3736
7030 0.3746
7040 0.3761
7050 0.3764
7060 0.3769
7070 0.3783
7080 0.3802
7090 0.3809
7100 0.3803
7110 0.3795
7120 0.3792
7130 0.3779
7140 0.3765
7150 0.3737
7160 0.3673
7170 0.3550
7180 0.3435
7190 0.3377
7200 0.3438
7210 0.3546
7220 0.3641
7230 0.3563
7240 0.3505
7250 0.3512
7260 0.3519
7270 0.3525
7280 0.3530
7290 0.3542
7300 0.3555
7310 0.3575
7320 0.3614
7330 0.3670
7340 0.3693
7350 0.3699
7360 0.3707
7370 0.3725
7380 0.3731
7390 0.3745
7400 0.3754
7410 0.3762
7420 0.3762
7430 0.3760
7440 0.3750
7450 0.3751
7460 0.3747
7470 0.3737
7480 0.3732
7490 0.3747
7500 0.3755
7510 0.3747
7520 0.3734
7530 0.3732
7540 0.3734
7550 0.3733
7560 0.3751
7570 0.3730
7580 0.3480
7590 0.2757
7600 0.1561
7610 0.1313
7620 0.1764
7630 0.1801
7640 0.1978
7650 0.2428
7660 0.2890
7670 0.3259
7680 0.3473
7690 0.3589
7700 0.3648
7710 0.3675
7720 0.3686
7730 0.3682
7740 0.3691
7750 0.3683
7760 0.3644
7770 0.3610
7780 0.3604
7790 0.3668
7800 0.3709
7810 0.3709
7820 0.3707
7830 0.3706
7840 0.3694
7850 0.3684
7860 0.3662
7870 0.3649
7880 0.3619
7890 0.3598
7900 0.3597
7910 0.3617
7920 0.3630
7930 0.3638
7940 0.3644
7950 0.3643
7960 0.3644
7970 0.3654
7980 0.3647
7990 0.3646
8000 0.3635
8010 0.3624
8020 0.3620
8030 0.3617
8040 0.3619
8050 0.3606
8060 0.3577
8070 0.3518
8080 0.3434
8090 0.3300
8100 0.3127
8110 0.2914
8120 0.2663
8130 0.2370
8140 0.2070
8150 0.1789
8160 0.1536
8170 0.1327
8180 0.1150
8190 0.0997
8200 0.0865
8210 0.0741
8220 0.0599
8230 0.0483
8240 0.0414
8250 0.0347
8260 0.0282
8270 0.0224
8280 0.0176
8290 0.0140
8300 0.0112
8310 0.0091
8320 0.0073
8330 0.0060
8340 0.0050
8350 0.0042
8360 0.0036
8370 0.0031
8380 0.0027
8390 0.0024
8400 0.0021
8410 0.0019
8420 0.0018
8430 0.0016
8440 0.0015
8450 0.0014
8460 0.0013
8470 0.0012
8480 0.0011
8490 0.0010
8500 0.0009
8510 0.0008
8520 0.0007
8530 0.0006
8540 0.0006
8550 0.0005
8560 0.0004
8570 0.0003
8580 0.0003
8590 0.0003
8600 0.0002
8610 0.0002
8620 0.0002
8630 0.0001
8640 0.0001
8650 0.0001
8660 0.0001
8670 0.0001
8680 0.0001
8690 0.0001
8700 0.0001
8710 0.0001
8720 0.0001
8730 0.0001
8740 0.0001
8750 0.0001
8760 0.0000
8770 0.0000
8780 0.0000
8790 0.0000
8800 0.0000
8810 0.0000
8820 0.0000
8830 0.0000
8840 0.0000
8850 0.0000
8860 0.0000
8870 0.0000
8880 0.0000
8890 0.0000
8900 0.0000
8910 0.0000
8920 0.0000
8930 0.0000
8940 0.0000
8950 0.0000
8960 0.0000
8970 0.0000
8980 0.0000
8990 0.0000
9000 0.0000
9010 0.0000
9020 0.0000
9030 0.0000
9040 0.0000
9050 0.0000
9060 0.0000
9070 0.0000
9080 0.0000
9090 0.0000
9100 0.0000
9110 0.0000
9120 0.0000
9130 0.0000
9140 0.0000
9150 0.0000
9160 0.0000
9170 0.0000
9180 0.0000
9190 0.0000
9200 0.0000
9210 0.0000
9220 0.0000
9230 0.0000
9240 0.0000
9250 0.0000
9260 0.0000
9270 0.0000
9280 0.0000
9290 0.0000
9300 0.0000
9310 0.0000
9320 0.0000
9330 0.0000
9340 0.0000
9350 0.0000
9360 0.0000
9370 0.0000
9380 0.0000
9390 0.0000
9400 0.0000
9410 0.0000
9420 0.0000
9430 0.0000
9440 0.0000
9450 0.0000
9460 0.0000
9470 0.0000
9480 0.0000
9490 0.0000
9500 0.0000
9510 0.0000
9520 0.0000
9530 0.0000
9540 0.0000
9550 0.0000
9560 0.0000
9570 0.0000
9580 0.0000
9590 0.0000
9600 0.0000
9610 0.0000
9620 0.0000
9630 0.0000
9640 0.0000
9650 0.0000
9660 0.0000
9670 0.0000
9680 0.0000
9690 0.0000
9700 0.0000
9710 0.0000
9720 0.0000
9730 0.0000
9740 0.0000
9750 0.0000
9760 0.0000
9770 0.0000
9780 0.0000
9790 0.0000
9800 0.0000
9810 0.0000
9820 0.0000
9830 0.0000
9840 0.0000
9850 0.0000
9860 0.0000
9870 0.0000
9880 0.0000
9890 0.0000
9900 0.0000
9910 0.0000
9920 0.0000
9930 0.0000
9940 0.0000
9950 0.0000
9960 0.0000
9970 0.0000
9980 0.0000
9990 0.0000
10000 0.0000
10010 0.0000
10020 0.0000
10030 0.0000
10040 0.0000
10050 0.0000
10060 0.0000
10070 0.0000
10080 0.0000
10090 0.0000
10100 0.0000
10110 0.0000
10120 0.0000
10130 0.0000
10140 0.0000
10150 0.0000
10160 0.0000
10170 0.0000
10180 0.0000
10190 0.0000
10200 0.0000
10210 0.0000
10220 0.0000
10230 0.0000
10240 0.0000
10250 0.0000
10260 0.0000
10270 0.0000
10280 0.0000
10290 0.0000
10300 0.0000
10310 0.0000
10320 0.0000
10330 0.0000
10340 0.0000
10350 0.0000
10360 0.0000
10370 0.0000
10380 0.0000
10390 0.0000
10400 0.0000
10410 0.0000
10420 0.0000
10430 0.0000
10440 0.0000
10450 0.0000
10460 0.0000
10470 0.0000
10480 0.0000
10490 0.0000
10500 0.0000
10510 0.0000
10520 0.0000
10530 0.0000
10540 0.0000
10550 0.0000
10560 0.0000
10570 0.0000
10580 0.0000
10590 0.0000
10600 0.0000
10610 0.0000
10620 0.0000
10630 0.0000
10640 0.0000
10650 0.0000
10660 0.0000
10670 0.0000
10680 0.0000
10690 0.0000
10700 0.0000
10710 0.0000
10720 0.0000
10730 0.0000
10740 0.0000
10750 0.0000
10760 0.0000
10770 0.0000
10780 0.0000
10790 0.0000
10800 0.0000
10810 0.0000
10820 0.0000
10830 0.0000
10840 0.0000
10850 0.0000
10860 0.0000
10870 0.0000
10880 0.0000
10890 0.0000
10900 0.0000
10910 0.0000
10920 0.0000
10930 0.0000
10940 0.0000
10950 0.0000
10960 0.0000
10970 0.0000
10980 0.0000
10990 0.0000
11000 0.0000
