 5502.0 8.291083418e-10
 5512.0 5.622868280e-10
 5522.0 8.597325002e-10
 5532.0 1.223546749e-09
 5542.0 1.320812559e-09
 5552.0 1.084399825e-09
 5562.0 1.025240065e-09
 5572.0 1.152346440e-09
 5582.0 6.713872889e-10
 5592.0 3.379330439e-10
 5602.0 4.539055512e-10
 5612.0 4.580913710e-10
 5622.0 6.378226267e-10
 5632.0 5.337588792e-10
 5642.0 9.804655997e-10
 5652.0 1.669838304e-09
 5662.0 2.080890637e-09
 5672.0 3.303080368e-09
 5682.0 3.617573284e-09
 5692.0 4.887947913e-09
 5702.0 3.441957115e-09
 5712.0 3.065119411e-09
 5722.0 1.914893667e-09
 5732.0 3.632590920e-09
 5742.0 4.138187004e-09
 5752.0 3.422993994e-09
 5762.0 5.205876451e-09
 5772.0 4.329579454e-09
 5782.0 5.569271818e-09
 5792.0 3.072225786e-09
 5802.0 4.463825429e-09
 5812.0 3.474174817e-09
 5822.0 5.006384368e-09
 5832.0 5.210236855e-09
 5842.0 6.447099936e-09
 5852.0 9.169247433e-09
 5862.0 1.181196396e-08
 5872.0 1.456851292e-08
 5882.0 1.158237744e-08
 5892.0 1.209112164e-08
 5902.0 1.503720497e-08
 5912.0 1.773617733e-08
 5922.0 1.815429880e-08
 5932.0 1.673619941e-08
 5942.0 2.184083044e-08
 5952.0 2.420037374e-08
 5962.0 2.424063659e-08
 5972.0 2.131779528e-08
 5982.0 2.419891036e-08
 5992.0 2.986899958e-08
 6002.0 3.653054662e-08
 6012.0 6.053760785e-08
 6022.0 1.066803206e-07
 6032.0 1.710404349e-07
 6042.0 2.251424364e-07
 6052.0 2.665373127e-07
 6062.0 2.923555379e-07
 6072.0 3.070639467e-07
 6082.0 3.063437093e-07
 6092.0 2.991097424e-07
 6102.0 3.127466060e-07
 6112.0 3.704190357e-07
 6122.0 4.774513288e-07
 6132.0 6.239984546e-07
 6142.0 7.872955661e-07
 6152.0 9.148319041e-07
 6162.0 9.665109604e-07
 6172.0 9.534594527e-07
 6182.0 9.694786001e-07
 6192.0 1.120506998e-06
 6202.0 1.482305511e-06
 6212.0 2.019045334e-06
 6222.0 2.597743311e-06
 6232.0 3.016010778e-06
 6242.0 3.132828679e-06
 6252.0 2.915208533e-06
 6262.0 2.433223496e-06
 6272.0 1.861602151e-06
 6282.0 1.346356212e-06
 6292.0 9.952642027e-07
 6302.0 7.899118822e-07
 6312.0 6.699108312e-07
 6322.0 5.869934655e-07
 6332.0 5.277869440e-07
 6342.0 4.971251971e-07
 6352.0 4.893939599e-07
 6362.0 4.906072551e-07
 6372.0 4.847471446e-07
 6382.0 4.484477182e-07
 6392.0 3.924335550e-07
 6402.0 3.239700987e-07
 6412.0 2.618985275e-07
 6422.0 2.102619852e-07
 6432.0 1.720429759e-07
 6442.0 1.471401995e-07
 6452.0 1.288425567e-07
 6462.0 1.258359756e-07
 6472.0 1.278418513e-07
 6482.0 1.286345262e-07
 6492.0 1.248760506e-07
 6502.0 1.222735247e-07
 6512.0 1.315522715e-07
 6522.0 1.266159963e-07
 6532.0 1.224926812e-07
 6542.0 1.191171706e-07
 6552.0 1.260294884e-07
 6562.0 1.403793621e-07
 6572.0 1.428885869e-07
 6582.0 1.332164492e-07
 6592.0 1.221757801e-07
 6602.0 1.212879063e-07
 6612.0 1.301406975e-07
 6622.0 1.415835821e-07
 6632.0 1.443566658e-07
 6642.0 1.521863508e-07
 6652.0 1.538169177e-07
 6662.0 1.561906139e-07
 6672.0 1.682272751e-07
 6682.0 1.848224780e-07
 6692.0 1.978885167e-07
 6702.0 1.928748942e-07
 6712.0 1.868897732e-07
 6722.0 1.867397367e-07
 6732.0 1.879062659e-07
 6742.0 1.885788597e-07
 6752.0 1.928175859e-07
 6762.0 2.033000179e-07
 6772.0 2.033051327e-07
 6782.0 1.979584437e-07
 6792.0 1.957008425e-07
 6802.0 1.952768398e-07
 6812.0 1.846238845e-07
 6822.0 1.805693569e-07
 6832.0 1.648344227e-07
 6842.0 1.594297059e-07
 6852.0 1.483585579e-07
 6862.0 1.508756682e-07
 6872.0 1.612425340e-07
 6882.0 1.806863762e-07
 6892.0 2.021705595e-07
 6902.0 2.023576511e-07
 6912.0 2.000434378e-07
 6922.0 1.853846067e-07
 6932.0 1.920928243e-07
 6942.0 1.935429094e-07
 6952.0 1.929404158e-07
 6962.0 1.829487236e-07
 6972.0 1.648785426e-07
 6982.0 1.571029169e-07
 6992.0 1.526785432e-07
 7002.0 1.488460322e-07
 7012.0 1.600044550e-07
 7022.0 1.628892721e-07
 7032.0 1.719784542e-07
 7042.0 1.672841636e-07
 7052.0 1.748004098e-07
 7062.0 1.708716826e-07
 7072.0 1.660965916e-07
 7082.0 1.636425794e-07
 7092.0 1.817939763e-07
 7102.0 1.985752349e-07
 7112.0 1.874967771e-07
 7122.0 1.729867848e-07
 7132.0 1.531252240e-07
 7142.0 1.517366167e-07
 7152.0 1.267920275e-07
 7162.0 1.090075383e-07
 7172.0 1.109029268e-07
 7182.0 1.126450195e-07
 7192.0 1.268637296e-07
 7202.0 1.311526180e-07
 7212.0 1.649554070e-07
 7222.0 1.642459303e-07
 7232.0 1.614347288e-07
 7242.0 1.258341883e-07
 7252.0 1.266736204e-07
 7262.0 1.238527452e-07
 7272.0 1.473078521e-07
 7282.0 1.476214396e-07
 7292.0 1.516286290e-07
 7302.0 1.641016014e-07
 7312.0 1.756138377e-07
 7322.0 1.926911772e-07
 7332.0 1.870602024e-07
 7342.0 2.036132728e-07
 7352.0 1.982917405e-07
 7362.0 2.067134156e-07
 7372.0 1.978076018e-07
 7382.0 1.928496629e-07
 7392.0 1.785452563e-07
 7402.0 1.607284848e-07
 7412.0 1.744797624e-07
 7422.0 1.831863179e-07
 7432.0 1.776260545e-07
 7442.0 1.408015524e-07
 7452.0 9.989109386e-08
 7462.0 9.468346087e-08
 7472.0 1.135790534e-07
 7482.0 1.450694304e-07
 7492.0 1.508557890e-07
 7502.0 1.744202565e-07
 7512.0 1.788294309e-07
 7522.0 2.073047514e-07
 7532.0 1.578933695e-07
 7542.0 1.581238192e-07
 7552.0 1.541374637e-07
 7562.0 1.875563565e-07
 7572.0 2.025817451e-07
 7582.0 2.051701118e-07
 7592.0 1.902269537e-07
 7602.0 1.808382302e-07
 7612.0 1.580882811e-07
 7622.0 1.539078494e-07
 7632.0 1.493646432e-07
 7642.0 1.528470590e-07
 7652.0 1.677704350e-07
 7662.0 1.570576330e-07
 7672.0 1.492703454e-07
 7682.0 1.446392351e-07
 7692.0 1.610411869e-07
 7702.0 1.752727658e-07
 7712.0 1.882092489e-07
 7722.0 1.556781952e-07
 7732.0 1.176329641e-07
 7742.0 9.314102765e-08
 7752.0 1.548939805e-07
 7762.0 1.551078957e-07
 7772.0 1.628434429e-07
 7782.0 8.033871714e-08
 7792.0 1.314466750e-07
 7802.0 1.805219008e-07
 7812.0 2.051884604e-07
 7822.0 1.925218070e-07
 7832.0 1.277529671e-07
 7842.0 1.059517165e-07
 7852.0 9.001375368e-08
 7862.0 6.749993429e-08
 7872.0 8.412827893e-08
 7882.0 6.089907040e-08
 7892.0 6.827865393e-08
 7902.0 3.455383401e-08
 7912.0 2.467621548e-08
 7922.0 2.093246751e-08
 7932.0 5.218878696e-08
 7942.0 4.800013583e-08
 7952.0 6.285517506e-08
 7962.0 1.027369696e-07
 7972.0 1.029217673e-07
 7982.0 7.575958693e-08
 7992.0 1.111094337e-08
 8002.0 9.491658390e-09
 8012.0 8.414668094e-09
 8022.0 2.315723356e-09
 8032.0 8.927532943e-10
 8042.0 1.594994233e-09
 8052.0 7.336932639e-10
 8062.0 7.378037845e-10
 8072.0 1.098720169e-08
 8082.0 1.101712782e-08
 8092.0 1.104269452e-08
 8102.0 9.695342121e-09
 8112.0 1.881658668e-08
 8122.0 4.482633558e-08
 8132.0 4.053765271e-08
 8142.0 3.145228323e-08
 8152.0 5.401333083e-09
 8162.0 1.653489233e-08
 8172.0 1.933419317e-08
 8182.0 2.180017951e-08
 8192.0 5.265811477e-09
 8202.0 2.478146080e-09
 8212.0 8.275117182e-09
 8222.0 8.285458152e-09
 8232.0 2.212420635e-08
 8242.0 2.231229366e-08
 8252.0 3.565547920e-08
 8262.0 4.392267499e-08
 8272.0 3.656190205e-08
 8282.0 3.185384299e-08
 8292.0 1.488245710e-08
 8302.0 3.350153102e-08
 8312.0 3.656094797e-08
 8322.0 3.453085756e-08
 8332.0 4.676231550e-08
 8342.0 4.454954072e-08
 8352.0 4.202996447e-08
 8362.0 2.061256070e-08
 8372.0 2.196592696e-08
 8382.0 2.259972778e-08
 8392.0 3.166712619e-08
 8402.0 3.073720695e-08
 8412.0 4.928589813e-08
 8422.0 2.961106066e-08
 8432.0 2.296902797e-08
 8442.0 3.234661754e-09
 8452.0 3.240047878e-09
 8462.0 1.448753414e-08
 8472.0 2.778535609e-08
 8482.0 2.781296214e-08
 8492.0 3.962114848e-08
 8502.0 2.638599167e-08
 8512.0 3.645342855e-08
 8522.0 3.155768892e-08
 8532.0 3.163231418e-08
 8542.0 2.160251866e-08
 8552.0 3.210616481e-11
 8562.0 1.836221062e-08
 8572.0 1.840564174e-08
 8582.0 1.843959488e-08
 8592.0 2.632292409e-08
 8602.0 2.637546684e-08
 8612.0 4.450931664e-08
 8622.0 2.771114456e-08
 8632.0 3.108287396e-08
 8642.0 1.291642011e-08
 8652.0 3.359910498e-09
 8662.0 1.937478754e-08
 8672.0 2.351623401e-08
 8682.0 2.353300598e-08
 8692.0 2.319722124e-08
 8702.0 3.957285604e-08
 8712.0 1.042895104e-07
 8722.0 1.165592910e-07
 8732.0 9.606518733e-08
 8742.0 3.125805224e-08
 8752.0 4.859438258e-08
 8762.0 4.864680907e-08
 8772.0 7.678747303e-08
 8782.0 2.812180326e-08
 8792.0 8.405385688e-08
 8802.0 5.598217558e-08
 8812.0 1.469319443e-07
 8822.0 9.085592232e-08
 8832.0 9.089192056e-08
 8842.0 3.326629133e-11
 8852.0 2.627415698e-08
 8862.0 1.006326782e-07
 8872.0 1.444561811e-07
 8882.0 1.182192783e-07
 8892.0 4.380375146e-08
 8902.0 8.026807115e-08
 8912.0 8.048622896e-08
 8922.0 8.058541779e-08
 8932.0 3.364837497e-11
 8942.0 3.370126598e-11
 8952.0 1.875164186e-07
 8962.0 5.791421350e-07
 8972.0 5.790236938e-07
 8982.0 4.170285949e-07
 8992.0 4.392849943e-08
 9002.0 8.454425011e-08
 9012.0 7.023767478e-08
 9022.0 7.697629717e-08
 9032.0 4.286599819e-08
 9042.0 6.945492596e-08
 9052.0 6.173742040e-08
 9062.0 5.534300771e-08
 9072.0 7.056955997e-08
 9082.0 9.084632791e-08
 9092.0 1.017443851e-07
 9102.0 6.994186356e-08
 9112.0 3.332475551e-08
 9122.0 2.745073621e-08
 9132.0 3.059649727e-08
 9142.0 5.284367393e-08
 9152.0 6.668623830e-08
 9162.0 5.060874540e-08
 9172.0 4.996372579e-08
 9182.0 3.127397356e-08
 9192.0 7.386935488e-08
 9202.0 5.101844525e-08
 9212.0 9.968250179e-08
 9222.0 7.516282760e-08
 9232.0 7.511322176e-08
 9242.0 4.462272617e-08
 9252.0 3.983869269e-08
 9262.0 5.562073542e-08
 9272.0 4.656040870e-08
 9282.0 5.566395132e-08
 9292.0 3.990712470e-08
 9302.0 6.633041682e-08
 9312.0 5.166380971e-08
 9322.0 9.473471218e-08
 9332.0 9.100615705e-08
 9342.0 9.444408087e-08
 9352.0 5.959581977e-08
 9362.0 2.967147581e-08
 9372.0 4.561369184e-08
 9382.0 3.915554082e-08
 9392.0 6.184056442e-08
 9402.0 4.328461053e-08
 9412.0 9.104368753e-08
 9422.0 7.872101003e-08
 9432.0 7.176404086e-08
 9442.0 7.288942832e-08
 9452.0 1.154074154e-07
 9462.0 1.501384300e-07
 9472.0 1.782650032e-07
 9482.0 1.645322161e-07
 9492.0 2.087473820e-07
 9502.0 2.070134381e-07
 9512.0 2.557984827e-07
 9522.0 2.782991695e-07
 9532.0 2.602695539e-07
 9542.0 2.684191316e-07
 9552.0 2.759243320e-07
 9562.0 3.642269483e-07
 9572.0 4.437490459e-07
 9582.0 5.719018931e-07
 9592.0 7.289643081e-07
 9602.0 9.326132622e-07
 9612.0 1.174366313e-06
 9622.0 1.449164542e-06
 9632.0 1.738295177e-06
 9642.0 2.015561204e-06
 9652.0 2.315953731e-06
 9662.0 2.656271078e-06
 9672.0 3.133404054e-06
 9682.0 3.724688373e-06
 9692.0 4.496803413e-06
 9702.0 5.358219539e-06
 9712.0 6.363864613e-06
 9722.0 7.396441325e-06
 9732.0 8.435128478e-06
 9742.0 9.393443245e-06
 9752.0 1.033403261e-05
 9762.0 1.129688238e-05
 9772.0 1.247017694e-05
 9782.0 1.398504379e-05
 9792.0 1.604631785e-05
 9802.0 1.882288154e-05
 9812.0 2.257203963e-05
 9822.0 2.764965679e-05
 9832.0 3.439557266e-05
 9842.0 4.310413197e-05
 9852.0 5.421326924e-05
 9862.0 6.776461714e-05
 9872.0 8.399318679e-05
 9882.0 1.029557095e-04
 9892.0 1.246529458e-04
 9902.0 1.493119171e-04
 9912.0 1.767710441e-04
 9922.0 2.077526942e-04
 9932.0 2.431162556e-04
 9942.0 2.843571594e-04
 9952.0 3.331544622e-04
 9962.0 3.940253899e-04
 9972.0 4.718719623e-04
 9982.0 1.388325754e-02
 9992.0 2.890055381e-02
10002.0 4.570199230e-02
10012.0 5.090140773e-02
10022.0 5.708680296e-02
10032.0 6.342033578e-02
10042.0 7.130965011e-02
10052.0 8.003236129e-02
10062.0 9.133690967e-02
10072.0 1.039669257e-01
10082.0 1.184019081e-01
10092.0 1.344908572e-01
10102.0 1.516612168e-01
10112.0 1.705508253e-01
10122.0 1.898634675e-01
10132.0 2.093513886e-01
10142.0 2.267260786e-01
10152.0 2.416862845e-01
10162.0 2.525083450e-01
10172.0 2.602446068e-01
10182.0 2.642434844e-01
10192.0 2.665883786e-01
10202.0 2.667668277e-01
10212.0 2.672663547e-01
10222.0 2.670711152e-01
10232.0 2.671077271e-01
10242.0 2.668216254e-01
10252.0 2.673216489e-01
10262.0 2.677936569e-01
10272.0 2.688068773e-01
10282.0 2.699191003e-01
10292.0 2.711260285e-01
10302.0 2.724110002e-01
10312.0 2.736753361e-01
10322.0 2.762167080e-01
10332.0 2.777766833e-01
10342.0 2.801901133e-01
10352.0 2.818743354e-01
10362.0 2.836142693e-01
10372.0 2.839546138e-01
10382.0 2.858145721e-01
10392.0 2.874831295e-01
10402.0 2.892311509e-01
10412.0 2.895212258e-01
10422.0 2.903046593e-01
10432.0 2.903841359e-01
10442.0 2.909158737e-01
10452.0 2.917714915e-01
10462.0 2.927897760e-01
10472.0 2.937087276e-01
10482.0 2.947744908e-01
10492.0 2.954427110e-01
10502.0 2.962910761e-01
10512.0 2.979614582e-01
10522.0 2.994256458e-01
10532.0 3.001988661e-01
10542.0 3.012999583e-01
10552.0 3.019152408e-01
10562.0 3.019592772e-01
10572.0 3.012044213e-01
10582.0 3.012390862e-01
10592.0 3.011916711e-01
10602.0 3.004697137e-01
10612.0 2.996960132e-01
10622.0 2.987825775e-01
10632.0 2.973886265e-01
10642.0 2.964316794e-01
10652.0 2.953051138e-01
10662.0 2.948187083e-01
10672.0 2.925969607e-01
10682.0 2.911108302e-01
10692.0 2.890717855e-01
10702.0 2.868405354e-01
10712.0 2.851012595e-01
10722.0 2.836769099e-01
10732.0 2.822634210e-01
10742.0 2.801951674e-01
10752.0 2.788854364e-01
10762.0 2.783797491e-01
10772.0 2.773359218e-01
10782.0 2.772292120e-01
10792.0 2.770950581e-01
10802.0 2.771561942e-01
10812.0 2.775327422e-01
10822.0 2.786335893e-01
10832.0 2.790876525e-01
10842.0 2.800351817e-01
10852.0 2.808767557e-01
10862.0 2.829908132e-01
10872.0 2.842965170e-01
10882.0 2.864963915e-01
10892.0 2.886090183e-01
10902.0 2.915138131e-01
10912.0 2.938987692e-01
10922.0 2.967864527e-01
10932.0 2.994250276e-01
10942.0 3.020629431e-01
10952.0 3.044072313e-01
10962.0 3.063868975e-01
10972.0 3.093103456e-01
10982.0 3.114951116e-01
10992.0 3.136888132e-01
11002.0 3.145312179e-01
11012.0 3.156237833e-01
11022.0 3.165490624e-01
11032.0 3.177698529e-01
11042.0 3.186523061e-01
11052.0 3.196048167e-01
11062.0 3.196163752e-01
11072.0 3.196775311e-01
11082.0 3.194308895e-01
11092.0 3.187659239e-01
11102.0 3.190328575e-01
11112.0 3.190970985e-01
11122.0 3.194467979e-01
11132.0 3.188379453e-01
11142.0 3.187209581e-01
11152.0 3.185458987e-01
11162.0 3.177844447e-01
11172.0 3.169788660e-01
11182.0 3.162661122e-01
11192.0 3.158268882e-01
11202.0 3.157950735e-01
11212.0 3.148412480e-01
11222.0 3.144244094e-01
11232.0 3.131191058e-01
11242.0 3.134290564e-01
11252.0 3.137495088e-01
11262.0 3.148817450e-01
11272.0 3.153970355e-01
11282.0 3.166881224e-01
11292.0 3.175702556e-01
11302.0 3.190717184e-01
11312.0 3.198730720e-01
11322.0 3.216546111e-01
11332.0 3.227153398e-01
11342.0 3.243131061e-01
11352.0 3.253567880e-01
11362.0 3.266911557e-01
11372.0 3.283562991e-01
11382.0 3.294315131e-01
11392.0 3.309250285e-01
11402.0 3.315325075e-01
11412.0 3.337626972e-01
11422.0 3.360749638e-01
11432.0 3.383440567e-01
11442.0 3.408836273e-01
11452.0 3.432054009e-01
11462.0 3.447888027e-01
11472.0 3.466155259e-01
11482.0 3.482745198e-01
11492.0 3.505910078e-01
11502.0 3.524233156e-01
11512.0 3.544279450e-01
11522.0 3.566264764e-01
11532.0 3.579265035e-01
11542.0 3.595605108e-01
11552.0 3.615593391e-01
11562.0 3.636424138e-01
11572.0 3.660684938e-01
11582.0 3.677195354e-01
11592.0 3.703951443e-01
11602.0 3.715297304e-01
11612.0 3.733712921e-01
11622.0 3.745967691e-01
11632.0 3.766141502e-01
11642.0 3.778880283e-01
11652.0 3.789327104e-01
11662.0 3.797853886e-01
11672.0 3.809518353e-01
11682.0 3.815901652e-01
11692.0 3.819422034e-01
11702.0 3.822951707e-01
11712.0 3.826482688e-01
11722.0 3.831537041e-01
11732.0 3.831465855e-01
11742.0 3.836381209e-01
11752.0 3.845239947e-01
11762.0 3.841130182e-01
11772.0 3.846007500e-01
11782.0 3.840203643e-01
11792.0 3.836127390e-01
11802.0 3.830835215e-01
11812.0 3.835274203e-01
11822.0 3.845067395e-01
11832.0 3.841094783e-01
11842.0 3.835993490e-01
11852.0 3.829908716e-01
11862.0 3.825294942e-01
11872.0 3.811628343e-01
11882.0 3.808322228e-01
11892.0 3.813097138e-01
11902.0 3.821236643e-01
11912.0 3.814614224e-01
11922.0 3.793634999e-01
11932.0 3.788855897e-01
11942.0 3.779321258e-01
11952.0 3.770779267e-01
11962.0 3.757990022e-01
11972.0 3.754907106e-01
11982.0 3.753136080e-01
11992.0 3.751792813e-01
12002.0 3.749294356e-01
12012.0 3.755965038e-01
12022.0 3.757772575e-01
12032.0 3.751190793e-01
12042.0 3.754840323e-01
12052.0 3.753924406e-01
12062.0 3.754003370e-01
12072.0 3.752944319e-01
12082.0 3.753194388e-01
12092.0 3.767679853e-01
12102.0 3.763371324e-01
12112.0 3.770154358e-01
12122.0 3.765651120e-01
12132.0 3.776661103e-01
12142.0 3.776723760e-01
12152.0 3.784512889e-01
12162.0 3.782035864e-01
12172.0 3.784475249e-01
12182.0 3.796648940e-01
12192.0 3.806858677e-01
12202.0 3.818516651e-01
12212.0 3.831195359e-01
12222.0 3.852779486e-01
12232.0 3.870801698e-01
12242.0 3.882752853e-01
12252.0 3.897334836e-01
12262.0 3.917596534e-01
12272.0 3.939353030e-01
12282.0 3.956327132e-01
12292.0 3.969919773e-01
12302.0 3.989084553e-01
12312.0 4.000616444e-01
12322.0 4.019603043e-01
12332.0 4.025588069e-01
12342.0 4.042719683e-01
12352.0 4.051875443e-01
12362.0 4.061698100e-01
12372.0 4.069088323e-01
12382.0 4.075578336e-01
12392.0 4.077658668e-01
12402.0 4.089870399e-01
12412.0 4.097367061e-01
12422.0 4.117200404e-01
12432.0 4.124673765e-01
12442.0 4.139929853e-01
12452.0 4.149873245e-01
12462.0 4.158578889e-01
12472.0 4.160170815e-01
12482.0 4.167121302e-01
12492.0 4.178708263e-01
12502.0 4.184784935e-01
12512.0 4.201021072e-01
12522.0 4.211076150e-01
12532.0 4.220906444e-01
12542.0 4.219407789e-01
12552.0 4.216818743e-01
12562.0 4.219120471e-01
12572.0 4.228601995e-01
12582.0 4.229589522e-01
12592.0 4.234453839e-01
12602.0 4.231694928e-01
12612.0 4.235744829e-01
12622.0 4.237138843e-01
12632.0 4.235203044e-01
12642.0 4.233882527e-01
12652.0 4.235933467e-01
12662.0 4.226299638e-01
12672.0 4.227201529e-01
12682.0 4.221864598e-01
12692.0 4.218654455e-01
12702.0 4.194338794e-01
12712.0 4.159104019e-01
12722.0 4.101586382e-01
12732.0 4.036429231e-01
12742.0 3.937601624e-01
12752.0 3.810302282e-01
12762.0 3.626913545e-01
12772.0 3.407698611e-01
12782.0 3.141647546e-01
12792.0 2.846625524e-01
12802.0 2.532803116e-01
12812.0 2.223746147e-01
12822.0 1.930843858e-01
12832.0 1.668697526e-01
12842.0 1.437394890e-01
12852.0 1.237974292e-01
12862.0 1.060061289e-01
12872.0 9.109641457e-02
12882.0 7.801304690e-02
12892.0 6.769407850e-02
12902.0 5.878912344e-02
12912.0 5.156699020e-02
12922.0 4.503565714e-02
12932.0 3.991871380e-02
12942.0 3.524475905e-02
12952.0 3.142240432e-02
12962.0 2.750574793e-02
12972.0 2.365314633e-02
12982.0 1.969972359e-02
12992.0 1.615602656e-02
13002.0 1.316627136e-02
13012.0 1.067032899e-02
13022.0 8.650839265e-03
13032.0 7.012895816e-03
13042.0 5.719317666e-03
13052.0 4.658251865e-03
13062.0 3.798601366e-03
13072.0 3.107721422e-03
13082.0 2.561257432e-03
13092.0 2.125964576e-03
13102.0 1.770906380e-03
13112.0 1.479194711e-03
13122.0 1.240552887e-03
13132.0 1.048596174e-03
13142.0 8.861242188e-04
13152.0 7.519000839e-04
13162.0 6.386577873e-04
13172.0 5.452004641e-04
13182.0 4.670743078e-04
13192.0 4.009638758e-04
13202.0 3.445424410e-04
13212.0 2.979860929e-04
13222.0 2.588050908e-04
13232.0 2.260204130e-04
13242.0 1.973646166e-04
13252.0 1.722596249e-04
13262.0 1.514847125e-04
13272.0 1.332605102e-04
13282.0 1.177515289e-04
13292.0 1.032458186e-04
13302.0 9.193245587e-05
13312.0 8.177757802e-05
13322.0 7.320996786e-05
13332.0 6.530179029e-05
13342.0 5.871745180e-05
13352.0 5.253630068e-05
13362.0 4.723277127e-05
13372.0 4.261839194e-05
13382.0 3.859031374e-05
13392.0 3.495747337e-05
13402.0 3.178649838e-05
13412.0 2.914464415e-05
13422.0 2.684702611e-05
13432.0 2.479430625e-05
13442.0 2.303582935e-05
13452.0 2.107250335e-05
13462.0 1.910076129e-05
13472.0 1.777142725e-05
13482.0 1.641089649e-05
13492.0 1.499844914e-05
13502.0 1.356520671e-05
13512.0 1.285337481e-05
13522.0 1.191952163e-05
13532.0 1.127768594e-05
13542.0 9.971100834e-06
13552.0 9.818376990e-06
13562.0 9.087431163e-06
13572.0 8.703150838e-06
13582.0 8.215677711e-06
13592.0 7.403447183e-06
13602.0 6.857795816e-06
13612.0 6.426994737e-06
13622.0 6.189363815e-06
13632.0 6.310782634e-06
13642.0 5.612038782e-06
13652.0 5.773473791e-06
13662.0 5.015907923e-06
13672.0 5.068992999e-06
13682.0 5.057340252e-06
13692.0 5.426398359e-06
13702.0 5.103948582e-06
13712.0 4.943514161e-06
13722.0 5.321247247e-06
13732.0 5.108619818e-06
13742.0 4.951617856e-06
13752.0 3.856657468e-06
13762.0 4.412922688e-06
13772.0 4.332005380e-06
13782.0 4.828690287e-06
13792.0 4.461900749e-06
13802.0 3.900538274e-06
13812.0 4.199049147e-06
13822.0 4.190854642e-06
13832.0 4.431367494e-06
13842.0 3.954312083e-06
13852.0 3.955681306e-06
13862.0 3.840420977e-06
13872.0 3.687187964e-06
13882.0 3.406020347e-06
13892.0 3.130153228e-06
13902.0 3.067410922e-06
13912.0 3.285252515e-06
13922.0 3.450042273e-06
13932.0 3.266398799e-06
13942.0 3.289587913e-06
13952.0 3.200372192e-06
13962.0 2.687858008e-06
13972.0 2.604976317e-06
13982.0 2.795836908e-06
13992.0 3.288469638e-06
14002.0 3.344178199e-06
14012.0 3.401951646e-06
14022.0 3.366195568e-06
14032.0 3.574765503e-06
14042.0 3.335088490e-06
14052.0 3.436966216e-06
14062.0 2.999231940e-06
14072.0 2.920843831e-06
14082.0 2.978501691e-06
14092.0 3.227002934e-06
14102.0 3.249816298e-06
14112.0 3.306230320e-06
14122.0 3.330764363e-06
14132.0 3.635257218e-06
14142.0 3.682913309e-06
14152.0 3.729521554e-06
14162.0 3.395802449e-06
14172.0 3.271491974e-06
14182.0 3.497403948e-06
14192.0 3.693428079e-06
14202.0 3.662429646e-06
14212.0 3.251739103e-06
14222.0 3.536132957e-06
14232.0 3.642025617e-06
14242.0 3.405638113e-06
14252.0 3.152231919e-06
14262.0 2.748502733e-06
14272.0 3.055532605e-06
14282.0 3.127371249e-06
14292.0 3.309265276e-06
14302.0 3.133667250e-06
14312.0 3.509373199e-06
14322.0 3.703929511e-06
14332.0 3.614544260e-06
14342.0 3.333440754e-06
14352.0 3.014766227e-06
14362.0 3.331307668e-06
14372.0 2.952599729e-06
14382.0 3.336409084e-06
14392.0 2.858805065e-06
14402.0 3.069536911e-06
14412.0 2.725622203e-06
14422.0 3.436587541e-06
14432.0 3.206589250e-06
14442.0 3.419336041e-06
14452.0 2.888823529e-06
14462.0 2.911823667e-06
14472.0 2.770721365e-06
14482.0 2.959572554e-06
14492.0 2.557975386e-06
14502.0 2.372691763e-06
14512.0 2.350770042e-06
14522.0 2.629391432e-06
14532.0 3.097379279e-06
14542.0 2.715056729e-06
14552.0 2.665201715e-06
14562.0 2.577143262e-06
14572.0 2.874248392e-06
14582.0 2.814518348e-06
14592.0 2.750244751e-06
14602.0 2.734293330e-06
14612.0 2.667730171e-06
14622.0 2.846007357e-06
14632.0 2.576028075e-06
14642.0 2.970746408e-06
14652.0 3.065683191e-06
14662.0 3.003020741e-06
14672.0 2.966597387e-06
14682.0 2.534915534e-06
14692.0 2.663708935e-06
14702.0 2.451643597e-06
14712.0 2.562601994e-06
14722.0 2.847255193e-06
14732.0 3.168407584e-06
14742.0 2.403627734e-06
14752.0 2.765902718e-06
14762.0 2.337340525e-06
14772.0 2.640266535e-06
14782.0 2.188621675e-06
14792.0 2.468054852e-06
14802.0 2.599061445e-06
14812.0 2.107667180e-06
14822.0 2.411766186e-06
14832.0 2.277315016e-06
14842.0 2.719866966e-06
14852.0 2.303821866e-06
14862.0 2.621523620e-06
14872.0 2.091932336e-06
14882.0 2.341609595e-06
14892.0 2.320897955e-06
14902.0 2.763709640e-06
14912.0 2.422134304e-06
14922.0 2.612014235e-06
14932.0 2.433888091e-06
14942.0 2.274408646e-06
14952.0 2.318823148e-06
14962.0 2.863362641e-06
14972.0 3.226423667e-06
14982.0 3.011656872e-06
14992.0 2.931838651e-06
15002.0 3.404579548e-06
15012.0 3.321192763e-06
15022.0 3.689675018e-06
15032.0 3.470959389e-06
15042.0 3.217055162e-06
15052.0 2.741404174e-06
15062.0 2.786817079e-06
15072.0 3.531464395e-06
15082.0 3.843519097e-06
15092.0 3.684012692e-06
15102.0 3.143070578e-06
15112.0 2.983833656e-06
15122.0 2.950114106e-06
15132.0 3.304166974e-06
15142.0 3.136342275e-06
15152.0 3.559871246e-06
15162.0 3.134521516e-06
15172.0 3.176983937e-06
15182.0 2.943263325e-06
15192.0 3.193029623e-06
15202.0 3.133412271e-06
15212.0 3.168983923e-06
15222.0 3.229422274e-06
15232.0 2.913645475e-06
15242.0 3.038724137e-06
15252.0 3.130088899e-06
15262.0 3.627502204e-06
15272.0 3.267605334e-06
15282.0 3.970364752e-06
15292.0 3.800589946e-06
15302.0 4.585084210e-06
15312.0 3.767536452e-06
15322.0 3.663787205e-06
15332.0 3.360905108e-06
15342.0 3.714397291e-06
15352.0 3.895336516e-06
15362.0 3.599669836e-06
15372.0 3.376473836e-06
15382.0 3.721937194e-06
15392.0 3.542024206e-06
15402.0 3.498645753e-06
15412.0 3.200033548e-06
15422.0 2.881230866e-06
15432.0 2.961953622e-06
15442.0 2.988405997e-06
15452.0 3.398117682e-06
15462.0 3.610239458e-06
15472.0 3.652449741e-06
15482.0 3.402139740e-06
15492.0 3.632481901e-06
15502.0 3.354856095e-06
15512.0 3.687394740e-06
15522.0 3.433029008e-06
15532.0 3.394433450e-06
15542.0 3.291593350e-06
15552.0 2.626994901e-06
15562.0 2.677831208e-06
15572.0 3.160293593e-06
15582.0 3.857376865e-06
15592.0 3.852214972e-06
15602.0 3.370595913e-06
15612.0 3.178279019e-06
15622.0 3.416812017e-06
15632.0 3.756260638e-06
15642.0 3.750480911e-06
15652.0 3.315859861e-06
15662.0 3.273009743e-06
15672.0 3.457927231e-06
15682.0 3.764916266e-06
15692.0 3.354966555e-06
15702.0 2.533949492e-06
15712.0 2.718267207e-06
15722.0 2.547349796e-06
15732.0 3.056260262e-06
15742.0 3.051721348e-06
15752.0 3.431003174e-06
15762.0 3.892585078e-06
15772.0 3.454899000e-06
15782.0 3.362068069e-06
15792.0 2.717583357e-06
15802.0 3.532390410e-06
15812.0 3.612781021e-06
15822.0 4.125509083e-06
15832.0 3.898700833e-06
15842.0 4.058265968e-06
15852.0 3.810564613e-06
15862.0 3.367914436e-06
15872.0 3.354646316e-06
15882.0 3.463124520e-06
15892.0 3.630849577e-06
15902.0 3.385369024e-06
15912.0 3.431545722e-06
15922.0 3.546907894e-06
15932.0 3.111823079e-06
15942.0 3.716415249e-06
15952.0 3.760475102e-06
15962.0 4.558884351e-06
15972.0 4.002270052e-06
15982.0 3.732753468e-06
15992.0 3.090036422e-06
16002.0 2.913903112e-06
16012.0 3.482913658e-06
16022.0 3.744079913e-06
16032.0 4.164675157e-06
16042.0 4.345944695e-06
16052.0 4.629570081e-06
16062.0 4.008937080e-06
16072.0 3.313275472e-06
16082.0 3.607876986e-06
16092.0 4.077947821e-06
16102.0 3.894427346e-06
16112.0 3.463910554e-06
16122.0 3.550792008e-06
16132.0 4.351719057e-06
16142.0 4.528191987e-06
16152.0 3.731619792e-06
16162.0 3.144142582e-06
16172.0 3.207164500e-06
16182.0 3.758890156e-06
16192.0 4.442770006e-06
16202.0 4.075851718e-06
16212.0 3.872353076e-06
16222.0 2.982979268e-06
16232.0 3.319629630e-06
16242.0 3.765539119e-06
16252.0 3.745620120e-06
16262.0 3.778554469e-06
16272.0 3.853878327e-06
16282.0 4.364658002e-06
16292.0 4.231847954e-06
16302.0 4.425172280e-06
16312.0 5.006499023e-06
16322.0 4.059907101e-06
16332.0 3.638077058e-06
16342.0 2.896736631e-06
16352.0 3.906129102e-06
16362.0 3.217257672e-06
16372.0 3.293158298e-06
16382.0 3.058489625e-06
16392.0 4.594561277e-06
16402.0 4.480281494e-06
16412.0 4.374379689e-06
16422.0 3.640130148e-06
16432.0 3.716873977e-06
16442.0 4.216759206e-06
16452.0 4.018042002e-06
16462.0 3.686486249e-06
16472.0 3.082394309e-06
16482.0 3.349136525e-06
16492.0 3.144212402e-06
16502.0 4.007784317e-06
16512.0 3.943946952e-06
16522.0 4.055483326e-06
16532.0 3.221760685e-06
16542.0 3.357109987e-06
16552.0 3.630830618e-06
16562.0 4.075634616e-06
16572.0 3.842921928e-06
16582.0 4.382611770e-06
16592.0 4.018914026e-06
16602.0 3.522917592e-06
16612.0 2.843667588e-06
16622.0 4.181309600e-06
16632.0 4.402610596e-06
16642.0 4.858650187e-06
16652.0 3.109423115e-06
16662.0 3.492380755e-06
16672.0 3.892535534e-06
16682.0 5.329608924e-06
16692.0 4.992115928e-06
16702.0 5.022787561e-06
16712.0 3.554482806e-06
16722.0 4.547336270e-06
16732.0 3.828515264e-06
16742.0 4.177193036e-06
16752.0 3.564585991e-06
16762.0 3.858071981e-06
16772.0 3.936354166e-06
16782.0 3.854735354e-06
16792.0 4.376108209e-06
16802.0 3.893938878e-06
16812.0 3.178044692e-06
16822.0 2.166563077e-06
16832.0 2.693368951e-06
16842.0 3.185941061e-06
16852.0 3.687239596e-06
16862.0 4.493534728e-06
16872.0 4.329909011e-06
16882.0 3.235766164e-06
16892.0 2.972196880e-06
16902.0 3.062449501e-06
16912.0 3.409205957e-06
16922.0 3.246858987e-06
16932.0 3.025971424e-06
16942.0 4.160685446e-06
16952.0 4.224614137e-06
16962.0 4.904425404e-06
16972.0 4.508024471e-06
16982.0 4.287717684e-06
16992.0 3.642919400e-06
17002.0 3.691242209e-06
17012.0 3.954597660e-06
17022.0 3.651940695e-06
17032.0 2.928786547e-06
17042.0 2.952733352e-06
17052.0 3.311222495e-06
17062.0 2.911823959e-06
17072.0 2.768959505e-06
17082.0 3.441845357e-06
17092.0 3.845053606e-06
17102.0 4.749088497e-06
17112.0 3.950479194e-06
17122.0 4.743366580e-06
17132.0 3.278017178e-06
17142.0 3.262868915e-06
17152.0 2.609757433e-06
17162.0 3.665987426e-06
17172.0 3.625589461e-06
17182.0 3.858627307e-06
17192.0 3.588992269e-06
17202.0 5.524013797e-06
17212.0 5.021443432e-06
17222.0 5.353460134e-06
17232.0 3.444935393e-06
17242.0 4.549711493e-06
17252.0 3.809959911e-06
17262.0 5.057541384e-06
17272.0 4.913306418e-06
17282.0 5.270953394e-06
17292.0 4.609124640e-06
17302.0 4.282149357e-06
17312.0 4.691720355e-06
17322.0 4.899555330e-06
17332.0 4.464061047e-06
17342.0 4.249723715e-06
17352.0 4.104751902e-06
17362.0 4.725449149e-06
17372.0 3.872791551e-06
17382.0 4.239888166e-06
17392.0 4.040452309e-06
17402.0 4.293790138e-06
17412.0 3.900873616e-06
17422.0 3.746740835e-06
17432.0 3.646539657e-06
17442.0 3.305510100e-06
17452.0 3.941243607e-06
17462.0 5.488387649e-06
17472.0 4.836188700e-06
17482.0 4.466936664e-06
17492.0 3.316495315e-06
17502.0 4.073723030e-06
17512.0 4.735418077e-06
17522.0 3.751334363e-06
17532.0 3.983744473e-06
17542.0 3.667898059e-06
17552.0 4.103702936e-06
17562.0 3.474262885e-06
17572.0 3.348317699e-06
17582.0 3.575635152e-06
17592.0 4.626273246e-06
17602.0 3.968224179e-06
17612.0 4.625568839e-06
17622.0 3.613008998e-06
17632.0 4.186616885e-06
17642.0 3.922443631e-06
17652.0 4.727218777e-06
17662.0 3.600128890e-06
17672.0 3.310941897e-06
17682.0 4.351840493e-06
17692.0 5.874730312e-06
17702.0 5.730219173e-06
17712.0 4.287361606e-06
17722.0 3.973354540e-06
17732.0 4.298145293e-06
17742.0 4.689708045e-06
17752.0 3.868222568e-06
17762.0 3.753768817e-06
17772.0 3.566770423e-06
17782.0 4.149086522e-06
17792.0 4.962316660e-06
17802.0 5.378377986e-06
17812.0 5.673031846e-06
17822.0 4.914927470e-06
17832.0 4.512129538e-06
17842.0 5.155361900e-06
17852.0 4.845565495e-06
17862.0 5.208645443e-06
17872.0 4.561070958e-06
17882.0 5.517498080e-06
17892.0 5.953046534e-06
17902.0 5.823833783e-06
17912.0 5.753838600e-06
17922.0 5.360894547e-06
17932.0 4.973783370e-06
17942.0 5.211798179e-06
17952.0 4.826644649e-06
17962.0 5.451620715e-06
17972.0 5.688669675e-06
17982.0 5.674501660e-06
17992.0 5.343248361e-06
18002.0 3.649386476e-06
18012.0 4.485632382e-06
18022.0 4.191582253e-06
18032.0 6.162339911e-06
18042.0 5.089338363e-06
18052.0 5.961722603e-06
18062.0 4.322604882e-06
18072.0 5.236509064e-06
18082.0 4.992246083e-06
18092.0 5.896775306e-06
18102.0 6.691527394e-06
18112.0 6.159807958e-06
18122.0 5.063903311e-06
18132.0 4.344398947e-06
18142.0 6.155001933e-06
18152.0 7.607538740e-06
18162.0 6.323060956e-06
18172.0 5.176861401e-06
18182.0 5.475726511e-06
18192.0 7.448391027e-06
18202.0 7.385506775e-06
18212.0 6.068081021e-06
18222.0 6.016769610e-06
18232.0 5.054897939e-06
18242.0 5.974395737e-06
18252.0 5.199602499e-06
18262.0 6.532916700e-06
18272.0 5.337563681e-06
18282.0 4.293034603e-06
18292.0 4.705982282e-06
18302.0 5.417198601e-06
18312.0 5.782529700e-06
18322.0 5.427885463e-06
18332.0 6.290143290e-06
18342.0 6.180392742e-06
18352.0 6.225983979e-06
18362.0 5.451739470e-06
18372.0 6.506517468e-06
18382.0 6.598941759e-06
18392.0 6.018843738e-06
18402.0 5.560099237e-06
18412.0 4.073618896e-06
18422.0 6.108713154e-06
18432.0 6.223656710e-06
18442.0 8.292283117e-06
18452.0 5.537176775e-06
18462.0 6.889031629e-06
18472.0 7.083790668e-06
18482.0 9.473546801e-06
18492.0 7.554838540e-06
18502.0 7.270029809e-06
18512.0 6.359994559e-06
18522.0 8.966791447e-06
18532.0 7.590254955e-06
18542.0 1.028334234e-05
18552.0 7.749402407e-06
18562.0 9.442840233e-06
18572.0 5.691891908e-06
18582.0 8.248029029e-06
18592.0 7.155389891e-06
18602.0 8.446023869e-06
18612.0 6.239802953e-06
18622.0 6.117860307e-06
18632.0 7.254868250e-06
18642.0 7.168430913e-06
18652.0 6.243153856e-06
18662.0 5.176909382e-06
18672.0 6.958823218e-06
18682.0 8.529030418e-06
18692.0 7.409362401e-06
18702.0 6.549765899e-06
18712.0 6.008580941e-06
18722.0 6.440045358e-06
18732.0 7.359643653e-06
18742.0 7.318288795e-06
18752.0 9.543951793e-06
18762.0 8.627639592e-06
18772.0 1.014208569e-05
18782.0 7.960361472e-06
18792.0 9.497145737e-06
18802.0 6.497196589e-06
18812.0 7.001003652e-06
18822.0 5.665118922e-06
18832.0 7.316432052e-06
18842.0 7.973928502e-06
18852.0 6.377480876e-06
18862.0 6.899626832e-06
18872.0 7.344155404e-06
18882.0 7.184117137e-06
18892.0 5.968213173e-06
18902.0 6.698638253e-06
18912.0 6.705850615e-06
18922.0 7.464636041e-06
18932.0 6.921835164e-06
18942.0 7.631102837e-06
18952.0 8.595092587e-06
18962.0 7.517952407e-06
18972.0 7.001136893e-06
18982.0 6.827027523e-06
18992.0 7.148697296e-06
19002.0 9.550296840e-06
19012.0 6.804657547e-06
19022.0 8.889326395e-06
19032.0 7.241765821e-06
19042.0 8.948029391e-06
19052.0 6.298880764e-06
19062.0 6.989176691e-06
19072.0 7.897240129e-06
19082.0 9.317911045e-06
19092.0 9.015011276e-06
19102.0 8.599640575e-06
19112.0 6.781787801e-06
19122.0 7.417414689e-06
19132.0 8.081081930e-06
19142.0 9.085076131e-06
19152.0 7.896648071e-06
19162.0 5.185174473e-06
19172.0 4.718331696e-06
19182.0 6.140160593e-06
19192.0 9.858422836e-06
19202.0 1.014830962e-05
19212.0 8.325318242e-06
19222.0 8.816075961e-06
19232.0 9.378348297e-06
19242.0 1.037569595e-05
19252.0 7.062045861e-06
19262.0 5.700059387e-06
19272.0 3.836846067e-06
19282.0 6.360542281e-06
19292.0 6.047770839e-06
19302.0 6.885734293e-06
19312.0 7.199147645e-06
19322.0 8.335705920e-06
19332.0 9.662880980e-06
19342.0 7.439213099e-06
19352.0 7.149934771e-06
19362.0 5.765966717e-06
19372.0 6.841562764e-06
19382.0 6.014294244e-06
19392.0 8.351518345e-06
19402.0 8.108836284e-06
19412.0 8.142783108e-06
19422.0 6.793680534e-06
19432.0 7.750319427e-06
19442.0 7.776368651e-06
19452.0 8.446932138e-06
19462.0 7.158098690e-06
19472.0 7.745745937e-06
19482.0 6.686080940e-06
19492.0 5.887963718e-06
19502.0 6.040082463e-06
19512.0 6.391787285e-06
19522.0 8.783993331e-06
19532.0 8.049852929e-06
19542.0 9.380651083e-06
19552.0 8.666770533e-06
19562.0 8.435585003e-06
19572.0 7.768735139e-06
19582.0 7.824866719e-06
19592.0 9.733150703e-06
19602.0 9.567428146e-06
19612.0 8.244486746e-06
19622.0 7.098833088e-06
19632.0 8.560780343e-06
19642.0 8.648708257e-06
19652.0 1.172598049e-05
19662.0 1.074577317e-05
19672.0 1.002774500e-05
19682.0 8.180316532e-06
19692.0 8.999467208e-06
19702.0 9.100922972e-06
19712.0 8.594657218e-06
19722.0 9.685385637e-06
19732.0 9.574832911e-06
19742.0 8.797580029e-06
19752.0 7.472947865e-06
19762.0 8.258739735e-06
19772.0 8.879566726e-06
19782.0 8.209536329e-06
19792.0 8.233716356e-06
19802.0 9.259748359e-06
19812.0 8.913871164e-06
19822.0 1.011414473e-05
19832.0 9.378097470e-06
19842.0 9.291298630e-06
19852.0 9.303900715e-06
19862.0 8.747107029e-06
19872.0 8.212429779e-06
19882.0 7.090816388e-06
19892.0 6.966653581e-06
19902.0 7.510319126e-06
19912.0 7.657078224e-06
19922.0 8.010220805e-06
19932.0 7.624704133e-06
19942.0 8.467591498e-06
19952.0 8.817033200e-06
19962.0 9.634046603e-06
19972.0 8.872040619e-06
19982.0 8.511203068e-06
19992.0 8.310607316e-06
20002.0 8.029947175e-06
20012.0 6.885617665e-06
20022.0 6.844956450e-06
20032.0 7.163899774e-06
20042.0 7.342810010e-06
20052.0 6.356333214e-06
20062.0 6.887243879e-06
20072.0 9.654009312e-06
20082.0 8.745630102e-06
20092.0 7.439630791e-06
20102.0 4.888903862e-06
20112.0 7.700344985e-06
20122.0 7.749354296e-06
20132.0 6.716265624e-06
20142.0 6.232771218e-06
20152.0 7.131498383e-06
20162.0 7.964135326e-06
20172.0 6.454668938e-06
20182.0 6.864438887e-06
20192.0 6.554872211e-06
20202.0 6.652393940e-06
20212.0 5.900667494e-06
20222.0 6.938523755e-06
20232.0 6.855259401e-06
20242.0 6.342995679e-06
20252.0 6.471248377e-06
20262.0 7.727226889e-06
20272.0 7.990030307e-06
20282.0 9.164977802e-06
20292.0 7.700606217e-06
20302.0 8.923917419e-06
20312.0 7.061532534e-06
20322.0 6.839141762e-06
20332.0 6.007961310e-06
20342.0 6.200700130e-06
20352.0 7.272760469e-06
20362.0 7.649177251e-06
20372.0 7.565692144e-06
20382.0 6.880484768e-06
20392.0 4.584928063e-06
20402.0 4.984726109e-06
20412.0 5.370119403e-06
20422.0 6.312129471e-06
20432.0 5.916870719e-06
20442.0 5.056957339e-06
20452.0 6.272101379e-06
20462.0 8.460816705e-06
20472.0 9.708497003e-06
20482.0 8.096894704e-06
20492.0 8.316153317e-06
20502.0 8.262421395e-06
20512.0 7.356167802e-06
20522.0 4.481802778e-06
20532.0 6.704701841e-06
20542.0 9.061387056e-06
20552.0 9.633636639e-06
20562.0 7.549308636e-06
20572.0 6.939828616e-06
20582.0 9.145364047e-06
20592.0 7.920336661e-06
20602.0 7.938810880e-06
20612.0 6.590917027e-06
20622.0 7.233673778e-06
20632.0 6.742042473e-06
20642.0 6.929721694e-06
20652.0 8.621021684e-06
20662.0 8.479471495e-06
20672.0 7.901188893e-06
20682.0 5.741940048e-06
20692.0 9.764153353e-06
20702.0 8.831777986e-06
20712.0 8.905771750e-06
20722.0 7.390499427e-06
20732.0 7.905810132e-06
20742.0 8.493066812e-06
20752.0 5.864797784e-06
20762.0 5.709135258e-06
20772.0 5.722893658e-06
20782.0 7.843603696e-06
20792.0 6.969873873e-06
20802.0 7.051982860e-06
20812.0 7.380836541e-06
20822.0 9.430161274e-06
20832.0 1.050181859e-05
20842.0 1.027518533e-05
20852.0 9.286575376e-06
20862.0 8.079272485e-06
20872.0 6.531116179e-06
20882.0 6.411499194e-06
20892.0 4.448525741e-06
20902.0 7.552074973e-06
20912.0 8.795424162e-06
20922.0 1.210098739e-05
20932.0 8.755006388e-06
20942.0 9.472454704e-06
20952.0 8.573801915e-06
20962.0 9.567863647e-06
20972.0 6.278490709e-06
20982.0 6.320394182e-06
20992.0 7.912195744e-06
21002.0 8.350336159e-06
21012.0 8.374160630e-06
21022.0 6.248348488e-06
21032.0 7.892773783e-06
21042.0 7.056341037e-06
21052.0 9.051140991e-06
21062.0 9.617168716e-06
21072.0 1.076316595e-05
21082.0 9.373047715e-06
21092.0 8.257007257e-06
21102.0 1.043836834e-05
21112.0 9.731532829e-06
21122.0 1.146590658e-05
21132.0 7.831639153e-06
21142.0 1.012843562e-05
21152.0 6.774699471e-06
21162.0 8.979185789e-06
21172.0 9.030172723e-06
21182.0 1.003311180e-05
21192.0 8.445851897e-06
21202.0 6.042586064e-06
21212.0 8.907193330e-06
21222.0 9.777519443e-06
21232.0 9.795730014e-06
21242.0 7.194119498e-06
21252.0 5.875019481e-06
21262.0 5.597590855e-06
21272.0 6.305840650e-06
21282.0 7.485843550e-06
21292.0 1.057637477e-05
21302.0 8.984724023e-06
21312.0 8.415844026e-06
21322.0 7.037171976e-06
21332.0 1.043395143e-05
21342.0 1.110987530e-05
21352.0 1.037300068e-05
21362.0 8.718317445e-06
21372.0 9.456159587e-06
21382.0 1.110147638e-05
21392.0 1.057262687e-05
21402.0 7.864098946e-06
21412.0 5.670928838e-06
21422.0 6.180434543e-06
21432.0 9.997360896e-06
21442.0 9.445386453e-06
21452.0 1.003819519e-05
21462.0 5.777737596e-06
21472.0 5.521432616e-06
21482.0 4.675035413e-06
21492.0 7.076381590e-06
21502.0 8.388127739e-06
21512.0 8.770998440e-06
21522.0 7.792745823e-06
21532.0 1.047209581e-05
21542.0 1.013047420e-05
21552.0 1.171336488e-05
21562.0 9.830117454e-06
21572.0 1.348992028e-05
21582.0 1.355343177e-05
21592.0 1.519915771e-05
21602.0 1.615932974e-05
21612.0 1.668457362e-05
21622.0 1.351914112e-05
21632.0 1.072601041e-05
21642.0 1.020193541e-05
21652.0 1.262811429e-05
21662.0 1.352644531e-05
21672.0 1.658630346e-05
21682.0 1.474683660e-05
21692.0 1.520725306e-05
21702.0 1.160847166e-05
21712.0 1.456334627e-05
21722.0 1.461706765e-05
21732.0 1.629017492e-05
21742.0 1.367364473e-05
21752.0 1.144101963e-05
21762.0 9.936927145e-06
21772.0 9.801178278e-06
21782.0 1.071097561e-05
21792.0 1.194557856e-05
21802.0 1.264330546e-05
21812.0 1.218374838e-05
21822.0 1.125809049e-05
21832.0 9.222912775e-06
21842.0 5.875954750e-06
21852.0 4.528240852e-06
21862.0 5.029624456e-06
21872.0 7.595862094e-06
21882.0 1.023546692e-05
21892.0 1.289663664e-05
21902.0 1.205166665e-05
21912.0 9.278213747e-06
21922.0 5.031669873e-06
21932.0 6.880181800e-06
21942.0 8.992024143e-06
21952.0 1.087040060e-05
21962.0 1.109654269e-05
21972.0 1.110568523e-05
21982.0 1.741376665e-05
21992.0 1.337819803e-05
22002.0 1.039805144e-05
22012.0 5.387885241e-06
22022.0 1.097653648e-05
22032.0 1.235155276e-05
22042.0 1.602163956e-05
22052.0 1.441745518e-05
22062.0 1.370808051e-05
22072.0 9.914411810e-06
22082.0 7.561649239e-06
22092.0 7.713194116e-06
22102.0 7.790012754e-06
22112.0 1.007316169e-05
22122.0 1.478426644e-05
22132.0 1.862709633e-05
22142.0 1.756854930e-05
22152.0 1.537553227e-05
22162.0 1.060692493e-05
22172.0 1.276512374e-05
22182.0 1.324272092e-05
22192.0 1.205314369e-05
22202.0 9.561145267e-06
22212.0 8.491654150e-06
22222.0 1.113295823e-05
22232.0 1.157816583e-05
22242.0 1.131569434e-05
22252.0 1.432203197e-05
22262.0 1.545880347e-05
22272.0 1.627605065e-05
22282.0 1.277383051e-05
22292.0 1.430227305e-05
22302.0 1.407468262e-05
22312.0 1.541071685e-05
22322.0 1.340694676e-05
22332.0 1.778485763e-05
22342.0 1.992181794e-05
22352.0 2.000099649e-05
22362.0 2.008339562e-05
22372.0 2.105395716e-05
22382.0 2.105395709e-05
22392.0 2.064196154e-05
22402.0 1.907907572e-05
22412.0 2.115022243e-05
22422.0 2.121281273e-05
22432.0 2.431852970e-05
22442.0 2.953867126e-05
22452.0 2.694245815e-05
22462.0 2.317983783e-05
22472.0 2.155756903e-05
22482.0 2.322418065e-05
22492.0 2.468297095e-05
22502.0 2.708688707e-05
22512.0 2.140598336e-05
22522.0 2.122426177e-05
22532.0 1.512698174e-05
22542.0 1.781769202e-05
22552.0 1.991954983e-05
22562.0 1.833836073e-05
22572.0 2.448424679e-05
22582.0 2.383118467e-05
22592.0 3.050659820e-05
22602.0 2.901466120e-05
22612.0 2.659973615e-05
22622.0 2.284440313e-05
22632.0 1.763324370e-05
22642.0 1.680604061e-05
22652.0 1.195319040e-05
22662.0 1.220536539e-05
22672.0 1.137560459e-05
22682.0 1.701326105e-05
22692.0 1.661449560e-05
22702.0 1.749954499e-05
22712.0 1.765178322e-05
22722.0 1.848020072e-05
22732.0 1.702151521e-05
22742.0 1.476041859e-05
22752.0 1.217049162e-05
22762.0 1.100327246e-05
22772.0 1.078995505e-05
22782.0 1.760873324e-05
22792.0 1.708483502e-05
22802.0 1.656312752e-05
22812.0 1.086389138e-05
22822.0 1.299715516e-05
22832.0 1.136482761e-05
22842.0 1.308297618e-05
22852.0 1.097322693e-05
22862.0 1.097737336e-05
22872.0 8.583141779e-06
22882.0 8.826316061e-06
22892.0 7.228506092e-06
22902.0 1.014852176e-05
22912.0 9.654418760e-06
22922.0 1.042735406e-05
22932.0 9.031377569e-06
22942.0 1.025209259e-05
22952.0 8.851280863e-06
22962.0 8.244828820e-06
22972.0 7.223144749e-06
22982.0 8.023681356e-06
22992.0 7.102382327e-06
23002.0 7.801622907e-06
23012.0 7.301206480e-06
23022.0 7.181811809e-06
23032.0 6.607096586e-06
23042.0 7.515139082e-06
23052.0 6.692519241e-06
23062.0 7.456390344e-06
23072.0 5.736937555e-06
23082.0 7.598176015e-06
23092.0 6.340887653e-06
23102.0 6.144934875e-06
23112.0 4.824099493e-06
23122.0 4.758925464e-06
23132.0 5.182846122e-06
23142.0 4.596005406e-06
23152.0 5.751643142e-06
23162.0 6.178188913e-06
23172.0 5.351612336e-06
23182.0 4.873541770e-06
23192.0 4.923364064e-06
23202.0 7.254609632e-06
23212.0 6.476656362e-06
23222.0 5.572078766e-06
23232.0 5.712959899e-06
23242.0 5.710062703e-06
23252.0 6.359385978e-06
23262.0 4.575379413e-06
23272.0 4.329666615e-06
23282.0 3.961617946e-06
23292.0 3.519257579e-06
23302.0 3.696509197e-06
23312.0 4.099723803e-06
23322.0 3.908221707e-06
23332.0 3.385637006e-06
23342.0 2.977179723e-06
23352.0 2.937371292e-06
23362.0 2.955926108e-06
23372.0 2.780411430e-06
23382.0 3.377867476e-06
23392.0 3.509777612e-06
23402.0 3.227036598e-06
23412.0 2.858949649e-06
23422.0 2.538873252e-06
23432.0 3.008225411e-06
23442.0 2.845281622e-06
23452.0 3.108383862e-06
23462.0 2.897724581e-06
23472.0 3.232801563e-06
23482.0 2.665092456e-06
23492.0 2.845428765e-06
23502.0 2.646590259e-06
23512.0 3.246799873e-06
23522.0 3.232979044e-06
23532.0 3.164120874e-06
23542.0 3.233300667e-06
23552.0 3.106047899e-06
23562.0 2.581862464e-06
23572.0 2.515348804e-06
23582.0 2.561778872e-06
23592.0 3.042620855e-06
23602.0 3.177473500e-06
23612.0 2.618862627e-06
23622.0 2.578027738e-06
23632.0 1.897216107e-06
23642.0 1.820495866e-06
23652.0 1.491324694e-06
23662.0 1.589224710e-06
23672.0 1.395258848e-06
23682.0 1.218452009e-06
23692.0 9.814438741e-07
23702.0 8.848861635e-07
23712.0 1.013904994e-06
23722.0 8.656432787e-07
23732.0 7.380144633e-07
23742.0 4.666661875e-07
23752.0 3.968898659e-07
23762.0 4.046584996e-07
23772.0 4.291902868e-07
23782.0 5.121139978e-07
23792.0 5.382505336e-07
23802.0 4.748337222e-07
23812.0 3.552165202e-07
23822.0 2.657488168e-07
23832.0 3.316258158e-07
23842.0 3.310496340e-07
23852.0 3.183757868e-07
23862.0 2.660963442e-07
23872.0 2.792665183e-07
23882.0 2.475361811e-07
23892.0 2.038375308e-07
23902.0 1.599502648e-07
23912.0 1.164746501e-07
23922.0 9.897711692e-08
23932.0 9.551543617e-08
23942.0 1.145877781e-07
23952.0 1.013435946e-07
23962.0 9.122399280e-08
23972.0 1.064865255e-07
23982.0 1.091791293e-07
23992.0 1.026528822e-07
24002.0 7.819887059e-08
24012.0 6.798583511e-08
24022.0 5.583087016e-08
24032.0 5.090954497e-08
24042.0 4.862653592e-08
24052.0 4.416503972e-08
24062.0 3.820939364e-08
24072.0 3.178434188e-08
24082.0 3.123901761e-08
24092.0 3.182913585e-08
24102.0 2.655802972e-08
24112.0 1.887522982e-08
24122.0 1.330471821e-08
24132.0 1.274365357e-08
24142.0 1.235379451e-08
24152.0 1.294281165e-08
24162.0 1.144796415e-08
24172.0 1.059971112e-08
24182.0 8.919039215e-09
24192.0 7.653413669e-09
24202.0 6.884586814e-09
24212.0 6.009853137e-09
24222.0 6.064990425e-09
24232.0 6.361325018e-09
24242.0 5.352806787e-09
24252.0 4.354447563e-09
24262.0 2.807464338e-09
24272.0 2.982646322e-09
24282.0 2.697311382e-09
24292.0 2.807021207e-09
24302.0 2.123027547e-09
24312.0 2.446468059e-09
24322.0 2.341968670e-09
24332.0 2.320265848e-09
24342.0 1.894739702e-09
24352.0 1.486710715e-09
24362.0 1.432556725e-09
24372.0 1.077736514e-09
24382.0 9.723101540e-10
24392.0 7.601484673e-10
24402.0 7.969108800e-10
24412.0 8.958242898e-10
24422.0 7.886142726e-10
24432.0 7.700764302e-10
24442.0 5.947641248e-10
24452.0 5.893276737e-10
24462.0 4.668451097e-10
24472.0 4.802908400e-10
24482.0 4.156353584e-10
24492.0 3.806920172e-10
24502.0 2.862399597e-10
24512.0 2.388981133e-10
24522.0 2.704393136e-10
24532.0 2.780554108e-10
24542.0 2.757662103e-10
24552.0 2.415312359e-10
24562.0 2.059606311e-10
24572.0 1.652592830e-10
24582.0 1.469037361e-10
24592.0 1.257019372e-10
24602.0 1.304838328e-10
24612.0 8.284417455e-11
24622.0 9.067224965e-11
24632.0 8.423729116e-11
24642.0 8.888180437e-11
24652.0 8.168343430e-11
24662.0 7.020661313e-11
24672.0 6.274741826e-11
24682.0 5.251777598e-11
24692.0 5.160252222e-11
24702.0 4.813352344e-11
24712.0 3.807520011e-11
24722.0 3.558329947e-11
24732.0 3.814268435e-11
24742.0 3.857606497e-11
24752.0 3.388828574e-11
24762.0 2.704400105e-11
24772.0 2.435013082e-11
24782.0 2.227303020e-11
24792.0 1.957608978e-11
24802.0 1.861378618e-11
24812.0 1.740683503e-11
24822.0 1.956410657e-11
24832.0 1.390077206e-11
24842.0 1.128044953e-11
24852.0 7.691269896e-12
24862.0 9.009445309e-12
24872.0 8.937169928e-12
24882.0 6.577398430e-12
24892.0 5.669792493e-12
24902.0 4.890995864e-12
24912.0 6.306362477e-12
24922.0 6.166511072e-12
24932.0 5.795950364e-12
24942.0 4.429300976e-12
24952.0 4.570437295e-12
24962.0 3.879957612e-12
24972.0 3.858077298e-12
24982.0 3.305721213e-12
24992.0 2.957295287e-12
25002.0 2.663443175e-12
25012.0 2.144591707e-12
25022.0 2.283408709e-12
25032.0 2.272123845e-12
25042.0 2.248423469e-12
25052.0 1.822586037e-12
25062.0 1.645741486e-12
25072.0 1.462541560e-12
25082.0 1.235098609e-12
25092.0 1.267433888e-12
25102.0 1.273886338e-12
25112.0 1.264093259e-12
25122.0 1.098065405e-12
25132.0 1.026411275e-12
25142.0 1.240004422e-12
25152.0 1.035293099e-12
25162.0 1.065566341e-12
25172.0 8.084463295e-13
25182.0 8.989772890e-13
25192.0 6.859719983e-13
25202.0 6.715970102e-13
25212.0 5.278562672e-13
25222.0 5.762312368e-13
25232.0 5.297996684e-13
25242.0 5.568265605e-13
25252.0 4.725073862e-13
25262.0 4.474326049e-13
25272.0 4.217538459e-13
25282.0 3.817520798e-13
25292.0 3.503992040e-13
25302.0 3.068045900e-13
25312.0 3.161740393e-13
25322.0 2.862729579e-13
25332.0 3.012000850e-13
25342.0 2.457828618e-13
25352.0 2.432304225e-13
25362.0 1.765550837e-13
25372.0 1.679529724e-13
25382.0 1.723991118e-13
25392.0 1.864622138e-13
25402.0 1.834514580e-13
25412.0 1.591624015e-13
25422.0 1.673840158e-13
25432.0 1.616039047e-13
25442.0 1.514710873e-13
25452.0 1.135974315e-13
25462.0 1.037039621e-13
25472.0 1.042386348e-13
25482.0 1.000119623e-13
25492.0 8.616483137e-14
25502.0 7.680370565e-14
25512.0 7.510819999e-14
25522.0 6.952564867e-14
25532.0 6.065045770e-14
25542.0 5.348904426e-14
25552.0 5.912964292e-14
25562.0 5.699315165e-14
25572.0 5.374948880e-14
25582.0 3.328984642e-14
25592.0 2.940126015e-14
25602.0 2.454655235e-14
25612.0 2.836506120e-14
25622.0 2.727942872e-14
25632.0 2.331879231e-14
25642.0 2.560200045e-14
25652.0 2.520427675e-14
25662.0 2.400163026e-14
25672.0 1.914934568e-14
25682.0 1.961832123e-14
25692.0 1.889297938e-14
25702.0 1.495883361e-14
25712.0 1.032812205e-14
25722.0 8.527970133e-15
25732.0 1.033755531e-14
25742.0 1.003031270e-14
25752.0 1.002946714e-14
25762.0 1.058271179e-14
25772.0 9.424637074e-15
25782.0 9.547520732e-15
25792.0 8.122498456e-15
25802.0 7.281580033e-15
25812.0 5.895323529e-15
25822.0 5.272064730e-15
25832.0 5.301841264e-15
25842.0 5.251772607e-15
25852.0 4.661983793e-15
25862.0 4.079077081e-15
25872.0 3.362511525e-15
25882.0 3.025713464e-15
25892.0 3.244124350e-15
25902.0 2.929169402e-15
25912.0 2.603579013e-15
25922.0 2.130267109e-15
25932.0 2.020134310e-15
25942.0 2.461508212e-15
25952.0 2.035290655e-15
25962.0 1.854450130e-15
25972.0 1.344542010e-15
25982.0 1.302249601e-15
