 5500.0 7.175860493e-06
 5510.0 7.068593294e-06
 5520.0 8.775837842e-06
 5530.0 1.059817573e-05
 5540.0 1.189662887e-05
 5550.0 1.269863561e-05
 5560.0 1.278376218e-05
 5570.0 1.353506783e-05
 5580.0 1.334067503e-05
 5590.0 1.218432631e-05
 5600.0 1.310491158e-05
 5610.0 1.428066780e-05
 5620.0 1.403173099e-05
 5630.0 1.337579688e-05
 5640.0 1.392553075e-05
 5650.0 1.426694898e-05
 5660.0 1.442351240e-05
 5670.0 1.367749873e-05
 5680.0 1.364062214e-05
 5690.0 1.375398369e-05
 5700.0 1.320394499e-05
 5710.0 1.369024688e-05
 5720.0 1.610154999e-05
 5730.0 1.914117775e-05
 5740.0 2.093451913e-05
 5750.0 2.397564818e-05
 5760.0 3.032608711e-05
 5770.0 3.722496612e-05
 5780.0 4.257063086e-05
 5790.0 4.876750881e-05
 5800.0 5.784303540e-05
 5810.0 7.169025917e-05
 5820.0 9.255771391e-05
 5830.0 1.301318877e-04
 5840.0 2.175453076e-04
 5850.0 4.241142479e-04
 5860.0 7.545706811e-04
 5870.0 9.795773783e-04
 5880.0 8.899791789e-04
 5890.0 5.677265826e-04
 5900.0 2.931262643e-04
 5910.0 1.612633040e-04
 5920.0 1.096459191e-04
 5930.0 8.200514414e-05
 5940.0 6.677571555e-05
 5950.0 6.416554358e-05
 5960.0 5.920125966e-05
 5970.0 6.001394417e-05
 5980.0 6.444745192e-05
 5990.0 6.638065497e-05
 6000.0 7.135692677e-05
 6010.0 7.877208854e-05
 6020.0 9.077820625e-05
 6030.0 1.097600691e-04
 6040.0 1.324141024e-04
 6050.0 1.524539650e-04
 6060.0 1.736731960e-04
 6070.0 1.923882289e-04
 6080.0 1.963709216e-04
 6090.0 1.881119760e-04
 6100.0 1.719032899e-04
 6110.0 1.510204415e-04
 6120.0 1.270035146e-04
 6130.0 1.070959002e-04
 6140.0 9.098618725e-05
 6150.0 8.101156521e-05
 6160.0 7.279566514e-05
 6170.0 6.830306296e-05
 6180.0 6.721171122e-05
 6190.0 6.242209067e-05
 6200.0 5.770178077e-05
 6210.0 5.468122998e-05
 6220.0 6.084684891e-05
 6230.0 6.515275189e-05
 6240.0 7.210404582e-05
 6250.0 8.512503567e-05
 6260.0 1.044705417e-04
 6270.0 1.355718167e-04
 6280.0 1.889426325e-04
 6290.0 2.762622757e-04
 6300.0 4.098917520e-04
 6310.0 5.762449372e-04
 6320.0 6.968922514e-04
 6330.0 7.005241366e-04
 6340.0 5.931607229e-04
 6350.0 4.584454276e-04
 6360.0 3.541839814e-04
 6370.0 2.937138476e-04
 6380.0 2.630920167e-04
 6390.0 2.532666460e-04
 6400.0 2.661753056e-04
 6410.0 2.928900098e-04
 6420.0 3.315112154e-04
 6430.0 3.714091888e-04
 6440.0 4.031341936e-04
 6450.0 4.060309258e-04
 6460.0 3.685500968e-04
 6470.0 3.059662971e-04
 6480.0 2.385943466e-04
 6490.0 1.886152727e-04
 6500.0 1.526416605e-04
 6510.0 1.252384039e-04
 6520.0 1.077318192e-04
 6530.0 1.033503776e-04
 6540.0 1.018556223e-04
 6550.0 1.045206341e-04
 6560.0 1.126418094e-04
 6570.0 1.318855579e-04
 6580.0 1.549741201e-04
 6590.0 1.860292822e-04
 6600.0 2.234973233e-04
 6610.0 2.617381976e-04
 6620.0 2.753525907e-04
 6630.0 2.615643189e-04
 6640.0 2.334939689e-04
 6650.0 2.045509768e-04
 6660.0 1.754359041e-04
 6670.0 1.506613628e-04
 6680.0 1.389173831e-04
 6690.0 1.325522085e-04
 6700.0 1.307660217e-04
 6710.0 1.313654867e-04
 6720.0 1.451972709e-04
 6730.0 1.678752378e-04
 6740.0 1.987001691e-04
 6750.0 2.274051189e-04
 6760.0 2.551284219e-04
 6770.0 2.718643569e-04
 6780.0 2.773447720e-04
 6790.0 2.644287779e-04
 6800.0 2.355948300e-04
 6810.0 1.953750937e-04
 6820.0 1.645109671e-04
 6830.0 1.530862658e-04
 6840.0 1.476279306e-04
 6850.0 1.413566581e-04
 6860.0 1.366436544e-04
 6870.0 1.403256301e-04
 6880.0 1.475276043e-04
 6890.0 1.528120884e-04
 6900.0 1.639452821e-04
 6910.0 1.746606394e-04
 6920.0 1.754135158e-04
 6930.0 1.665722387e-04
 6940.0 1.540830611e-04
 6950.0 1.383435076e-04
 6960.0 1.183845066e-04
 6970.0 1.044588606e-04
 6980.0 9.531728478e-05
 6990.0 8.830732458e-05
 7000.0 8.177469453e-05
 7010.0 7.421399887e-05
 7020.0 7.021244896e-05
 7030.0 7.393090524e-05
 7040.0 8.541534979e-05
 7050.0 9.950167695e-05
 7060.0 1.173714228e-04
 7070.0 1.375379748e-04
 7080.0 1.632580381e-04
 7090.0 2.060417819e-04
 7100.0 2.858202197e-04
 7110.0 4.183893672e-04
 7120.0 6.173539865e-04
 7130.0 8.887236013e-04
 7140.0 1.253042725e-03
 7150.0 1.625860108e-03
 7160.0 1.843681567e-03
 7170.0 1.734543180e-03
 7180.0 1.394078488e-03
 7190.0 1.013438112e-03
 7200.0 7.139895688e-04
 7210.0 4.918641122e-04
 7220.0 3.388445717e-04
 7230.0 2.507780173e-04
 7240.0 1.830170294e-04
 7250.0 1.390705031e-04
 7260.0 1.110713457e-04
 7270.0 9.343012971e-05
 7280.0 7.527348469e-05
 7290.0 5.813101318e-05
 7300.0 5.309701272e-05
 7310.0 5.042079268e-05
 7320.0 4.762746973e-05
 7330.0 4.350887553e-05
 7340.0 4.782101851e-05
 7350.0 4.967757836e-05
 7360.0 4.481206647e-05
 7370.0 4.704233704e-05
 7380.0 5.763269967e-05
 7390.0 7.257402134e-05
 7400.0 7.968313301e-05
 7410.0 9.948369237e-05
 7420.0 1.310622235e-04
 7430.0 1.886262476e-04
 7440.0 2.812690978e-04
 7450.0 4.271831795e-04
 7460.0 6.372421678e-04
 7470.0 9.137696546e-04
 7480.0 1.199258190e-03
 7490.0 1.406283765e-03
 7500.0 1.490231783e-03
 7510.0 1.546212291e-03
 7520.0 1.811176672e-03
 7530.0 2.445173325e-03
 7540.0 3.153233129e-03
 7550.0 3.146444789e-03
 7560.0 2.229043301e-03
 7570.0 1.098662578e-03
 7580.0 4.511254970e-04
 7590.0 2.214927883e-04
 7600.0 1.261560749e-04
 7610.0 7.126204018e-05
 7620.0 4.261928127e-05
 7630.0 3.460509819e-05
 7640.0 2.401304846e-05
 7650.0 1.353203107e-05
 7660.0 1.301639692e-05
 7670.0 1.389600959e-05
 7680.0 1.361759293e-05
 7690.0 9.326192125e-06
 7700.0 9.690027203e-06
 7710.0 8.088553636e-06
 7720.0 1.020839398e-05
 7730.0 9.862953940e-06
 7740.0 4.436808428e-06
 7750.0 5.798184720e-06
 7760.0 8.383526419e-06
 7770.0 1.527310188e-05
 7780.0 5.935265745e-06
 7790.0 6.892087452e-06
 7800.0 9.630789320e-06
 7810.0 1.422617542e-05
 7820.0 8.095173414e-06
 7830.0 1.563643251e-05
 7840.0 1.564083836e-05
 7850.0 1.207444441e-05
 7860.0 1.040318535e-05
 7870.0 1.621879549e-05
 7880.0 2.518308163e-05
 7890.0 4.657749395e-05
 7900.0 9.116256488e-05
 7910.0 1.387335213e-04
 7920.0 1.606237140e-04
 7930.0 1.319078613e-04
 7940.0 8.771650421e-05
 7950.0 5.898003124e-05
 7960.0 4.350453139e-05
 7970.0 0.000000000e+00
 7980.0 3.097334967e-04
 7990.0 9.021513344e-04
 8000.0 1.915885198e-03
 8010.0 1.411781953e-03
 8020.0 2.098726181e-03
 8030.0 1.885288483e-03
 8040.0 1.924120550e-03
 8050.0 4.037912124e-04
 8060.0 1.552849085e-04
 8070.0 7.026860373e-04
 8080.0 1.603063408e-03
 8090.0 1.777127649e-03
 8100.0 8.653508892e-04
 8110.0 1.097351431e-03
 8120.0 1.022944813e-03
 8130.0 1.487772922e-03
 8140.0 1.417321764e-03
 8150.0 1.583214231e-03
 8160.0 1.108330432e-03
 8170.0 1.244118692e-03
 8180.0 1.156165166e-03
 8190.0 9.325530537e-04
 8200.0 1.292049191e-03
 8210.0 2.096962081e-03
 8220.0 1.753936455e-03
 8230.0 5.240327235e-04
 8240.0 0.000000000e+00
 8250.0 2.215835165e-04
 8260.0 1.391132254e-03
 8270.0 1.718220155e-03
 8280.0 7.673219009e-04
 8290.0 4.770760683e-06
 8300.0 4.978865935e-04
 8310.0 9.584116459e-04
 8320.0 1.234836298e-03
 8330.0 1.084438877e-03
 8340.0 1.057366235e-03
 8350.0 9.631296054e-04
 8360.0 1.024440975e-03
 8370.0 9.526356567e-04
 8380.0 1.191056315e-03
 8390.0 1.231080107e-03
 8400.0 9.921581346e-04
 8410.0 8.088375145e-04
 8420.0 9.721878919e-04
 8430.0 8.530153297e-04
 8440.0 7.339558936e-04
 8450.0 6.625637620e-04
 8460.0 8.287503952e-04
 8470.0 1.143842304e-03
 8480.0 1.263053069e-03
 8490.0 9.339031080e-04
 8500.0 8.151699839e-04
 8510.0 1.046778077e-03
 8520.0 1.211060497e-03
 8530.0 1.234820185e-03
 8540.0 1.437152683e-03
 8550.0 9.621465271e-04
 8560.0 5.400846795e-04
 8570.0 3.366412341e-04
 8580.0 8.699757226e-04
 8590.0 1.087754599e-03
 8600.0 1.465820098e-03
 8610.0 9.634263264e-04
 8620.0 7.701154948e-04
 8630.0 5.391199813e-04
 8640.0 9.907272564e-04
 8650.0 1.048382711e-03
 8660.0 1.170561740e-03
 8670.0 6.652373720e-04
 8680.0 8.121578088e-04
 8690.0 1.091858939e-03
 8700.0 1.308620036e-03
 8710.0 1.034139344e-03
 8720.0 1.167984599e-03
 8730.0 1.172189386e-03
 8740.0 1.016166469e-03
 8750.0 1.004071981e-03
 8760.0 1.117507015e-03
 8770.0 1.145650984e-03
 8780.0 1.076248704e-03
 8790.0 1.031608164e-03
 8800.0 9.344194990e-04
 8810.0 8.095130384e-04
 8820.0 7.838530593e-04
 8830.0 8.280077501e-04
 8840.0 7.407542911e-04
 8850.0 6.071521761e-04
 8860.0 6.776245017e-04
 8870.0 8.457055129e-04
 8880.0 7.333320060e-04
 8890.0 6.036659068e-04
 8900.0 7.724575017e-04
 8910.0 8.958110017e-04
 8920.0 8.730073234e-04
 8930.0 9.159826320e-04
 8940.0 1.019556671e-03
 8950.0 1.047766866e-03
 8960.0 1.038307449e-03
 8970.0 9.826035617e-04
 8980.0 9.613702341e-04
 8990.0 9.648964169e-04
 9000.0 1.021490480e-03
 9010.0 1.129269561e-03
 9020.0 1.164990405e-03
 9030.0 1.129499261e-03
 9040.0 1.078742483e-03
 9050.0 1.070375371e-03
 9060.0 9.486780911e-04
 9070.0 8.208343734e-04
 9080.0 8.450691809e-04
 9090.0 9.035682680e-04
 9100.0 8.293322952e-04
 9110.0 7.000465905e-04
 9120.0 7.262061006e-04
 9130.0 8.621770858e-04
 9140.0 8.273470999e-04
 9150.0 7.215050373e-04
 9160.0 5.788003762e-04
 9170.0 4.601458881e-04
 9180.0 4.758838474e-04
 9190.0 6.072587523e-04
 9200.0 6.875286370e-04
 9210.0 6.470677405e-04
 9220.0 6.127140803e-04
 9230.0 6.941165330e-04
 9240.0 8.214334697e-04
 9250.0 9.150145554e-04
 9260.0 9.239818352e-04
 9270.0 1.059005613e-03
 9280.0 1.205807467e-03
 9290.0 1.333389173e-03
 9300.0 1.367417045e-03
 9310.0 1.462807881e-03
 9320.0 1.651830478e-03
 9330.0 1.828771411e-03
 9340.0 1.917664993e-03
 9350.0 1.967091823e-03
 9360.0 2.073657265e-03
 9370.0 2.206302440e-03
 9380.0 2.311854983e-03
 9390.0 2.398854279e-03
 9400.0 2.429795968e-03
 9410.0 2.430363711e-03
 9420.0 2.433170853e-03
 9430.0 2.474065945e-03
 9440.0 2.436407152e-03
 9450.0 2.389346146e-03
 9460.0 2.329089048e-03
 9470.0 2.257863187e-03
 9480.0 2.159998040e-03
 9490.0 2.077732420e-03
 9500.0 1.987655362e-03
 9510.0 1.890418466e-03
 9520.0 1.836399509e-03
 9530.0 1.763845260e-03
 9540.0 1.654779228e-03
 9550.0 1.588388120e-03
 9560.0 1.547228656e-03
 9570.0 1.496364014e-03
 9580.0 1.445154306e-03
 9590.0 1.436529427e-03
 9600.0 1.426451744e-03
 9610.0 1.463355235e-03
 9620.0 1.556204966e-03
 9630.0 1.671090801e-03
 9640.0 1.738734624e-03
 9650.0 1.862186994e-03
 9660.0 2.045461594e-03
 9670.0 2.265369613e-03
 9680.0 2.502223329e-03
 9690.0 2.819996342e-03
 9700.0 3.266583980e-03
 9710.0 3.771381776e-03
 9720.0 4.368084745e-03
 9730.0 5.112079236e-03
 9740.0 6.034511151e-03
 9750.0 7.077929999e-03
 9760.0 8.416441284e-03
 9770.0 9.997206763e-03
 9780.0 1.188138217e-02
 9790.0 1.403693028e-02
 9800.0 1.678528487e-02
 9810.0 1.980102937e-02
 9820.0 2.337025986e-02
 9830.0 2.739427958e-02
 9840.0 3.196795552e-02
 9850.0 3.741008377e-02
 9860.0 4.311764511e-02
 9870.0 4.931592051e-02
 9880.0 5.591103798e-02
 9890.0 6.375905372e-02
 9900.0 7.195429444e-02
 9910.0 8.040800065e-02
 9920.0 9.042877845e-02
 9930.0 1.001068199e-01
 9940.0 1.097821026e-01
 9950.0 1.193246923e-01
 9960.0 1.309241599e-01
 9970.0 1.423359886e-01
 9980.0 1.538468757e-01
 9990.0 1.653231822e-01
10000.0 1.757712110e-01
10010.0 1.859565166e-01
10020.0 1.962498414e-01
10030.0 2.066820478e-01
10040.0 2.171456183e-01
10050.0 2.264922465e-01
10060.0 2.351245288e-01
10070.0 2.420100072e-01
10080.0 2.494892651e-01
10090.0 2.562839869e-01
10100.0 2.628226202e-01
10110.0 2.696277839e-01
10120.0 2.761994784e-01
10130.0 2.817660589e-01
10140.0 2.865986237e-01
10150.0 2.912498645e-01
10160.0 2.943168129e-01
10170.0 2.974964399e-01
10180.0 3.012941146e-01
10190.0 3.052133559e-01
10200.0 3.088034366e-01
10210.0 3.120935660e-01
10220.0 3.152390805e-01
10230.0 3.166184113e-01
10240.0 3.184064763e-01
10250.0 3.192393828e-01
10260.0 3.201841315e-01
10270.0 3.212816768e-01
10280.0 3.229783293e-01
10290.0 3.248039016e-01
10300.0 3.256468744e-01
10310.0 3.264951484e-01
10320.0 3.273747580e-01
10330.0 3.277554795e-01
10340.0 3.285297626e-01
10350.0 3.291129395e-01
10360.0 3.298796331e-01
10370.0 3.311332833e-01
10380.0 3.315370483e-01
10390.0 3.318053333e-01
10400.0 3.309202912e-01
10410.0 3.310954421e-01
10420.0 3.310531211e-01
10430.0 3.321398640e-01
10440.0 3.331648936e-01
10450.0 3.339847027e-01
10460.0 3.337847935e-01
10470.0 3.338549349e-01
10480.0 3.349947910e-01
10490.0 3.349032750e-01
10500.0 3.345722693e-01
10510.0 3.348648880e-01
10520.0 3.363699782e-01
10530.0 3.375306606e-01
10540.0 3.376332061e-01
10550.0 3.378151499e-01
10560.0 3.364884961e-01
10570.0 3.357697505e-01
10580.0 3.354985364e-01
10590.0 3.359443642e-01
10600.0 3.369361335e-01
10610.0 3.373090426e-01
10620.0 3.383399676e-01
10630.0 3.388496975e-01
10640.0 3.395771394e-01
10650.0 3.395642304e-01
10660.0 3.407192844e-01
10670.0 3.417528806e-01
10680.0 3.429618861e-01
10690.0 3.441082398e-01
10700.0 3.437514876e-01
10710.0 3.436051141e-01
10720.0 3.443382879e-01
10730.0 3.449834297e-01
10740.0 3.456968289e-01
10750.0 3.467022106e-01
10760.0 3.488997262e-01
10770.0 3.497989715e-01
10780.0 3.505258636e-01
10790.0 3.520909798e-01
10800.0 3.529273932e-01
10810.0 3.535960415e-01
10820.0 3.543097221e-01
10830.0 3.547716987e-01
10840.0 3.551595828e-01
10850.0 3.561661167e-01
10860.0 3.576638446e-01
10870.0 3.591902954e-01
10880.0 3.593622211e-01
10890.0 3.592276730e-01
10900.0 3.590578121e-01
10910.0 3.599618503e-01
10920.0 3.622204786e-01
10930.0 3.637221800e-01
10940.0 3.643807225e-01
10950.0 3.636640529e-01
10960.0 3.637792736e-01
10970.0 3.639174300e-01
10980.0 3.642074635e-01
10990.0 3.646311656e-01
11000.0 3.653406578e-01
11010.0 3.661347557e-01
11020.0 3.661623812e-01
11030.0 3.658578592e-01
11040.0 3.662453445e-01
11050.0 3.660676568e-01
11060.0 3.657617476e-01
11070.0 3.657830010e-01
11080.0 3.674117775e-01
11090.0 3.670535877e-01
11100.0 3.666378301e-01
11110.0 3.667868661e-01
11120.0 3.672711699e-01
11130.0 3.669955081e-01
11140.0 3.670145358e-01
11150.0 3.681705790e-01
11160.0 3.688458748e-01
11170.0 3.691165856e-01
11180.0 3.697910981e-01
11190.0 3.700700127e-01
11200.0 3.694608833e-01
11210.0 3.683813562e-01
11220.0 3.685197267e-01
11230.0 3.681506573e-01
11240.0 3.684023131e-01
11250.0 3.699715064e-01
11260.0 3.714136154e-01
11270.0 3.712774784e-01
11280.0 3.707565816e-01
11290.0 3.706329236e-01
11300.0 3.722827851e-01
11310.0 3.738075827e-01
11320.0 3.750049135e-01
11330.0 3.748559661e-01
11340.0 3.750714753e-01
11350.0 3.755470553e-01
11360.0 3.760775105e-01
11370.0 3.765997518e-01
11380.0 3.775404896e-01
11390.0 3.774551547e-01
11400.0 3.781763421e-01
11410.0 3.799669729e-01
11420.0 3.817585609e-01
11430.0 3.823064947e-01
11440.0 3.817517640e-01
11450.0 3.817100890e-01
11460.0 3.820007963e-01
11470.0 3.834106912e-01
11480.0 3.852113866e-01
11490.0 3.852806884e-01
11500.0 3.853450798e-01
11510.0 3.854751399e-01
11520.0 3.867390310e-01
11530.0 3.869953656e-01
11540.0 3.871804764e-01
11550.0 3.881200999e-01
11560.0 3.883756472e-01
11570.0 3.897682376e-01
11580.0 3.906117230e-01
11590.0 3.913473029e-01
11600.0 3.911800804e-01
11610.0 3.907039749e-01
11620.0 3.912535747e-01
11630.0 3.921110720e-01
11640.0 3.931606815e-01
11650.0 3.935355589e-01
11660.0 3.934417031e-01
11670.0 3.930542440e-01
11680.0 3.927190300e-01
11690.0 3.924314445e-01
11700.0 3.918842764e-01
11710.0 3.914716660e-01
11720.0 3.906534744e-01
11730.0 3.905962541e-01
11740.0 3.899110764e-01
11750.0 3.895922371e-01
11760.0 3.873160354e-01
11770.0 3.850992371e-01
11780.0 3.826938472e-01
11790.0 3.797284783e-01
11800.0 3.764360943e-01
11810.0 3.727235373e-01
11820.0 3.683400202e-01
11830.0 3.619565544e-01
11840.0 3.537154630e-01
11850.0 3.456746619e-01
11860.0 3.365476726e-01
11870.0 3.263256954e-01
11880.0 3.148484991e-01
11890.0 3.040075001e-01
11900.0 2.937931129e-01
11910.0 2.822089822e-01
11920.0 2.703660204e-01
11930.0 2.593754269e-01
11940.0 2.494079032e-01
11950.0 2.409030592e-01
11960.0 2.340377323e-01
11970.0 2.291664235e-01
11980.0 2.275913602e-01
11990.0 2.285031954e-01
12000.0 2.302880444e-01
12010.0 2.334240439e-01
12020.0 2.386066868e-01
12030.0 2.461561593e-01
12040.0 2.550227442e-01
12050.0 2.647014076e-01
12060.0 2.759145920e-01
12070.0 2.874640498e-01
12080.0 2.991107338e-01
12090.0 3.114308137e-01
12100.0 3.247948137e-01
12110.0 3.370512461e-01
12120.0 3.478622722e-01
12130.0 3.584620210e-01
12140.0 3.678046223e-01
12150.0 3.756443933e-01
12160.0 3.821559203e-01
12170.0 3.884937618e-01
12180.0 3.944068718e-01
12190.0 3.989321817e-01
12200.0 4.016739633e-01
12210.0 4.031555434e-01
12220.0 4.051012080e-01
12230.0 4.066979920e-01
12240.0 4.070267222e-01
12250.0 4.072941888e-01
12260.0 4.079496291e-01
12270.0 4.087938142e-01
12280.0 4.090945780e-01
12290.0 4.089727086e-01
12300.0 4.083226948e-01
12310.0 4.076134636e-01
12320.0 4.079284734e-01
12330.0 4.086530284e-01
12340.0 4.091739547e-01
12350.0 4.090934513e-01
12360.0 4.089660549e-01
12370.0 4.097429461e-01
12380.0 4.096231416e-01
12390.0 4.094063300e-01
12400.0 4.093413335e-01
12410.0 4.099525047e-01
12420.0 4.111881499e-01
12430.0 4.115679026e-01
12440.0 4.117469804e-01
12450.0 4.111192664e-01
12460.0 4.111285467e-01
12470.0 4.108614667e-01
12480.0 4.110346384e-01
12490.0 4.114903663e-01
12500.0 4.121558506e-01
12510.0 4.123847505e-01
12520.0 4.123971644e-01
12530.0 4.126507581e-01
12540.0 4.122486463e-01
12550.0 4.121748862e-01
12560.0 4.120006616e-01
12570.0 4.119753885e-01
12580.0 4.121002330e-01
12590.0 4.130703714e-01
12600.0 4.135816227e-01
12610.0 4.137154675e-01
12620.0 4.136112789e-01
12630.0 4.132710904e-01
12640.0 4.132312680e-01
12650.0 4.137356783e-01
12660.0 4.141866830e-01
12670.0 4.145609021e-01
12680.0 4.141267633e-01
12690.0 4.133964949e-01
12700.0 4.126842190e-01
12710.0 4.127071422e-01
12720.0 4.126177061e-01
12730.0 4.124157119e-01
12740.0 4.123244296e-01
12750.0 4.128271684e-01
12760.0 4.129429211e-01
12770.0 4.133086177e-01
12780.0 4.133636926e-01
12790.0 4.128374775e-01
12800.0 4.124178078e-01
12810.0 4.135684597e-01
12820.0 4.142832792e-01
12830.0 4.150300654e-01
12840.0 4.153593102e-01
12850.0 4.156996384e-01
12860.0 4.153331529e-01
12870.0 4.148018939e-01
12880.0 4.144844263e-01
12890.0 4.143560155e-01
12900.0 4.140022480e-01
12910.0 4.136596146e-01
12920.0 4.143942157e-01
12930.0 4.151985936e-01
12940.0 4.150880958e-01
12950.0 4.142938008e-01
12960.0 4.137728183e-01
12970.0 4.150527668e-01
12980.0 4.173938024e-01
12990.0 4.202645894e-01
13000.0 4.208162877e-01
13010.0 4.206884351e-01
13020.0 4.196863009e-01
13030.0 4.194402110e-01
13040.0 4.193874426e-01
13050.0 4.200772209e-01
13060.0 4.204194623e-01
13070.0 4.208680492e-01
13080.0 4.214425188e-01
13090.0 4.221126723e-01
13100.0 4.222988458e-01
13110.0 4.228832935e-01
13120.0 4.230597755e-01
13130.0 4.236872249e-01
13140.0 4.237973554e-01
13150.0 4.248315619e-01
13160.0 4.255358530e-01
13170.0 4.253171950e-01
13180.0 4.246842981e-01
13190.0 4.251383052e-01
13200.0 4.257457981e-01
13210.0 4.258354027e-01
13220.0 4.250133625e-01
13230.0 4.253093750e-01
13240.0 4.272426578e-01
13250.0 4.286422079e-01
13260.0 4.284240376e-01
13270.0 4.277909218e-01
13280.0 4.271721638e-01
13290.0 4.268513315e-01
13300.0 4.275829731e-01
13310.0 4.285796697e-01
13320.0 4.293141727e-01
13330.0 4.290165851e-01
13340.0 4.282855706e-01
13350.0 4.279845343e-01
13360.0 4.281485958e-01
13370.0 4.291333457e-01
13380.0 4.297639005e-01
13390.0 4.298563436e-01
13400.0 4.300440737e-01
13410.0 4.310048440e-01
13420.0 4.315818392e-01
13430.0 4.317691026e-01
13440.0 4.316154918e-01
13450.0 4.313331417e-01
13460.0 4.318935837e-01
13470.0 4.323424014e-01
13480.0 4.335664002e-01
13490.0 4.343842143e-01
13500.0 4.338087325e-01
13510.0 4.332828423e-01
13520.0 4.327643270e-01
13530.0 4.329899371e-01
13540.0 4.343321356e-01
13550.0 4.351118259e-01
13560.0 4.353651839e-01
13570.0 4.355134595e-01
13580.0 4.359820529e-01
13590.0 4.355127465e-01
13600.0 4.343036250e-01
13610.0 4.335471191e-01
13620.0 4.341027640e-01
13630.0 4.349625547e-01
13640.0 4.355390458e-01
13650.0 4.355283960e-01
13660.0 4.343897452e-01
13670.0 4.323181794e-01
13680.0 4.309416487e-01
13690.0 4.305245693e-01
13700.0 4.316020821e-01
13710.0 4.315799271e-01
13720.0 4.305093189e-01
13730.0 4.289343110e-01
13740.0 4.272828790e-01
13750.0 4.260596765e-01
13760.0 4.255441248e-01
13770.0 4.248243944e-01
13780.0 4.233726336e-01
13790.0 4.220698713e-01
13800.0 4.213481495e-01
13810.0 4.203419526e-01
13820.0 4.197382831e-01
13830.0 4.184497512e-01
13840.0 4.171874873e-01
13850.0 4.173310509e-01
13860.0 4.179273356e-01
13870.0 4.183707568e-01
13880.0 4.177953708e-01
13890.0 4.173845545e-01
13900.0 4.183574144e-01
13910.0 4.189084372e-01
13920.0 4.189567627e-01
13930.0 4.199093432e-01
13940.0 4.213055186e-01
13950.0 4.227645762e-01
13960.0 4.228571896e-01
13970.0 4.232131169e-01
13980.0 4.251512020e-01
13990.0 4.261419800e-01
14000.0 4.269728719e-01
14010.0 4.280314775e-01
14020.0 4.289512373e-01
14030.0 4.295049765e-01
14040.0 4.302341061e-01
14050.0 4.307525726e-01
14060.0 4.310151483e-01
14070.0 4.312541627e-01
14080.0 4.322686030e-01
14090.0 4.334891132e-01
14100.0 4.346911992e-01
14110.0 4.357599975e-01
14120.0 4.370008105e-01
14130.0 4.377448939e-01
14140.0 4.385051578e-01
14150.0 4.380484310e-01
14160.0 4.384204713e-01
14170.0 4.396113671e-01
14180.0 4.405859655e-01
14190.0 4.405000497e-01
14200.0 4.393439795e-01
14210.0 4.390741790e-01
14220.0 4.381921040e-01
14230.0 4.369825290e-01
14240.0 4.349162633e-01
14250.0 4.329377458e-01
14260.0 4.307561327e-01
14270.0 4.281188892e-01
14280.0 4.243825358e-01
14290.0 4.200375127e-01
14300.0 4.164247223e-01
14310.0 4.118209164e-01
14320.0 4.060321790e-01
14330.0 4.003128395e-01
14340.0 3.943897806e-01
14350.0 3.877922368e-01
14360.0 3.801294126e-01
14370.0 3.737923716e-01
14380.0 3.661094580e-01
14390.0 3.578282122e-01
14400.0 3.479003495e-01
14410.0 3.395924500e-01
14420.0 3.320431340e-01
14430.0 3.231280909e-01
14440.0 3.136594322e-01
14450.0 3.044633838e-01
14460.0 2.954438620e-01
14470.0 2.878497411e-01
14480.0 2.806922415e-01
14490.0 2.748166687e-01
14500.0 2.688961900e-01
14510.0 2.640831305e-01
14520.0 2.600767597e-01
14530.0 2.562702871e-01
14540.0 2.540145073e-01
14550.0 2.535176588e-01
14560.0 2.548502882e-01
14570.0 2.563814673e-01
14580.0 2.594802419e-01
14590.0 2.642599108e-01
14600.0 2.705103750e-01
14610.0 2.773392750e-01
14620.0 2.846730742e-01
14630.0 2.937513712e-01
14640.0 3.036530098e-01
14650.0 3.163287566e-01
14660.0 3.284847172e-01
14670.0 3.409032501e-01
14680.0 3.509437372e-01
14690.0 3.618027812e-01
14700.0 3.726138919e-01
14710.0 3.841015505e-01
14720.0 3.958639616e-01
14730.0 4.069746876e-01
14740.0 4.173094491e-01
14750.0 4.255324774e-01
14760.0 4.333777819e-01
14770.0 4.389487317e-01
14780.0 4.440585278e-01
14790.0 4.480719442e-01
14800.0 4.525379892e-01
14810.0 4.558432721e-01
14820.0 4.585506621e-01
14830.0 4.609417027e-01
14840.0 4.635388304e-01
14850.0 4.637347970e-01
14860.0 4.642525769e-01
14870.0 4.635794178e-01
14880.0 4.641843792e-01
14890.0 4.649620048e-01
14900.0 4.665084130e-01
14910.0 4.672466095e-01
14920.0 4.674202987e-01
14930.0 4.669413937e-01
14940.0 4.657742449e-01
14950.0 4.656413486e-01
14960.0 4.652666391e-01
14970.0 4.664903435e-01
14980.0 4.676915044e-01
14990.0 4.683854170e-01
15000.0 4.679072526e-01
15010.0 4.678942971e-01
15020.0 4.677823633e-01
15030.0 4.675185774e-01
15040.0 4.675134386e-01
15050.0 4.685404522e-01
15060.0 4.705247240e-01
15070.0 4.706227008e-01
15080.0 4.710255663e-01
15090.0 4.714161965e-01
15100.0 4.713013692e-01
15110.0 4.718825837e-01
15120.0 4.720505982e-01
15130.0 4.726627445e-01
15140.0 4.732463690e-01
15150.0 4.738271363e-01
15160.0 4.744255935e-01
15170.0 4.747103569e-01
15180.0 4.744648298e-01
15190.0 4.735753007e-01
15200.0 4.727625049e-01
15210.0 4.724552275e-01
15220.0 4.729070230e-01
15230.0 4.744334221e-01
15240.0 4.755005215e-01
15250.0 4.751167124e-01
15260.0 4.748572639e-01
15270.0 4.753971201e-01
15280.0 4.765377745e-01
15290.0 4.766767766e-01
15300.0 4.773432012e-01
15310.0 4.772247063e-01
15320.0 4.784969932e-01
15330.0 4.784378783e-01
15340.0 4.778401945e-01
15350.0 4.774415156e-01
15360.0 4.771862277e-01
15370.0 4.775685639e-01
15380.0 4.783867911e-01
15390.0 4.791515958e-01
15400.0 4.790967864e-01
15410.0 4.786139154e-01
15420.0 4.779881343e-01
15430.0 4.763709782e-01
15440.0 4.753708697e-01
15450.0 4.749627489e-01
15460.0 4.762528757e-01
15470.0 4.769657610e-01
15480.0 4.773499452e-01
15490.0 4.775121034e-01
15500.0 4.769921719e-01
15510.0 4.759750097e-01
15520.0 4.757784539e-01
15530.0 4.762644999e-01
15540.0 4.763174022e-01
15550.0 4.770554599e-01
15560.0 4.776127239e-01
15570.0 4.770695739e-01
15580.0 4.753812289e-01
15590.0 4.739388105e-01
15600.0 4.737904124e-01
15610.0 4.742109357e-01
15620.0 4.746951883e-01
15630.0 4.752738392e-01
15640.0 4.768758680e-01
15650.0 4.768357040e-01
15660.0 4.751154430e-01
15670.0 4.739925779e-01
15680.0 4.737462044e-01
15690.0 4.742122524e-01
15700.0 4.746299511e-01
15710.0 4.752328086e-01
15720.0 4.762454279e-01
15730.0 4.765447351e-01
15740.0 4.762766094e-01
15750.0 4.755180155e-01
15760.0 4.755795099e-01
15770.0 4.759763497e-01
15780.0 4.766708710e-01
15790.0 4.777453259e-01
15800.0 4.787846808e-01
15810.0 4.795096012e-01
15820.0 4.776647693e-01
15830.0 4.764050765e-01
15840.0 4.766765553e-01
15850.0 4.780046134e-01
15860.0 4.778420159e-01
15870.0 4.771931016e-01
15880.0 4.773312474e-01
15890.0 4.768343693e-01
15900.0 4.763284447e-01
15910.0 4.752524363e-01
15920.0 4.754376683e-01
15930.0 4.756979778e-01
15940.0 4.760975000e-01
15950.0 4.761823203e-01
15960.0 4.763711671e-01
15970.0 4.773632097e-01
15980.0 4.768275229e-01
15990.0 4.764349161e-01
16000.0 4.761296363e-01
16010.0 4.766651713e-01
16020.0 4.780671779e-01
16030.0 4.801354900e-01
16040.0 4.821943661e-01
16050.0 4.814469198e-01
16060.0 4.804895633e-01
16070.0 4.794863140e-01
16080.0 4.793103680e-01
16090.0 4.796488613e-01
16100.0 4.806369909e-01
16110.0 4.813092058e-01
16120.0 4.804339711e-01
16130.0 4.807479819e-01
16140.0 4.815907650e-01
16150.0 4.821057883e-01
16160.0 4.805188854e-01
16170.0 4.797532152e-01
16180.0 4.803502652e-01
16190.0 4.815804438e-01
16200.0 4.822041381e-01
16210.0 4.819429734e-01
16220.0 4.804303927e-01
16230.0 4.790918626e-01
16240.0 4.778942450e-01
16250.0 4.788040253e-01
16260.0 4.802828419e-01
16270.0 4.814350599e-01
16280.0 4.807646279e-01
16290.0 4.812912998e-01
16300.0 4.807136649e-01
16310.0 4.781241089e-01
16320.0 4.762619703e-01
16330.0 4.764698760e-01
16340.0 4.780105306e-01
16350.0 4.791527809e-01
16360.0 4.811626679e-01
16370.0 4.813375832e-01
16380.0 4.812163269e-01
16390.0 4.804970339e-01
16400.0 4.811872984e-01
16410.0 4.824930204e-01
16420.0 4.837880720e-01
16430.0 4.836828227e-01
16440.0 4.839746154e-01
16450.0 4.840069097e-01
16460.0 4.843080395e-01
16470.0 4.840828053e-01
16480.0 4.844527433e-01
16490.0 4.837518517e-01
16500.0 4.843677631e-01
16510.0 4.857611039e-01
16520.0 4.873874003e-01
16530.0 4.873658398e-01
16540.0 4.862543178e-01
16550.0 4.857534579e-01
16560.0 4.854836285e-01
16570.0 4.854482993e-01
16580.0 4.854756382e-01
16590.0 4.865285909e-01
16600.0 4.877714542e-01
16610.0 4.873982392e-01
16620.0 4.867767085e-01
16630.0 4.866346065e-01
16640.0 4.855747713e-01
16650.0 4.850394937e-01
16660.0 4.851066093e-01
16670.0 4.861218041e-01
16680.0 4.859126826e-01
16690.0 4.857254159e-01
16700.0 4.841766690e-01
16710.0 4.825909271e-01
16720.0 4.806965017e-01
16730.0 4.805225983e-01
16740.0 4.824975378e-01
16750.0 4.842257620e-01
16760.0 4.851626848e-01
16770.0 4.849175456e-01
16780.0 4.843660751e-01
16790.0 4.841875699e-01
16800.0 4.854090824e-01
16810.0 4.849006463e-01
16820.0 4.835029202e-01
16830.0 4.836698604e-01
16840.0 4.845229068e-01
16850.0 4.856541454e-01
16860.0 4.850481922e-01
16870.0 4.836897577e-01
16880.0 4.824031032e-01
16890.0 4.829314386e-01
16900.0 4.832593562e-01
16910.0 4.840898071e-01
16920.0 4.851884698e-01
16930.0 4.870364970e-01
16940.0 4.871048506e-01
16950.0 4.873211908e-01
16960.0 4.861469259e-01
16970.0 4.866483677e-01
16980.0 4.867349158e-01
16990.0 4.874419072e-01
17000.0 4.881305330e-01
17010.0 4.896223211e-01
17020.0 4.895791905e-01
17030.0 4.880871462e-01
17040.0 4.863876779e-01
17050.0 4.855101627e-01
17060.0 4.864335104e-01
17070.0 4.869161277e-01
17080.0 4.872219933e-01
17090.0 4.874287951e-01
17100.0 4.869255705e-01
17110.0 4.866916731e-01
17120.0 4.859803461e-01
17130.0 4.851355142e-01
17140.0 4.847402311e-01
17150.0 4.854362526e-01
17160.0 4.865001153e-01
17170.0 4.868649399e-01
17180.0 4.882680119e-01
17190.0 4.881584865e-01
17200.0 4.875858299e-01
17210.0 4.860100424e-01
17220.0 4.867867656e-01
17230.0 4.874841433e-01
17240.0 4.880735133e-01
17250.0 4.891508440e-01
17260.0 4.908000532e-01
17270.0 4.919908070e-01
17280.0 4.902709667e-01
17290.0 4.887481362e-01
17300.0 4.873767968e-01
17310.0 4.879287879e-01
17320.0 4.884719687e-01
17330.0 4.891441988e-01
17340.0 4.892128886e-01
17350.0 4.886354803e-01
17360.0 4.882716127e-01
17370.0 4.876454673e-01
17380.0 4.883106291e-01
17390.0 4.888093581e-01
17400.0 4.893687674e-01
17410.0 4.894602130e-01
17420.0 4.898540677e-01
17430.0 4.908402262e-01
17440.0 4.905283438e-01
17450.0 4.897208390e-01
17460.0 4.889425646e-01
17470.0 4.888523204e-01
17480.0 4.888742811e-01
17490.0 4.899287816e-01
17500.0 4.918030446e-01
17510.0 4.920799082e-01
17520.0 4.913104545e-01
17530.0 4.904018299e-01
17540.0 4.898753626e-01
17550.0 4.905122927e-01
17560.0 4.910819152e-01
17570.0 4.922781262e-01
17580.0 4.919235621e-01
17590.0 4.923895330e-01
17600.0 4.924658831e-01
17610.0 4.917544384e-01
17620.0 4.904818009e-01
17630.0 4.904429829e-01
17640.0 4.914936683e-01
17650.0 4.927546301e-01
17660.0 4.936569266e-01
17670.0 4.940500905e-01
17680.0 4.927558522e-01
17690.0 4.918372160e-01
17700.0 4.908621469e-01
17710.0 4.916363298e-01
17720.0 4.919775405e-01
17730.0 4.916469920e-01
17740.0 4.924056496e-01
17750.0 4.950463685e-01
17760.0 5.001682695e-01
17770.0 4.983715709e-01
17780.0 4.945518495e-01
17790.0 4.913330168e-01
17800.0 4.936535742e-01
17810.0 4.948383987e-01
17820.0 4.961710339e-01
17830.0 4.972292490e-01
17840.0 4.970776315e-01
17850.0 4.956701856e-01
17860.0 4.947817422e-01
17870.0 4.950231163e-01
17880.0 4.957278585e-01
17890.0 4.965417758e-01
17900.0 4.970068179e-01
17910.0 4.970192849e-01
17920.0 4.962807836e-01
17930.0 4.949123687e-01
17940.0 4.941077472e-01
17950.0 4.940028962e-01
17960.0 4.933038178e-01
17970.0 4.938008789e-01
17980.0 4.948215320e-01
17990.0 4.966171409e-01
18000.0 4.966602062e-01
18010.0 4.964918823e-01
18020.0 4.961838509e-01
18030.0 4.958349349e-01
18040.0 4.957867809e-01
18050.0 4.961412384e-01
18060.0 4.974332501e-01
18070.0 4.983458597e-01
18080.0 4.986268693e-01
18090.0 4.982250994e-01
18100.0 4.980518836e-01
18110.0 4.977713769e-01
18120.0 4.978532219e-01
18130.0 4.988094582e-01
18140.0 5.009151079e-01
18150.0 5.018824232e-01
18160.0 5.016696319e-01
18170.0 5.011565829e-01
18180.0 4.999802342e-01
18190.0 4.982801989e-01
18200.0 4.971272356e-01
18210.0 4.971105723e-01
18220.0 4.979736005e-01
18230.0 4.983716731e-01
18240.0 4.986335378e-01
18250.0 4.982273099e-01
18260.0 4.975459116e-01
18270.0 4.965971601e-01
18280.0 4.963743597e-01
18290.0 4.962187576e-01
18300.0 4.967097307e-01
18310.0 4.976316241e-01
18320.0 4.989563092e-01
18330.0 4.986832283e-01
18340.0 4.977512625e-01
18350.0 4.973343850e-01
18360.0 4.973866235e-01
18370.0 4.975287619e-01
18380.0 4.982142428e-01
18390.0 5.003357003e-01
18400.0 5.006688451e-01
18410.0 4.996182576e-01
18420.0 4.977106440e-01
18430.0 4.966652746e-01
18440.0 4.964658091e-01
18450.0 4.974576920e-01
18460.0 4.988278076e-01
18470.0 4.993143139e-01
18480.0 4.994466802e-01
18490.0 4.991459188e-01
18500.0 4.981989460e-01
18510.0 4.970704291e-01
18520.0 4.966759273e-01
18530.0 4.969688809e-01
18540.0 4.978519626e-01
18550.0 4.993530657e-01
18560.0 4.990132230e-01
18570.0 4.979915340e-01
18580.0 4.966798721e-01
18590.0 4.963096750e-01
18600.0 4.961906695e-01
18610.0 4.959124086e-01
18620.0 4.967597908e-01
18630.0 4.979274021e-01
18640.0 4.993524301e-01
18650.0 4.991245565e-01
18660.0 4.978525757e-01
18670.0 4.961577885e-01
18680.0 4.959297033e-01
18690.0 4.976736808e-01
18700.0 4.983895938e-01
18710.0 4.987197366e-01
18720.0 4.983805228e-01
18730.0 4.995234754e-01
18740.0 5.003975346e-01
18750.0 5.003191259e-01
18760.0 4.996642547e-01
18770.0 5.000433956e-01
18780.0 5.006670658e-01
18790.0 5.015089690e-01
18800.0 5.020987698e-01
18810.0 5.011900195e-01
18820.0 4.991166490e-01
18830.0 4.975093481e-01
18840.0 4.976120715e-01
18850.0 4.983648401e-01
18860.0 4.992547241e-01
18870.0 5.001124931e-01
18880.0 4.998713917e-01
18890.0 4.995511084e-01
18900.0 4.985777788e-01
18910.0 4.974838470e-01
18920.0 4.977436043e-01
18930.0 4.976142406e-01
18940.0 4.976870682e-01
18950.0 4.987533346e-01
18960.0 4.998613223e-01
18970.0 5.005799607e-01
18980.0 4.995704555e-01
18990.0 4.982759092e-01
19000.0 4.973533553e-01
19010.0 4.982886823e-01
19020.0 4.988210530e-01
19030.0 4.991105439e-01
19040.0 4.995414549e-01
19050.0 4.998386042e-01
19060.0 4.991748094e-01
19070.0 4.986171149e-01
19080.0 4.987683913e-01
19090.0 4.999082669e-01
19100.0 5.013394969e-01
19110.0 5.025839904e-01
19120.0 5.033521980e-01
19130.0 5.036293483e-01
19140.0 5.029022747e-01
19150.0 5.019131984e-01
19160.0 5.004044350e-01
19170.0 5.001665448e-01
19180.0 5.014617169e-01
19190.0 5.021652736e-01
19200.0 5.025550333e-01
19210.0 5.018222386e-01
19220.0 5.017161078e-01
19230.0 5.008990940e-01
19240.0 5.005659780e-01
19250.0 4.995818307e-01
19260.0 4.993104661e-01
19270.0 5.004960693e-01
19280.0 5.015062576e-01
19290.0 5.015769325e-01
19300.0 5.010548748e-01
19310.0 5.001386488e-01
19320.0 4.987004363e-01
19330.0 4.972671321e-01
19340.0 4.978909086e-01
19350.0 4.992081153e-01
19360.0 5.005791466e-01
19370.0 5.004850186e-01
19380.0 5.007990461e-01
19390.0 5.002321140e-01
19400.0 4.998266856e-01
19410.0 4.994810780e-01
19420.0 5.006273994e-01
19430.0 5.020081319e-01
19440.0 5.031908569e-01
19450.0 5.041408654e-01
19460.0 5.049007402e-01
19470.0 5.043255269e-01
19480.0 5.028836672e-01
19490.0 5.016802043e-01
19500.0 5.019412459e-01
19510.0 5.030782341e-01
19520.0 5.038864321e-01
19530.0 5.035949133e-01
19540.0 5.032216846e-01
19550.0 5.026756331e-01
19560.0 5.024193131e-01
19570.0 5.019207599e-01
19580.0 5.006903613e-01
19590.0 4.989104500e-01
19600.0 4.977015821e-01
19610.0 4.982533465e-01
19620.0 5.003690504e-01
19630.0 5.021104850e-01
19640.0 5.027035286e-01
19650.0 5.023062050e-01
19660.0 5.030134430e-01
19670.0 5.043046779e-01
19680.0 5.051970415e-01
19690.0 5.047174833e-01
19700.0 5.036697097e-01
19710.0 5.037896633e-01
19720.0 5.033741921e-01
19730.0 5.035702757e-01
19740.0 5.031675421e-01
19750.0 5.035111945e-01
19760.0 5.039259822e-01
19770.0 5.043478253e-01
19780.0 5.050467679e-01
19790.0 5.058765623e-01
19800.0 5.057531876e-01
19810.0 5.055416490e-01
19820.0 5.053925029e-01
19830.0 5.057663694e-01
19840.0 5.061140423e-01
19850.0 5.068790028e-01
19860.0 5.074043835e-01
19870.0 5.082261391e-01
19880.0 5.078374369e-01
19890.0 5.081095252e-01
19900.0 5.076397039e-01
19910.0 5.079569301e-01
19920.0 5.081716639e-01
19930.0 5.081506299e-01
19940.0 5.075084300e-01
19950.0 5.052101377e-01
19960.0 5.030045467e-01
19970.0 5.011951606e-01
19980.0 5.033951626e-01
19990.0 5.051214430e-01
20000.0 5.057163598e-01
20010.0 5.049531797e-01
20020.0 5.045065915e-01
20030.0 5.039088591e-01
20040.0 5.036605544e-01
20050.0 5.040417275e-01
20060.0 5.041559267e-01
20070.0 5.052329378e-01
20080.0 5.053538722e-01
20090.0 5.055867739e-01
20100.0 5.047621573e-01
20110.0 5.036571461e-01
20120.0 5.031840554e-01
20130.0 5.032585321e-01
20140.0 5.038325110e-01
20150.0 5.031919922e-01
20160.0 5.032211959e-01
20170.0 5.032959355e-01
20180.0 5.033052780e-01
20190.0 5.025209265e-01
20200.0 5.010910318e-01
20210.0 5.011711599e-01
20220.0 5.028059919e-01
20230.0 5.037709608e-01
20240.0 5.035824917e-01
20250.0 5.021421316e-01
20260.0 5.020504418e-01
20270.0 5.022786987e-01
20280.0 5.020021110e-01
20290.0 5.014215820e-01
20300.0 5.024937961e-01
20310.0 5.039319995e-01
20320.0 5.045210565e-01
20330.0 5.037408014e-01
20340.0 5.029978873e-01
20350.0 5.031808936e-01
20360.0 5.032117741e-01
20370.0 5.030546528e-01
20380.0 5.031995921e-01
20390.0 5.041820914e-01
20400.0 5.033006782e-01
20410.0 5.021336645e-01
20420.0 5.017189380e-01
20430.0 5.019394493e-01
20440.0 5.019480898e-01
20450.0 5.018748750e-01
20460.0 5.013692359e-01
20470.0 5.017065275e-01
20480.0 5.016665530e-01
20490.0 5.014736632e-01
20500.0 5.017722940e-01
20510.0 5.011429980e-01
20520.0 5.003752995e-01
20530.0 4.998337960e-01
20540.0 5.005914147e-01
20550.0 5.010546819e-01
20560.0 5.020095839e-01
20570.0 5.022521836e-01
20580.0 5.032763006e-01
20590.0 5.035848262e-01
20600.0 5.027454951e-01
20610.0 5.026951084e-01
20620.0 5.025234196e-01
20630.0 5.039089963e-01
20640.0 5.039711045e-01
20650.0 5.035578410e-01
20660.0 5.028938811e-01
20670.0 5.025869060e-01
20680.0 5.024664748e-01
20690.0 5.020379895e-01
20700.0 5.030568461e-01
20710.0 5.038782677e-01
20720.0 5.062278832e-01
20730.0 5.066559158e-01
20740.0 5.068210923e-01
20750.0 5.077100065e-01
20760.0 5.076764687e-01
20770.0 5.064914123e-01
20780.0 5.046680407e-01
20790.0 5.052845231e-01
20800.0 5.068827018e-01
20810.0 5.084468828e-01
20820.0 5.086770634e-01
20830.0 5.091458158e-01
20840.0 5.097332243e-01
20850.0 5.087533564e-01
20860.0 5.091562893e-01
20870.0 5.091696789e-01
20880.0 5.102460431e-01
20890.0 5.086878741e-01
20900.0 5.067537507e-01
20910.0 5.054103800e-01
20920.0 5.058921281e-01
20930.0 5.068099060e-01
20940.0 5.071241896e-01
20950.0 5.057096301e-01
20960.0 5.050834781e-01
20970.0 5.062019902e-01
20980.0 5.071666549e-01
20990.0 5.068064633e-01
21000.0 5.057027242e-01
21010.0 5.050088867e-01
21020.0 5.044774358e-01
21030.0 5.036260780e-01
21040.0 5.028458208e-01
21050.0 5.039830916e-01
21060.0 5.042253500e-01
21070.0 5.038873335e-01
21080.0 5.038561901e-01
21090.0 5.040599416e-01
21100.0 5.044127467e-01
21110.0 5.032540779e-01
21120.0 5.019099596e-01
21130.0 5.019799543e-01
21140.0 5.029758993e-01
21150.0 5.025763959e-01
21160.0 5.026897879e-01
21170.0 5.027490541e-01
21180.0 5.033491743e-01
21190.0 5.041558056e-01
21200.0 5.050983991e-01
21210.0 5.059714318e-01
21220.0 5.065717528e-01
21230.0 5.058830103e-01
21240.0 5.057027239e-01
21250.0 5.069423927e-01
21260.0 5.084707994e-01
21270.0 5.084444470e-01
21280.0 5.072885746e-01
21290.0 5.067181180e-01
21300.0 5.079594036e-01
21310.0 5.090309382e-01
21320.0 5.088445444e-01
21330.0 5.079777574e-01
21340.0 5.066247758e-01
21350.0 5.071971703e-01
21360.0 5.067947651e-01
21370.0 5.063461208e-01
21380.0 5.056976348e-01
21390.0 5.044715828e-01
21400.0 5.030862087e-01
21410.0 5.021473274e-01
21420.0 5.025959797e-01
21430.0 5.024583664e-01
21440.0 5.021462060e-01
21450.0 5.010645928e-01
21460.0 5.010085547e-01
21470.0 5.011914161e-01
21480.0 5.015572991e-01
21490.0 5.029563625e-01
21500.0 5.025128865e-01
21510.0 5.015969087e-01
21520.0 5.000697859e-01
21530.0 4.992458107e-01
21540.0 4.989722779e-01
21550.0 4.992045192e-01
21560.0 4.998020980e-01
21570.0 4.988421887e-01
21580.0 4.980115028e-01
21590.0 4.983581274e-01
21600.0 4.991978935e-01
21610.0 4.993467810e-01
21620.0 4.982545779e-01
21630.0 4.981968617e-01
21640.0 4.977218989e-01
21650.0 4.961586528e-01
21660.0 4.946547113e-01
21670.0 4.948318049e-01
21680.0 4.952048702e-01
21690.0 4.942828801e-01
21700.0 4.933575163e-01
21710.0 4.928091890e-01
21720.0 4.936393068e-01
21730.0 4.934539029e-01
21740.0 4.934746405e-01
21750.0 4.926329554e-01
21760.0 4.904625894e-01
21770.0 4.878810049e-01
21780.0 4.858602979e-01
21790.0 4.841006941e-01
21800.0 4.821445823e-01
21810.0 4.806847007e-01
21820.0 4.796951764e-01
21830.0 4.783730284e-01
21840.0 4.763410508e-01
21850.0 4.726690652e-01
21860.0 4.698009421e-01
21870.0 4.664376005e-01
21880.0 4.648240688e-01
21890.0 4.617200679e-01
21900.0 4.600273975e-01
21910.0 4.562500576e-01
21920.0 4.539470915e-01
21930.0 4.507481090e-01
21940.0 4.479814405e-01
21950.0 4.440835332e-01
21960.0 4.411753365e-01
21970.0 4.383143432e-01
21980.0 4.343679013e-01
21990.0 4.300850861e-01
22000.0 4.270473584e-01
22010.0 4.231693236e-01
22020.0 4.187171855e-01
22030.0 4.137624826e-01
22040.0 4.100274068e-01
22050.0 4.071752639e-01
22060.0 4.051359824e-01
22070.0 4.027704244e-01
22080.0 4.003145062e-01
22090.0 3.970394749e-01
22100.0 3.946186328e-01
22110.0 3.930388211e-01
22120.0 3.926806966e-01
22130.0 3.924178556e-01
22140.0 3.915310306e-01
22150.0 3.901363546e-01
22160.0 3.898094529e-01
22170.0 3.903459934e-01
22180.0 3.910486500e-01
22190.0 3.910993764e-01
22200.0 3.913912410e-01
22210.0 3.919985418e-01
22220.0 3.921263941e-01
22230.0 3.939879815e-01
22240.0 3.950360840e-01
22250.0 3.956992143e-01
22260.0 3.953909496e-01
22270.0 3.956082425e-01
22280.0 3.963447409e-01
22290.0 3.978416082e-01
22300.0 3.996704830e-01
22310.0 4.008469943e-01
22320.0 4.017338246e-01
22330.0 4.031251374e-01
22340.0 4.046778214e-01
22350.0 4.059007029e-01
22360.0 4.074220323e-01
22370.0 4.080968331e-01
22380.0 4.085841476e-01
22390.0 4.098894100e-01
22400.0 4.118138762e-01
22410.0 4.115917982e-01
22420.0 4.104309698e-01
22430.0 4.099984373e-01
22440.0 4.113704398e-01
22450.0 4.131846059e-01
22460.0 4.145802685e-01
22470.0 4.148399585e-01
22480.0 4.137712056e-01
22490.0 4.135153405e-01
22500.0 4.139780159e-01
22510.0 4.157737605e-01
22520.0 4.157138960e-01
22530.0 4.152724926e-01
22540.0 4.150589197e-01
22550.0 4.157975267e-01
22560.0 4.169958077e-01
22570.0 4.176317150e-01
22580.0 4.178459563e-01
22590.0 4.181184880e-01
22600.0 4.189457938e-01
22610.0 4.195782870e-01
22620.0 4.210167626e-01
22630.0 4.217586777e-01
22640.0 4.217658223e-01
22650.0 4.216699195e-01
22660.0 4.234271198e-01
22670.0 4.245665440e-01
22680.0 4.253973757e-01
22690.0 4.265364255e-01
22700.0 4.285709762e-01
22710.0 4.307228350e-01
22720.0 4.330193771e-01
22730.0 4.342778362e-01
22740.0 4.350585051e-01
22750.0 4.359526289e-01
22760.0 4.370182182e-01
22770.0 4.381513233e-01
22780.0 4.388479588e-01
22790.0 4.394780958e-01
22800.0 4.395443537e-01
22810.0 4.399807724e-01
22820.0 4.418198119e-01
22830.0 4.442004490e-01
22840.0 4.461664651e-01
22850.0 4.463951353e-01
22860.0 4.465891016e-01
22870.0 4.472956191e-01
22880.0 4.488135370e-01
22890.0 4.499032804e-01
22900.0 4.506798421e-01
22910.0 4.506747416e-01
22920.0 4.504717438e-01
22930.0 4.512205419e-01
22940.0 4.534855151e-01
22950.0 4.551357967e-01
22960.0 4.551850951e-01
22970.0 4.548702760e-01
22980.0 4.547947691e-01
22990.0 4.564722382e-01
23000.0 4.575138453e-01
23010.0 4.572129840e-01
23020.0 4.559469023e-01
23030.0 4.552332627e-01
23040.0 4.557490938e-01
23050.0 4.561291389e-01
23060.0 4.557641722e-01
23070.0 4.545768775e-01
23080.0 4.537615824e-01
23090.0 4.534734108e-01
23100.0 4.526825011e-01
23110.0 4.509736591e-01
23120.0 4.482172337e-01
23130.0 4.438726560e-01
23140.0 4.389750103e-01
23150.0 4.335931912e-01
23160.0 4.294742206e-01
23170.0 4.247336722e-01
23180.0 4.183628492e-01
23190.0 4.103236802e-01
23200.0 4.015105825e-01
23210.0 3.924225489e-01
23220.0 3.835153300e-01
23230.0 3.739017113e-01
23240.0 3.624371017e-01
23250.0 3.504282153e-01
23260.0 3.390119075e-01
23270.0 3.276052003e-01
23280.0 3.167393038e-01
23290.0 3.054098519e-01
23300.0 2.939488155e-01
23310.0 2.816851077e-01
23320.0 2.707841086e-01
23330.0 2.600444241e-01
23340.0 2.488235509e-01
23350.0 2.368515382e-01
23360.0 2.253034226e-01
23370.0 2.149998885e-01
23380.0 2.056589917e-01
23390.0 1.973009412e-01
23400.0 1.898569613e-01
23410.0 1.835795630e-01
23420.0 1.786438424e-01
23430.0 1.747809963e-01
23440.0 1.721084509e-01
23450.0 1.699142009e-01
23460.0 1.685103399e-01
23470.0 1.675095092e-01
23480.0 1.672367253e-01
23490.0 1.669584234e-01
23500.0 1.662073932e-01
23510.0 1.651186464e-01
23520.0 1.634107645e-01
23530.0 1.615611811e-01
23540.0 1.590297672e-01
23550.0 1.560883674e-01
23560.0 1.523049032e-01
23570.0 1.475884689e-01
23580.0 1.422700196e-01
23590.0 1.362773053e-01
23600.0 1.298763254e-01
23610.0 1.224949441e-01
23620.0 1.144807686e-01
23630.0 1.057019800e-01
23640.0 9.692137680e-02
23650.0 8.815351786e-02
23660.0 7.934432823e-02
23670.0 7.060748055e-02
23680.0 6.201629151e-02
23690.0 5.385911970e-02
23700.0 4.634161558e-02
23710.0 3.959936311e-02
23720.0 3.363369944e-02
23730.0 2.840427597e-02
23740.0 2.404999951e-02
23750.0 2.209031017e-02
23760.0 2.038147059e-02
23770.0 1.901977710e-02
23780.0 1.801241971e-02
23790.0 1.729670345e-02
23800.0 1.683045671e-02
23810.0 1.500652912e-02
23820.0 1.353695197e-02
23830.0 1.231737948e-02
23840.0 1.123737115e-02
23850.0 1.034158924e-02
23860.0 9.540783456e-03
23870.0 8.826502407e-03
23880.0 8.167059258e-03
23890.0 7.512084735e-03
23900.0 6.899633918e-03
23910.0 6.333118929e-03
23920.0 5.814043355e-03
23930.0 5.323248795e-03
23940.0 4.845602229e-03
23950.0 4.380618156e-03
23960.0 3.954075213e-03
23970.0 3.574605412e-03
23980.0 3.228649046e-03
23990.0 2.903957867e-03
24000.0 2.599534243e-03
24010.0 2.316562691e-03
24020.0 2.061325916e-03
24030.0 1.830281327e-03
24040.0 1.622056331e-03
24050.0 1.427445377e-03
24060.0 1.253573433e-03
24070.0 1.098983156e-03
24080.0 9.639074398e-04
24090.0 8.431937955e-04
24100.0 7.360334196e-04
24110.0 6.398532011e-04
24120.0 5.546621695e-04
24130.0 4.811480327e-04
24140.0 4.181289680e-04
24150.0 3.636740050e-04
24160.0 3.161448643e-04
24170.0 2.742719741e-04
24180.0 2.381514714e-04
24190.0 2.069403163e-04
24200.0 1.803632042e-04
24210.0 1.575215351e-04
24220.0 1.380025210e-04
24230.0 1.210075059e-04
24240.0 1.064604411e-04
24250.0 9.424103375e-05
24260.0 8.356846851e-05
24270.0 7.416460170e-05
24280.0 6.576577581e-05
24290.0 5.849274670e-05
24300.0 5.221285836e-05
24310.0 4.669979178e-05
24320.0 4.189483430e-05
24330.0 3.753458810e-05
24340.0 3.366788954e-05
24350.0 3.021712707e-05
24360.0 2.713448729e-05
24370.0 2.436031297e-05
24380.0 2.184116560e-05
24390.0 1.956269757e-05
24400.0 1.747231560e-05
24410.0 1.564346723e-05
24420.0 1.398170969e-05
24430.0 1.247677469e-05
24440.0 1.108285208e-05
24450.0 9.816669323e-06
24460.0 8.687179626e-06
24470.0 7.683292437e-06
24480.0 6.796177465e-06
24490.0 5.984420010e-06
24500.0 5.433921152e-06
24510.0 4.915976046e-06
24520.0 4.446902980e-06
24530.0 4.013842914e-06
24540.0 3.613958104e-06
24550.0 3.247913960e-06
24560.0 2.916488418e-06
24570.0 2.619939344e-06
24580.0 2.356720228e-06
24590.0 2.116058549e-06
24600.0 1.895478908e-06
24610.0 1.692001028e-06
24620.0 1.511778684e-06
24630.0 1.353437605e-06
24640.0 1.213915445e-06
24650.0 1.086077238e-06
24660.0 9.695338544e-07
24670.0 8.659713578e-07
24680.0 7.736626637e-07
24690.0 6.790748780e-07
24700.0 6.087043175e-07
24710.0 5.346061060e-07
24720.0 4.788791608e-07
24730.0 4.211444535e-07
24740.0 3.797082947e-07
24750.0 3.343525784e-07
24760.0 3.004731631e-07
24770.0 2.646169151e-07
24780.0 2.384935922e-07
24790.0 2.106020510e-07
24800.0 1.862821631e-07
24810.0 1.690987104e-07
24820.0 1.503525620e-07
24830.0 1.336720189e-07
24840.0 1.188282502e-07
24850.0 1.083684765e-07
24860.0 9.684497833e-08
24870.0 8.655876576e-08
24880.0 7.740845977e-08
24890.0 7.091549312e-08
24900.0 6.365149609e-08
24910.0 5.729508900e-08
24920.0 5.159792797e-08
24930.0 4.643980773e-08
24940.0 4.175812300e-08
24950.0 3.769681155e-08
24960.0 3.406738390e-08
24970.0 3.088511458e-08
24980.0 2.798540850e-08
24990.0 2.535531599e-08
25000.0 2.295602003e-08
25010.0 2.080420373e-08
25020.0 1.890380962e-08
25030.0 1.715497599e-08
25040.0 1.556615802e-08
25050.0 1.416442610e-08
25060.0 1.294575601e-08
25070.0 1.185387114e-08
25080.0 1.082468296e-08
25090.0 9.882033790e-09
25100.0 9.014729840e-09
25110.0 8.251245322e-09
25120.0 7.567242804e-09
25130.0 6.947606357e-09
25140.0 6.369034792e-09
25150.0 5.836049704e-09
25160.0 5.356333274e-09
25170.0 4.921478467e-09
25180.0 4.521884272e-09
25190.0 4.148231187e-09
25200.0 3.807458707e-09
25210.0 3.494132530e-09
25220.0 3.212817934e-09
25230.0 2.951686018e-09
25240.0 2.713596735e-09
25250.0 2.488649452e-09
25260.0 2.283460034e-09
25270.0 2.097415372e-09
25280.0 1.930491085e-09
25290.0 1.779746096e-09
25300.0 1.637057011e-09
25310.0 1.498511525e-09
25320.0 1.372640971e-09
25330.0 1.259932383e-09
25340.0 1.157494512e-09
25350.0 1.060856192e-09
25360.0 9.724539679e-10
25370.0 8.889597706e-10
25380.0 8.135545777e-10
25390.0 7.442866685e-10
25400.0 6.817746132e-10
25410.0 6.230460583e-10
25420.0 5.695007955e-10
25430.0 5.192743195e-10
25440.0 4.738577790e-10
25450.0 4.316565642e-10
25460.0 3.922468457e-10
25470.0 3.556476218e-10
25480.0 3.231827769e-10
25490.0 2.945110714e-10
25500.0 2.685028789e-10
25510.0 2.434273029e-10
25520.0 2.207390390e-10
25530.0 2.001793883e-10
25540.0 1.812679705e-10
25550.0 1.638573644e-10
25560.0 1.480365372e-10
25570.0 1.336173277e-10
25580.0 1.207231849e-10
25590.0 1.094808097e-10
25600.0 9.926534630e-11
25610.0 8.957283605e-11
25620.0 8.059209541e-11
25630.0 7.251221153e-11
25640.0 6.543744749e-11
25650.0 5.910672853e-11
25660.0 5.328914597e-11
25670.0 4.804177470e-11
25680.0 4.335551313e-11
25690.0 3.907682956e-11
25700.0 3.514067775e-11
25710.0 3.144842317e-11
25720.0 2.827598104e-11
25730.0 2.548381187e-11
25740.0 2.303409210e-11
25750.0 2.074447354e-11
25760.0 1.870693914e-11
25770.0 1.684397219e-11
25780.0 1.514622281e-11
25790.0 1.363862103e-11
25800.0 1.224195588e-11
25810.0 1.098379732e-11
25820.0 9.873438272e-12
25830.0 8.867681643e-12
25840.0 7.945299483e-12
25850.0 7.140972582e-12
25860.0 6.412565331e-12
25870.0 5.730385075e-12
25880.0 5.092189160e-12
25890.0 4.549464449e-12
25900.0 4.085055057e-12
25910.0 3.668809224e-12
25920.0 3.278449494e-12
25930.0 2.927505702e-12
25940.0 2.609337156e-12
25950.0 2.317643565e-12
25960.0 2.059387137e-12
25970.0 1.835439151e-12
25980.0 1.638126188e-12
