 5507.9 2.426613798e-09
 5517.9 3.179665058e-09
 5527.9 3.681558353e-10
 5537.9 2.005401804e-09
 5547.9 2.772523127e-09
 5557.9 2.023932357e-09
 5567.9 2.202870345e-09
 5577.9 5.331398111e-10
 5587.9 2.910912487e-09
 5597.9 2.967568463e-09
 5607.9 1.289101797e-10
 5617.9 1.058917083e-09
 5627.9 1.860862188e-09
 5637.9 2.919949614e-09
 5647.9 8.415087801e-10
 5657.9 4.637394718e-09
 5667.9 4.197120692e-10
 5677.9 6.824920626e-09
 5687.9 3.429091517e-09
 5697.9 2.932746906e-09
 5707.9 5.681289644e-09
 5717.9 2.057502067e-09
 5727.9 2.026259054e-09
 5737.9 4.607788119e-09
 5747.9 2.705188189e-09
 5757.9 3.170225614e-09
 5767.9 1.205105708e-09
 5777.9 9.624592123e-09
 5787.9 7.128121892e-09
 5797.9 6.383330332e-09
 5807.9 4.398565519e-09
 5817.9 7.003654841e-10
 5827.9 5.991983710e-09
 5837.9 1.207004738e-08
 5847.9 9.193227728e-09
 5857.9 2.001739422e-08
 5867.9 8.357401164e-09
 5877.9 1.119114104e-08
 5887.9 5.725596290e-09
 5897.9 1.709313965e-08
 5907.9 7.606872927e-10
 5917.9 1.565950282e-08
 5927.9 1.947920149e-08
 5937.9 3.142021172e-08
 5947.9 1.958695369e-08
 5957.9 2.341918604e-08
 5967.9 6.184357247e-08
 5977.9 7.979603484e-09
 5987.9 1.465343391e-08
 5997.9 7.343365980e-09
 6007.9 2.520954334e-08
 6017.9 2.609236850e-08
 6027.9 3.508964327e-08
 6037.9 6.056787654e-08
 6047.9 7.891346019e-09
 6057.9 1.509782074e-08
 6067.9 2.886672308e-08
 6077.9 1.233530220e-08
 6087.9 1.584422395e-08
 6097.9 8.959639930e-09
 6107.9 1.357441677e-08
 6117.9 1.031476786e-08
 6127.9 2.321652453e-08
 6137.9 3.262859051e-08
 6147.9 1.044228788e-08
 6157.9 2.736256872e-08
 6167.9 3.796416347e-08
 6177.9 2.756273018e-08
 6187.9 2.256567194e-08
 6197.9 3.131328846e-08
 6207.9 3.160371848e-08
 6217.9 3.327020598e-08
 6227.9 2.362761790e-08
 6237.9 3.263729347e-08
 6247.9 2.224460972e-08
 6257.9 1.486283296e-08
 6267.9 5.210547341e-08
 6277.9 1.975343305e-09
 6287.9 2.060429233e-08
 6297.9 1.057509469e-08
 6307.9 3.581996464e-08
 6317.9 1.961151989e-08
 6327.9 7.812687074e-09
 6337.9 1.764469288e-08
 6347.9 1.214631548e-08
 6357.9 8.098826449e-08
 6367.9 3.215531940e-08
 6377.9 2.211203914e-08
 6387.9 3.028489996e-08
 6397.9 6.386551046e-08
 6407.9 2.797444966e-08
 6417.9 2.561100676e-08
 6427.9 3.603165783e-08
 6437.9 2.913061934e-08
 6447.9 3.178405859e-08
 6457.9 4.011484531e-08
 6467.9 1.694163114e-08
 6477.9 3.294561751e-08
 6487.9 2.256168748e-08
 6497.9 4.612056224e-08
 6507.9 2.459340457e-08
 6517.9 3.161817913e-08
 6527.9 3.199369310e-08
 6537.9 4.640555805e-08
 6547.9 4.065538347e-08
 6557.9 3.583882240e-08
 6567.9 4.901574716e-08
 6577.9 6.908799607e-08
 6587.9 2.170847348e-08
 6597.9 4.983904758e-08
 6607.9 5.407165403e-08
 6617.9 7.061299251e-08
 6627.9 4.423722475e-08
 6637.9 5.553430138e-08
 6647.9 5.098779711e-08
 6657.9 5.050839485e-08
 6667.9 5.158536888e-08
 6677.9 1.043665269e-07
 6687.9 8.542404493e-08
 6697.9 7.229807651e-08
 6707.9 7.277501442e-08
 6717.9 6.310895488e-08
 6727.9 8.126003127e-08
 6737.9 6.178432769e-08
 6747.9 4.842944884e-08
 6757.9 5.017192751e-08
 6767.9 7.032917995e-08
 6777.9 6.093539577e-08
 6787.9 7.242395740e-08
 6797.9 1.063592059e-07
 6807.9 9.002193094e-08
 6817.9 7.867841342e-08
 6827.9 6.628913917e-08
 6837.9 6.020949714e-08
 6847.9 8.049246997e-08
 6857.9 9.479735768e-08
 6867.9 6.650803700e-08
 6877.9 7.135547342e-08
 6887.9 6.082336026e-08
 6897.9 8.691862516e-08
 6907.9 8.989462373e-08
 6917.9 8.570147448e-08
 6927.9 6.945141404e-08
 6937.9 7.797683176e-08
 6947.9 7.841122141e-08
 6957.9 8.978379244e-08
 6967.9 9.325758866e-08
 6977.9 8.861317826e-08
 6987.9 7.369528634e-08
 6997.9 4.319716377e-08
 7007.9 7.721258460e-08
 7017.9 9.123551570e-08
 7027.9 6.923840350e-08
 7037.9 7.926685904e-08
 7047.9 8.236596139e-08
 7057.9 8.076052753e-08
 7067.9 7.742728568e-08
 7077.9 6.912406864e-08
 7087.9 7.176551251e-08
 7097.9 6.346684764e-08
 7107.9 5.543490592e-08
 7117.9 3.758441728e-08
 7127.9 5.007868599e-08
 7137.9 7.793216509e-08
 7147.9 6.164862378e-08
 7157.9 7.731501308e-08
 7167.9 6.939020850e-08
 7177.9 9.605831370e-08
 7187.9 7.986235596e-08
 7197.9 8.861536500e-08
 7207.9 9.143696601e-08
 7217.9 8.952037030e-08
 7227.9 9.953249584e-08
 7237.9 9.235823820e-08
 7247.9 1.016178573e-07
 7257.9 1.093725297e-07
 7267.9 6.107891422e-08
 7277.9 7.252991575e-08
 7287.9 7.727634619e-08
 7297.9 5.380745694e-08
 7307.9 6.552650558e-08
 7317.9 4.076525379e-08
 7327.9 7.866684656e-08
 7337.9 7.289342435e-08
 7347.9 7.619960121e-08
 7357.9 7.822985165e-08
 7367.9 8.403678191e-08
 7377.9 1.091288475e-07
 7387.9 1.031730995e-07
 7397.9 8.866313258e-08
 7407.9 9.528320855e-08
 7417.9 8.176788450e-08
 7427.9 9.985200288e-08
 7437.9 6.129310494e-08
 7447.9 7.165797132e-08
 7457.9 4.464769374e-08
 7467.9 5.363774132e-08
 7477.9 6.311852261e-08
 7487.9 9.639697171e-08
 7497.9 1.135397603e-07
 7507.9 1.120602270e-07
 7517.9 1.175461467e-07
 7527.9 9.709189467e-08
 7537.9 1.102102597e-07
 7547.9 9.053181515e-08
 7557.9 6.350092793e-08
 7567.9 1.086898504e-07
 7577.9 9.640394533e-08
 7587.9 8.810474625e-08
 7597.9 7.258280181e-08
 7607.9 8.265952571e-08
 7617.9 6.584986913e-08
 7627.9 7.294288427e-08
 7637.9 7.235688504e-08
 7647.9 9.096731206e-08
 7657.9 9.823911099e-08
 7667.9 8.899380052e-08
 7677.9 7.854671604e-08
 7687.9 7.391843275e-08
 7697.9 8.190675444e-08
 7707.9 1.056118112e-07
 7717.9 8.642457057e-08
 7727.9 6.512278006e-08
 7737.9 7.976672987e-08
 7747.9 8.302591354e-08
 7757.9 6.929414768e-08
 7767.9 4.781589588e-08
 7777.9 5.299780148e-08
 7787.9 7.096720509e-08
 7797.9 7.492365955e-08
 7807.9 4.282860864e-08
 7817.9 9.752267638e-08
 7827.9 6.540046621e-08
 7837.9 1.200180098e-07
 7847.9 6.607083185e-08
 7857.9 5.096353025e-08
 7867.9 4.461070420e-08
 7877.9 8.918370814e-08
 7887.9 7.684054200e-08
 7897.9 3.774763779e-08
 7907.9 7.061012496e-08
 7917.9 4.747936961e-08
 7927.9 7.751746440e-08
 7937.9 3.174539715e-08
 7947.9 3.596178628e-08
 7957.9 3.349010334e-08
 7967.9 1.856205578e-08
 7977.9 5.069481816e-08
 7987.9 2.874849492e-08
 7997.9 5.803871115e-08
 8007.9 7.378325387e-08
 8017.9 7.581979573e-08
 8027.9 4.208758080e-08
 8037.9 6.917500809e-08
 8047.9 2.180021256e-08
 8057.9 5.648957767e-08
 8067.9 4.186737371e-08
 8077.9 3.166627598e-08
 8087.9 5.457201391e-08
 8097.9 2.898368119e-08
 8107.9 6.782966016e-08
 8117.9 1.102778627e-08
 8127.9 7.693341005e-08
 8137.9 5.208039144e-08
 8147.9 7.400794593e-08
 8157.9 1.105674390e-07
 8167.9 5.126698453e-08
 8177.9 4.836120276e-08
 8187.9 6.064876921e-08
 8197.9 8.955393931e-08
 8207.9 5.444774439e-08
 8217.9 1.018369436e-07
 8227.9 1.044433853e-07
 8237.9 3.985225102e-08
 8247.9 5.535211895e-08
 8257.9 7.030851365e-08
 8267.9 9.852013810e-09
 8277.9 3.680514394e-08
 8287.9 7.923680938e-08
 8297.9 7.918150282e-08
 8307.9 6.682998948e-08
 8317.9 6.209594680e-08
 8327.9 7.134288679e-08
 8337.9 1.167334325e-07
 8347.9 1.335200638e-07
 8357.9 1.586974445e-07
 8367.9 9.351463085e-08
 8377.9 6.814356283e-08
 8387.9 1.320642804e-07
 8397.9 1.466791819e-07
 8407.9 1.040608378e-07
 8417.9 4.092653599e-08
 8427.9 8.481299832e-08
 8437.9 1.158976286e-07
 8447.9 1.086863159e-07
 8457.9 1.427792873e-07
 8467.9 7.839511021e-08
 8477.9 1.231905520e-07
 8487.9 1.571895004e-07
 8497.9 1.023351725e-07
 8507.9 1.199800044e-07
 8517.9 1.385069256e-07
 8527.9 1.018928019e-07
 8537.9 5.516253533e-08
 8547.9 1.881102998e-07
 8557.9 1.601581876e-07
 8567.9 1.527959793e-07
 8577.9 1.187984216e-07
 8587.9 6.505717575e-09
 8597.9 1.222283243e-07
 8607.9 2.237963465e-07
 8617.9 1.940341374e-07
 8627.9 1.609989307e-07
 8637.9 9.894568277e-08
 8647.9 8.566010714e-08
 8657.9 5.652137873e-08
 8667.9 8.322918361e-08
 8677.9 3.265620420e-11
 8687.9 7.792989131e-08
 8697.9 3.274080797e-11
 8707.9 3.280092974e-11
 8717.9 3.287691362e-11
 8727.9 9.033600000e-08
 8737.9 3.295951696e-11
 8747.9 1.112692466e-07
 8757.9 3.086269264e-07
 8767.9 3.703855819e-07
 8777.9 3.315007180e-11
 8787.9 3.317402500e-11
 8797.9 3.827970955e-07
 8807.9 9.027874466e-08
 8817.9 8.219441055e-08
 8827.9 3.110772473e-07
 8837.9 3.245644319e-07
 8847.9 2.583434229e-07
 8857.9 6.994292286e-07
 8867.9 4.674245561e-07
 8877.9 8.800709744e-09
 8887.9 6.770743423e-07
 8897.9 3.345153738e-11
 8907.9 9.460797280e-07
 8917.9 3.359518873e-11
 8927.9 3.362903778e-11
 8937.9 8.529944355e-07
 8947.9 3.370632345e-11
 8957.9 1.545389083e-06
 8967.9 3.370136091e-11
 8977.9 1.392901663e-07
 8987.9 4.183828955e-08
 8997.9 1.216673566e-07
 9007.9 2.147963349e-08
 9017.9 7.861249634e-08
 9027.9 3.250212259e-08
 9037.9 9.091520148e-08
 9047.9 1.452621914e-07
 9057.9 1.464964958e-07
 9067.9 1.023014617e-07
 9077.9 6.359629433e-08
 9087.9 1.039022424e-07
 9097.9 1.272090776e-07
 9107.9 1.952067373e-08
 9117.9 1.203671401e-07
 9127.9 2.014017129e-07
 9137.9 8.736253924e-08
 9147.9 1.400246590e-07
 9157.9 8.869854631e-08
 9167.9 1.406302308e-07
 9177.9 1.250675284e-07
 9187.9 7.602589765e-08
 9197.9 1.692744504e-07
 9207.9 1.231364304e-07
 9217.9 1.301301529e-07
 9227.9 1.826603204e-07
 9237.9 1.265428324e-07
 9247.9 1.707371322e-07
 9257.9 1.570298240e-07
 9267.9 8.205304980e-08
 9277.9 1.923747555e-07
 9287.9 2.582558791e-07
 9297.9 2.607315684e-07
 9307.9 1.345596926e-07
 9317.9 2.290174246e-07
 9327.9 2.648548519e-07
 9337.9 1.583462653e-07
 9347.9 2.309248046e-07
 9357.9 2.438545006e-07
 9367.9 2.609440642e-07
 9377.9 2.146926800e-07
 9387.9 2.667975766e-07
 9397.9 1.726305892e-07
 9407.9 1.944732269e-07
 9417.9 1.625429824e-07
 9427.9 2.313776918e-07
 9437.9 2.207045951e-07
 9447.9 1.680325796e-07
 9457.9 1.229352417e-07
 9467.9 2.442618763e-07
 9477.9 2.540129056e-07
 9487.9 2.479299757e-07
 9497.9 1.585073749e-07
 9507.9 2.726041590e-07
 9517.9 2.411099006e-07
 9527.9 2.713019315e-07
 9537.9 3.302022285e-07
 9547.9 2.505044703e-07
 9557.9 2.486447847e-07
 9567.9 2.721485510e-07
 9577.9 3.602652708e-07
 9587.9 2.891541983e-07
 9597.9 2.145948065e-07
 9607.9 2.399602909e-07
 9617.9 2.576387830e-07
 9627.9 1.488050113e-07
 9637.9 2.310513338e-07
 9647.9 2.192223737e-07
 9657.9 2.824807775e-07
 9667.9 2.425273755e-07
 9677.9 1.962435114e-07
 9687.9 3.360968482e-07
 9697.9 2.895685451e-07
 9707.9 2.632735793e-07
 9717.9 2.969145183e-07
 9727.9 3.366225985e-07
 9737.9 2.344168546e-07
 9747.9 2.375367101e-07
 9757.9 2.940429237e-07
 9767.9 2.438185241e-07
 9777.9 1.899277640e-07
 9787.9 1.208110767e-07
 9797.9 2.305354105e-07
 9807.9 2.055972128e-07
 9817.9 2.395258769e-07
 9827.9 1.482378865e-07
 9837.9 1.701105240e-07
 9847.9 2.043288587e-07
 9857.9 2.387837035e-07
 9867.9 3.104516080e-07
 9877.9 1.522570863e-07
 9887.9 2.572720559e-07
 9897.9 3.158901704e-07
 9907.9 2.644366913e-07
 9917.9 2.103588192e-07
 9927.9 2.291730986e-07
 9937.9 2.453229100e-07
 9947.9 2.752471190e-07
 9957.9 2.721897994e-07
 9967.9 2.499946665e-07
 9977.9 2.616027804e-07
 9987.9 1.800149595e-06
 9997.9 1.567699691e-06
10007.9 1.715288945e-06
10017.9 1.832517184e-06
10027.9 1.630927250e-06
10037.9 1.698605077e-06
10047.9 1.792297852e-06
10057.9 2.060494669e-06
10067.9 1.644881458e-06
10077.9 1.230043410e-06
10087.9 1.298893378e-06
10097.9 1.632940087e-06
10107.9 1.672590553e-06
10117.9 1.329228581e-06
10127.9 1.385410108e-06
10137.9 1.506295752e-06
10147.9 1.767881437e-06
10157.9 1.661242344e-06
10167.9 1.590865291e-06
10177.9 1.186968770e-06
10187.9 1.384499123e-06
10197.9 1.659404591e-06
10207.9 1.477950059e-06
10217.9 1.838418295e-06
10227.9 1.354577150e-06
10237.9 1.504730909e-06
10247.9 1.801057420e-06
10257.9 1.497980019e-06
10267.9 1.281831933e-06
10277.9 1.457968121e-06
10287.9 1.214022081e-06
10297.9 1.022955748e-06
10307.9 1.138816489e-06
10317.9 1.323864515e-06
10327.9 1.020595543e-06
10337.9 1.314463072e-06
10347.9 1.259195799e-06
10357.9 1.127363024e-06
10367.9 1.462106281e-06
10377.9 1.203866503e-06
10387.9 1.122381897e-06
10397.9 1.403157523e-06
10407.9 1.254748517e-06
10417.9 1.045062062e-06
10427.9 1.057707455e-06
10437.9 1.597655178e-06
10447.9 1.312136726e-06
10457.9 1.493773062e-06
10467.9 1.370844058e-06
10477.9 1.317288899e-06
10487.9 1.277472573e-06
10497.9 8.102291307e-07
10507.9 1.196146540e-06
10517.9 1.037919961e-06
10527.9 1.085490356e-06
10537.9 1.134432746e-06
10547.9 1.209031293e-06
10557.9 9.279649734e-07
10567.9 9.268643239e-07
10577.9 1.140733810e-06
10587.9 9.221825802e-07
10597.9 1.286048204e-06
10607.9 1.221516895e-06
10617.9 1.277780692e-06
10627.9 1.001393859e-06
10637.9 1.064984751e-06
10647.9 1.205776720e-06
10657.9 1.400442249e-06
10667.9 1.587811917e-06
10677.9 1.274951096e-06
10687.9 8.631898231e-07
10697.9 9.800320532e-07
10707.9 1.219529832e-06
10717.9 1.265406974e-06
10727.9 1.242201471e-06
10737.9 1.133758078e-06
10747.9 1.319459109e-06
10757.9 9.621747457e-07
10767.9 1.330241960e-06
10777.9 9.234189157e-07
10787.9 9.313029202e-07
10797.9 1.168728907e-06
10807.9 9.288755693e-07
10817.9 1.117486117e-06
10827.9 8.243879534e-07
10837.9 1.005524453e-06
10847.9 1.435437889e-06
10857.9 7.540865711e-07
10867.9 1.036573986e-06
10877.9 1.159105579e-06
10887.9 1.104933508e-06
10897.9 8.027085988e-07
10907.9 1.040038202e-06
10917.9 1.013439574e-06
10927.9 1.288883081e-06
10937.9 9.417903216e-07
10947.9 7.725594427e-07
10957.9 1.029905238e-06
10967.9 9.841813786e-07
10977.9 1.081124434e-06
10987.9 1.106591314e-06
10997.9 9.473352730e-07
11007.9 1.310416356e-06
11017.9 1.217846071e-06
11027.9 8.206955375e-07
11037.9 7.444184678e-07
11047.9 1.342722977e-06
11057.9 1.382344742e-06
11067.9 1.169792580e-06
11077.9 8.805017242e-07
11087.9 1.012353005e-06
11097.9 8.869166844e-07
11107.9 7.828304375e-07
11117.9 1.421920537e-06
11127.9 1.131989340e-06
11137.9 1.151187609e-06
11147.9 1.331843494e-06
11157.9 9.523215907e-07
11167.9 1.246448803e-06
11177.9 9.644053882e-07
11187.9 1.142043356e-06
11197.9 9.583185280e-07
11207.9 8.603335537e-07
11217.9 7.507371665e-07
11227.9 8.468164731e-07
11237.9 1.135095041e-06
11247.9 8.878520845e-07
11257.9 7.828766656e-07
11267.9 1.096869401e-06
11277.9 1.058043113e-06
11287.9 1.181851401e-06
11297.9 1.453406580e-06
11307.9 1.312490400e-06
11317.9 1.290944285e-06
11327.9 9.987698655e-07
11337.9 1.033895947e-06
11347.9 1.190226259e-06
11357.9 9.599315334e-07
11367.9 1.077015344e-06
11377.9 8.443083631e-07
11387.9 1.047466856e-06
11397.9 1.079161700e-06
11407.9 1.164567276e-06
11417.9 1.007886007e-06
11427.9 9.853139838e-07
11437.9 1.141720866e-06
11447.9 1.213153052e-06
11457.9 1.141706417e-06
11467.9 9.897966619e-07
11477.9 1.004158591e-06
11487.9 1.075140934e-06
11497.9 9.448090998e-07
11507.9 9.765362267e-07
11517.9 1.112832532e-06
11527.9 1.319140826e-06
11537.9 1.318591941e-06
11547.9 1.165837199e-06
11557.9 1.422949389e-06
11567.9 1.282700459e-06
11577.9 1.100531991e-06
11587.9 1.119344944e-06
11597.9 9.116944391e-07
11607.9 1.201390025e-06
11617.9 9.558527022e-07
11627.9 1.384866903e-06
11637.9 1.200390145e-06
11647.9 1.210944422e-06
11657.9 9.053289484e-07
11667.9 1.416649013e-06
11677.9 1.095836265e-06
11687.9 1.231980253e-06
11697.9 1.556604731e-06
11707.9 1.238308278e-06
11717.9 1.128423520e-06
11727.9 1.229263328e-06
11737.9 1.244983879e-06
11747.9 1.402524746e-06
11757.9 1.384670625e-06
11767.9 1.608862740e-06
11777.9 1.423662447e-06
11787.9 1.289090080e-06
11797.9 1.232962912e-06
11807.9 1.377503992e-06
11817.9 1.076477224e-06
11827.9 1.225074969e-06
11837.9 1.206399877e-06
11847.9 1.025155914e-06
11857.9 1.045853194e-06
11867.9 1.178574178e-06
11877.9 1.195868346e-06
11887.9 1.174103393e-06
11897.9 1.198976835e-06
11907.9 1.149658282e-06
11917.9 1.049361231e-06
11927.9 8.831116574e-07
11937.9 1.254385227e-06
11947.9 1.191305745e-06
11957.9 1.465146411e-06
11967.9 1.444607835e-06
11977.9 1.182484615e-06
11987.9 1.112110620e-06
11997.9 1.443820631e-06
12007.9 1.394802623e-06
12017.9 1.529388798e-06
12027.9 1.710904424e-06
12037.9 1.208663315e-06
12047.9 1.811197069e-06
12057.9 1.550029877e-06
12067.9 1.402008090e-06
12077.9 1.455010552e-06
12087.9 1.330019186e-06
12097.9 1.507509188e-06
12107.9 1.285151803e-06
12117.9 1.550758630e-06
12127.9 1.618184203e-06
12137.9 1.339945118e-06
12147.9 1.723950219e-06
12157.9 1.417344660e-06
12167.9 1.359128610e-06
12177.9 1.596518485e-06
12187.9 1.688553137e-06
12197.9 2.024478655e-06
12207.9 1.783765522e-06
12217.9 1.806948603e-06
12227.9 1.930000747e-06
12237.9 1.866858178e-06
12247.9 1.873685445e-06
12257.9 2.071164100e-06
12267.9 2.128790608e-06
12277.9 2.239954479e-06
12287.9 2.053432813e-06
12297.9 2.207376921e-06
12307.9 2.400058979e-06
12317.9 2.231247103e-06
12327.9 1.920773057e-06
12337.9 2.395060385e-06
12347.9 2.347838855e-06
12357.9 2.427757143e-06
12367.9 2.616512308e-06
12377.9 2.899031289e-06
12387.9 2.908663538e-06
12397.9 3.273532998e-06
12407.9 3.094090214e-06
12417.9 3.480035931e-06
12427.9 3.936724401e-06
12437.9 3.403144863e-06
12447.9 4.041567883e-06
12457.9 4.222556620e-06
12467.9 4.579865482e-06
12477.9 4.945994976e-06
12487.9 5.125289920e-06
12497.9 5.721101097e-06
12507.9 6.020542048e-06
12517.9 6.825085166e-06
12527.9 7.262165552e-06
12537.9 7.722104278e-06
12547.9 8.687299646e-06
12557.9 9.402894921e-06
12567.9 1.014718586e-05
12577.9 1.086870240e-05
12587.9 1.195536703e-05
12597.9 1.294449624e-05
12607.9 1.439470943e-05
12617.9 1.542171852e-05
12627.9 1.742187433e-05
12637.9 1.907859443e-05
12647.9 2.092707612e-05
12657.9 2.329403968e-05
12667.9 2.565053488e-05
12677.9 2.852606388e-05
12687.9 3.148192080e-05
12697.9 3.491476381e-05
12707.9 3.958025899e-05
12717.9 4.405703930e-05
12727.9 4.990465247e-05
12737.9 5.597814123e-05
12747.9 6.360755354e-05
12757.9 7.236639487e-05
12767.9 8.266657964e-05
12777.9 9.409395640e-05
12787.9 1.076787143e-04
12797.9 1.233806736e-04
12807.9 1.416600183e-04
12817.9 1.629303934e-04
12827.9 1.869713848e-04
12837.9 2.145826544e-04
12847.9 2.460584259e-04
12857.9 2.830629786e-04
12867.9 3.275790109e-04
12877.9 3.748368185e-04
12887.9 4.351103986e-04
12897.9 5.052392559e-04
12907.9 5.839747207e-04
12917.9 6.766608571e-04
12927.9 7.989116059e-04
12937.9 9.316543367e-04
12947.9 1.089480899e-03
12957.9 1.299813694e-03
12967.9 1.538139297e-03
12977.9 1.832211381e-03
12987.9 2.210739505e-03
12997.9 2.661941129e-03
13007.9 3.214504966e-03
13017.9 3.913019129e-03
13027.9 4.772977995e-03
13037.9 5.794955213e-03
13047.9 7.024752834e-03
13057.9 8.441016852e-03
13067.9 9.764604995e-03
13077.9 1.070374453e-02
13087.9 1.188419196e-02
13097.9 1.292008894e-02
13107.9 1.415119173e-02
13117.9 1.570774949e-02
13127.9 1.761172511e-02
13137.9 1.963232655e-02
13147.9 2.241289361e-02
13157.9 2.477732341e-02
13167.9 2.839173669e-02
13177.9 3.217923673e-02
13187.9 3.756029572e-02
13197.9 4.339123864e-02
13207.9 5.148977844e-02
13217.9 6.031275399e-02
13227.9 7.143994821e-02
13237.9 8.335150641e-02
13247.9 9.887129720e-02
13257.9 1.140577430e-01
13267.9 1.328654469e-01
13277.9 1.532771581e-01
13287.9 1.768230806e-01
13297.9 2.019606873e-01
13307.9 2.291682189e-01
13317.9 2.558621281e-01
13327.9 2.826064110e-01
13337.9 3.087438484e-01
13347.9 3.318332553e-01
13357.9 3.522725867e-01
13367.9 3.693870473e-01
13377.9 3.837396544e-01
13387.9 3.943715476e-01
13397.9 4.023083638e-01
13407.9 4.078881795e-01
13417.9 4.115409497e-01
13427.9 4.141367589e-01
13437.9 4.178769463e-01
13447.9 4.170879611e-01
13457.9 4.188016972e-01
13467.9 4.211796326e-01
13477.9 4.216709426e-01
13487.9 4.230518493e-01
13497.9 4.239310043e-01
13507.9 4.258913996e-01
13517.9 4.264300865e-01
13527.9 4.267776893e-01
13537.9 4.283137212e-01
13547.9 4.274524807e-01
13557.9 4.281600357e-01
13567.9 4.281663874e-01
13577.9 4.276865959e-01
13587.9 4.275721190e-01
13597.9 4.270943701e-01
13607.9 4.263838503e-01
13617.9 4.257599367e-01
13627.9 4.245377284e-01
13637.9 4.248665546e-01
13647.9 4.257678235e-01
13657.9 4.258695493e-01
13667.9 4.245353319e-01
13677.9 4.242323638e-01
13687.9 4.253431419e-01
13697.9 4.250680881e-01
13707.9 4.262683149e-01
13717.9 4.261446596e-01
13727.9 4.251009568e-01
13737.9 4.251503361e-01
13747.9 4.250173897e-01
13757.9 4.252185916e-01
13767.9 4.249654768e-01
13777.9 4.251339056e-01
13787.9 4.246836842e-01
13797.9 4.241910668e-01
13807.9 4.233061085e-01
13817.9 4.232674448e-01
13827.9 4.247522743e-01
13837.9 4.239489795e-01
13847.9 4.236026005e-01
13857.9 4.239186748e-01
13867.9 4.239457399e-01
13877.9 4.225710699e-01
13887.9 4.230228028e-01
13897.9 4.240748504e-01
13907.9 4.246431319e-01
13917.9 4.240370211e-01
13927.9 4.253882556e-01
13937.9 4.251816381e-01
13947.9 4.262036806e-01
13957.9 4.268590315e-01
13967.9 4.271859145e-01
13977.9 4.291255379e-01
13987.9 4.294121758e-01
13997.9 4.296306956e-01
14007.9 4.315444167e-01
14017.9 4.320992479e-01
14027.9 4.328826277e-01
14037.9 4.340178847e-01
14047.9 4.344943518e-01
14057.9 4.362624256e-01
14067.9 4.366143313e-01
14077.9 4.366165482e-01
14087.9 4.380480774e-01
14097.9 4.392467582e-01
14107.9 4.385641316e-01
14117.9 4.404250518e-01
14127.9 4.412197288e-01
14137.9 4.428262046e-01
14147.9 4.428582478e-01
14157.9 4.437611834e-01
14167.9 4.450246610e-01
14177.9 4.444107657e-01
14187.9 4.463603446e-01
14197.9 4.464029043e-01
14207.9 4.467590423e-01
14217.9 4.483882581e-01
14227.9 4.485936082e-01
14237.9 4.498299360e-01
14247.9 4.500253378e-01
14257.9 4.491072081e-01
14267.9 4.505515013e-01
14277.9 4.506576143e-01
14287.9 4.506754570e-01
14297.9 4.530498685e-01
14307.9 4.532653932e-01
14317.9 4.539845539e-01
14327.9 4.530398912e-01
14337.9 4.535126745e-01
14347.9 4.544591669e-01
14357.9 4.539116639e-01
14367.9 4.539232672e-01
14377.9 4.552071798e-01
14387.9 4.553453634e-01
14397.9 4.552642374e-01
14407.9 4.565290653e-01
14417.9 4.557114599e-01
14427.9 4.564902270e-01
14437.9 4.571626167e-01
14447.9 4.577537628e-01
14457.9 4.568029335e-01
14467.9 4.576187914e-01
14477.9 4.573502949e-01
14487.9 4.590713592e-01
14497.9 4.578831962e-01
14507.9 4.577815003e-01
14517.9 4.590138209e-01
14527.9 4.589322382e-01
14537.9 4.572152657e-01
14547.9 4.561938391e-01
14557.9 4.575512461e-01
14567.9 4.563353440e-01
14577.9 4.561311591e-01
14587.9 4.567155236e-01
14597.9 4.557963218e-01
14607.9 4.539101222e-01
14617.9 4.526510682e-01
14627.9 4.523486478e-01
14637.9 4.518499425e-01
14647.9 4.520057006e-01
14657.9 4.521161343e-01
14667.9 4.500347019e-01
14677.9 4.498486190e-01
14687.9 4.498936680e-01
14697.9 4.487798950e-01
14707.9 4.471358473e-01
14717.9 4.467857534e-01
14727.9 4.476978900e-01
14737.9 4.461532815e-01
14747.9 4.481480881e-01
14757.9 4.469956075e-01
14767.9 4.476024688e-01
14777.9 4.477738437e-01
14787.9 4.479593612e-01
14797.9 4.482424821e-01
14807.9 4.477495148e-01
14817.9 4.484844021e-01
14827.9 4.492839243e-01
14837.9 4.492360477e-01
14847.9 4.508429546e-01
14857.9 4.536171013e-01
14867.9 4.527350294e-01
14877.9 4.538965580e-01
14887.9 4.544721374e-01
14897.9 4.551259647e-01
14907.9 4.559747943e-01
14917.9 4.579934023e-01
14927.9 4.584164542e-01
14937.9 4.589561800e-01
14947.9 4.599021999e-01
14957.9 4.613847662e-01
14967.9 4.627117638e-01
14977.9 4.624951476e-01
14987.9 4.636578548e-01
14997.9 4.664131847e-01
15007.9 4.669652467e-01
15017.9 4.669443923e-01
15027.9 4.672746694e-01
15037.9 4.689761153e-01
15047.9 4.694265692e-01
15057.9 4.700639221e-01
15067.9 4.717334229e-01
15077.9 4.717483752e-01
15087.9 4.731234775e-01
15097.9 4.743224563e-01
15107.9 4.750926557e-01
15117.9 4.747233356e-01
15127.9 4.763027201e-01
15137.9 4.768967794e-01
15147.9 4.757549273e-01
15157.9 4.766339147e-01
15167.9 4.768085069e-01
15177.9 4.783069134e-01
15187.9 4.765211552e-01
15197.9 4.778240821e-01
15207.9 4.769317586e-01
15217.9 4.761405920e-01
15227.9 4.784860681e-01
15237.9 4.767245973e-01
15247.9 4.756235446e-01
15257.9 4.763959988e-01
15267.9 4.767026883e-01
15277.9 4.763246858e-01
15287.9 4.756268293e-01
15297.9 4.739669285e-01
15307.9 4.756063209e-01
15317.9 4.745176617e-01
15327.9 4.741068277e-01
15337.9 4.727445977e-01
15347.9 4.733633045e-01
15357.9 4.733202405e-01
15367.9 4.723687616e-01
15377.9 4.735900394e-01
15387.9 4.726157414e-01
15397.9 4.715217224e-01
15407.9 4.713118816e-01
15417.9 4.713066485e-01
15427.9 4.710183954e-01
15437.9 4.715335284e-01
15447.9 4.704220148e-01
15457.9 4.704826163e-01
15467.9 4.706417178e-01
15477.9 4.699863115e-01
15487.9 4.716307197e-01
15497.9 4.690952808e-01
15507.9 4.700956010e-01
15517.9 4.679324995e-01
15527.9 4.692802417e-01
15537.9 4.678839507e-01
15547.9 4.687989771e-01
15557.9 4.666842958e-01
15567.9 4.657371739e-01
15577.9 4.654863968e-01
15587.9 4.654578842e-01
15597.9 4.654429364e-01
15607.9 4.646061388e-01
15617.9 4.654463501e-01
15627.9 4.631577147e-01
15637.9 4.644443499e-01
15647.9 4.640713142e-01
15657.9 4.642937154e-01
15667.9 4.652946798e-01
15677.9 4.653701781e-01
15687.9 4.658136896e-01
15697.9 4.663540882e-01
15707.9 4.666285479e-01
15717.9 4.678517541e-01
15727.9 4.705188789e-01
15737.9 4.695312513e-01
15747.9 4.719173384e-01
15757.9 4.715110628e-01
15767.9 4.740789390e-01
15777.9 4.749126679e-01
15787.9 4.747482373e-01
15797.9 4.768302703e-01
15807.9 4.782218920e-01
15817.9 4.786385228e-01
15827.9 4.797536290e-01
15837.9 4.813564892e-01
15847.9 4.828937432e-01
15857.9 4.832716478e-01
15867.9 4.819312796e-01
15877.9 4.838725660e-01
15887.9 4.831480995e-01
15897.9 4.844195598e-01
15907.9 4.843439861e-01
15917.9 4.856661801e-01
15927.9 4.861654610e-01
15937.9 4.857885504e-01
15947.9 4.851406971e-01
15957.9 4.855001326e-01
15967.9 4.874741355e-01
15977.9 4.870299068e-01
15987.9 4.871083257e-01
15997.9 4.852854091e-01
16007.9 4.882170117e-01
16017.9 4.871374416e-01
16027.9 4.872370555e-01
16037.9 4.868407618e-01
16047.9 4.883306622e-01
16057.9 4.882754633e-01
16067.9 4.884429826e-01
16077.9 4.880517586e-01
16087.9 4.876486024e-01
16097.9 4.881928714e-01
16107.9 4.881792213e-01
16117.9 4.885318440e-01
16127.9 4.872002653e-01
16137.9 4.883876597e-01
16147.9 4.885824460e-01
16157.9 4.891133145e-01
16167.9 4.892695543e-01
16177.9 4.904820925e-01
16187.9 4.870946768e-01
16197.9 4.887949657e-01
16207.9 4.864844602e-01
16217.9 4.884207677e-01
16227.9 4.865717917e-01
16237.9 4.866752471e-01
16247.9 4.860496025e-01
16257.9 4.854382242e-01
16267.9 4.840732338e-01
16277.9 4.854949668e-01
16287.9 4.845507172e-01
16297.9 4.830962746e-01
16307.9 4.833959679e-01
16317.9 4.837746004e-01
16327.9 4.845354598e-01
16337.9 4.834818497e-01
16347.9 4.838811833e-01
16357.9 4.854124444e-01
16367.9 4.851005714e-01
16377.9 4.858238574e-01
16387.9 4.855204443e-01
16397.9 4.870361264e-01
16407.9 4.859941757e-01
16417.9 4.870777978e-01
16427.9 4.869400657e-01
16437.9 4.878756184e-01
16447.9 4.846398785e-01
16457.9 4.881692906e-01
16467.9 4.878128172e-01
16477.9 4.897596061e-01
16487.9 4.889164340e-01
16497.9 4.898307301e-01
16507.9 4.910043407e-01
16517.9 4.913223715e-01
16527.9 4.936716821e-01
16537.9 4.941848915e-01
16547.9 4.940849033e-01
16557.9 4.914155975e-01
16567.9 4.899688259e-01
16577.9 4.863277578e-01
16587.9 4.790510521e-01
16597.9 4.682879215e-01
16607.9 4.560363306e-01
16617.9 4.374262874e-01
16627.9 4.164161972e-01
16637.9 3.888228655e-01
16647.9 3.611657466e-01
16657.9 3.314933617e-01
16667.9 2.991660832e-01
16677.9 2.688145574e-01
16687.9 2.368532250e-01
16697.9 2.061082150e-01
16707.9 1.796872564e-01
16717.9 1.539301817e-01
16727.9 1.318769008e-01
16737.9 1.124795061e-01
16747.9 9.680034247e-02
16757.9 8.458858035e-02
16767.9 7.350861949e-02
16777.9 6.491561027e-02
16787.9 5.638388907e-02
16797.9 4.958653918e-02
16807.9 4.358476212e-02
16817.9 3.906340183e-02
16827.9 3.426701066e-02
16837.9 3.057465751e-02
16847.9 2.668458273e-02
16857.9 2.277713335e-02
16867.9 1.935124468e-02
16877.9 1.629924068e-02
16887.9 1.361512153e-02
16897.9 1.148864624e-02
16907.9 9.666989891e-03
16917.9 8.158576457e-03
16927.9 6.834615130e-03
16937.9 5.797388267e-03
16947.9 4.898859665e-03
16957.9 4.128677077e-03
16967.9 3.529653004e-03
16977.9 2.992928592e-03
16987.9 2.554008508e-03
16997.9 2.190075733e-03
17007.9 1.888015542e-03
17017.9 1.617712966e-03
17027.9 1.398273255e-03
17037.9 1.211419286e-03
17047.9 1.048394233e-03
17057.9 9.159616378e-04
17067.9 8.003895118e-04
17077.9 6.991574254e-04
17087.9 6.130604355e-04
17097.9 5.401566734e-04
17107.9 4.754017040e-04
17117.9 4.193902568e-04
17127.9 3.733733545e-04
17137.9 3.284819778e-04
17147.9 2.942883310e-04
17157.9 2.621635078e-04
17167.9 2.350408598e-04
17177.9 2.097252954e-04
17187.9 1.889805610e-04
17197.9 1.703245685e-04
17207.9 1.538248232e-04
17217.9 1.398340139e-04
17227.9 1.253876986e-04
17237.9 1.145047509e-04
17247.9 1.038405169e-04
17257.9 9.504648539e-05
17267.9 8.534803171e-05
17277.9 7.944436426e-05
17287.9 7.114826490e-05
17297.9 6.633337947e-05
17307.9 6.089901077e-05
17317.9 5.516048362e-05
17327.9 5.185142377e-05
17337.9 4.568209487e-05
17347.9 4.322350195e-05
17357.9 3.974127701e-05
17367.9 3.643968365e-05
17377.9 3.460739838e-05
17387.9 3.192199523e-05
17397.9 2.943426088e-05
17407.9 2.701024115e-05
17417.9 2.502070476e-05
17427.9 2.331040437e-05
17437.9 2.236242327e-05
17447.9 2.027706752e-05
17457.9 1.957493733e-05
17467.9 1.778196190e-05
17477.9 1.745164425e-05
17487.9 1.676923318e-05
17497.9 1.506051864e-05
17507.9 1.450356713e-05
17517.9 1.349585229e-05
17527.9 1.239915746e-05
17537.9 1.188055817e-05
17547.9 1.191256574e-05
17557.9 1.068345857e-05
17567.9 1.052144976e-05
17577.9 9.673892750e-06
17587.9 1.009038875e-05
17597.9 8.393090977e-06
17607.9 9.945139641e-06
17617.9 7.842664900e-06
17627.9 7.571028855e-06
17637.9 8.294310304e-06
17647.9 7.586792572e-06
17657.9 8.136096408e-06
17667.9 6.785286495e-06
17677.9 6.956245326e-06
17687.9 5.430215113e-06
17697.9 7.499043896e-06
17707.9 6.561301317e-06
17717.9 5.717773995e-06
17727.9 6.420375241e-06
17737.9 5.713420705e-06
17747.9 5.496204964e-06
17757.9 5.481998938e-06
17767.9 6.155398254e-06
17777.9 6.370824427e-06
17787.9 6.440564194e-06
17797.9 5.481823513e-06
17807.9 4.468525344e-06
17817.9 5.613643604e-06
17827.9 4.691186395e-06
17837.9 5.508920766e-06
17847.9 5.081939418e-06
17857.9 5.867841275e-06
17867.9 5.214042829e-06
17877.9 5.547989832e-06
17887.9 4.979650696e-06
17897.9 5.922584031e-06
17907.9 5.111084452e-06
17917.9 5.130883829e-06
17927.9 5.404980339e-06
17937.9 4.934947601e-06
17947.9 5.265048198e-06
17957.9 5.877470759e-06
17967.9 4.241278688e-06
17977.9 4.892273898e-06
17987.9 3.972386998e-06
17997.9 3.785106809e-06
18007.9 4.982807553e-06
18017.9 5.954063184e-06
18027.9 5.322621152e-06
18037.9 5.553660548e-06
18047.9 3.633886248e-06
18057.9 4.369917896e-06
18067.9 5.237053405e-06
18077.9 5.508432414e-06
18087.9 5.579936923e-06
18097.9 5.452105490e-06
18107.9 6.149977921e-06
18117.9 6.068187943e-06
18127.9 4.937303599e-06
18137.9 5.089720043e-06
18147.9 5.336360084e-06
18157.9 4.864413696e-06
18167.9 4.691936939e-06
18177.9 5.441666773e-06
18187.9 6.006970699e-06
18197.9 5.246163312e-06
18207.9 4.817318748e-06
18217.9 5.328113057e-06
18227.9 5.365941185e-06
18237.9 6.195914128e-06
18247.9 5.166401889e-06
18257.9 6.260246745e-06
18267.9 4.624754680e-06
18277.9 4.175331090e-06
18287.9 6.133986943e-06
18297.9 5.400609179e-06
18307.9 6.148865094e-06
18317.9 4.453595623e-06
18327.9 5.259875450e-06
18337.9 3.947844566e-06
18347.9 6.282926928e-06
18357.9 5.474435126e-06
18367.9 5.052680053e-06
18377.9 3.655825187e-06
18387.9 6.153416439e-06
18397.9 4.329469165e-06
18407.9 6.020493688e-06
18417.9 4.021078301e-06
18427.9 5.529176556e-06
18437.9 6.069898106e-06
18447.9 4.849484771e-06
18457.9 4.059433905e-06
18467.9 6.298205502e-06
18477.9 6.858093612e-06
18487.9 4.558213109e-06
18497.9 6.984666439e-06
18507.9 5.350183117e-06
18517.9 6.815860879e-06
18527.9 5.300989799e-06
18537.9 4.854046214e-06
18547.9 5.673823306e-06
18557.9 7.573353745e-06
18567.9 5.593515770e-06
18577.9 4.590937482e-06
18587.9 6.623998962e-06
18597.9 3.897562012e-06
18607.9 6.375959936e-06
18617.9 5.881656494e-06
18627.9 6.243774796e-06
18637.9 5.702320901e-06
18647.9 7.280003615e-06
18657.9 5.329160894e-06
18667.9 5.051452728e-06
18677.9 7.485483727e-06
18687.9 5.960859194e-06
18697.9 6.151953178e-06
18707.9 6.404313951e-06
18717.9 5.940873988e-06
18727.9 3.604697456e-06
18737.9 4.129705936e-06
18747.9 4.850790331e-06
18757.9 5.346698873e-06
18767.9 6.855372581e-06
18777.9 6.891831807e-06
18787.9 6.450951266e-06
18797.9 5.384072755e-06
18807.9 5.214636639e-06
18817.9 4.530789119e-06
18827.9 5.997951798e-06
18837.9 5.132957645e-06
18847.9 8.065398724e-06
18857.9 5.474379969e-06
18867.9 6.238194602e-06
18877.9 5.958400868e-06
18887.9 5.673864775e-06
18897.9 5.867262080e-06
18907.9 5.465529160e-06
18917.9 6.619567975e-06
18927.9 5.580332259e-06
18937.9 5.588801931e-06
18947.9 5.491975512e-06
18957.9 7.436007134e-06
18967.9 5.575036373e-06
18977.9 7.496807477e-06
18987.9 5.718941099e-06
18997.9 5.176653111e-06
19007.9 4.749682469e-06
19017.9 6.047070936e-06
19027.9 7.314003862e-06
19037.9 5.051994373e-06
19047.9 5.586111134e-06
19057.9 5.766362656e-06
19067.9 6.304398780e-06
19077.9 6.631888074e-06
19087.9 4.529773385e-06
19097.9 6.850396879e-06
19107.9 6.502715493e-06
19117.9 5.921284626e-06
19127.9 7.606446595e-06
19137.9 5.297600775e-06
19147.9 5.053887925e-06
19157.9 6.146853129e-06
19167.9 5.367940462e-06
19177.9 5.917467002e-06
19187.9 5.919007490e-06
19197.9 7.112417772e-06
19207.9 6.876509067e-06
19217.9 7.224967241e-06
19227.9 7.134173644e-06
19237.9 5.323849361e-06
19247.9 6.635081159e-06
19257.9 4.990752533e-06
19267.9 6.707285645e-06
19277.9 6.326073376e-06
19287.9 5.631186105e-06
19297.9 5.403204474e-06
19307.9 6.712804303e-06
19317.9 5.230544045e-06
19327.9 4.622241079e-06
19337.9 6.954993230e-06
19347.9 6.466608495e-06
19357.9 7.116200636e-06
19367.9 6.597530029e-06
19377.9 7.074934018e-06
19387.9 4.750222553e-06
19397.9 6.643169020e-06
19407.9 6.880746799e-06
19417.9 7.200323770e-06
19427.9 6.958721319e-06
19437.9 6.538411983e-06
19447.9 9.825295734e-06
19457.9 6.681824908e-06
19467.9 7.773606705e-06
19477.9 7.826004762e-06
19487.9 5.254842076e-06
19497.9 7.833982736e-06
19507.9 7.850903811e-06
19517.9 5.753254367e-06
19527.9 7.368919947e-06
19537.9 6.098794446e-06
19547.9 5.798350182e-06
19557.9 6.212978903e-06
19567.9 5.989728424e-06
19577.9 7.603372422e-06
19587.9 6.370749442e-06
19597.9 6.758872632e-06
19607.9 6.057964730e-06
19617.9 6.748066780e-06
19627.9 5.838895255e-06
19637.9 5.533494067e-06
19647.9 6.409261137e-06
19657.9 7.186443641e-06
19667.9 6.607644889e-06
19677.9 5.970389003e-06
19687.9 7.672300093e-06
19697.9 6.878036956e-06
19707.9 7.171125025e-06
19717.9 6.796665089e-06
19727.9 6.441856586e-06
19737.9 6.483618450e-06
19747.9 7.347535535e-06
19757.9 5.537036769e-06
19767.9 6.465165606e-06
19777.9 6.524456063e-06
19787.9 7.127853840e-06
19797.9 6.905089996e-06
19807.9 5.633199343e-06
19817.9 6.252123312e-06
19827.9 8.717444459e-06
19837.9 7.081520432e-06
19847.9 6.888528289e-06
19857.9 6.045130097e-06
19867.9 5.844272390e-06
19877.9 6.217853592e-06
19887.9 7.319814135e-06
19897.9 7.844697763e-06
19907.9 4.736119374e-06
19917.9 8.476789649e-06
19927.9 6.826672357e-06
19937.9 5.184792909e-06
19947.9 6.282697839e-06
19957.9 7.464913488e-06
19967.9 6.453229024e-06
19977.9 7.321102305e-06
19987.9 7.577795945e-06
19997.9 6.821697731e-06
20007.9 6.135539559e-06
20017.9 6.266833328e-06
20027.9 6.798956573e-06
20037.9 8.021685616e-06
20047.9 7.690944565e-06
20057.9 6.264818118e-06
20067.9 8.424981476e-06
20077.9 8.669986311e-06
20087.9 7.070702895e-06
20097.9 8.337527931e-06
20107.9 7.712007886e-06
20117.9 8.780848871e-06
20127.9 7.902745093e-06
20137.9 7.133435495e-06
20147.9 8.112382473e-06
20157.9 8.564077774e-06
20167.9 5.449832242e-06
20177.9 8.911949648e-06
20187.9 7.520262065e-06
20197.9 1.011146487e-05
20207.9 6.766258311e-06
20217.9 8.489490230e-06
20227.9 6.770963781e-06
20237.9 7.889819845e-06
20247.9 8.179593983e-06
20257.9 6.304313882e-06
20267.9 7.692855385e-06
20277.9 6.873421709e-06
20287.9 9.305166798e-06
20297.9 7.344383226e-06
20307.9 8.137531386e-06
20317.9 8.236035638e-06
20327.9 9.010287657e-06
20337.9 8.779384084e-06
20347.9 6.451090319e-06
20357.9 8.781610218e-06
20367.9 6.331239500e-06
20377.9 8.147642009e-06
20387.9 6.643224914e-06
20397.9 8.375863856e-06
20407.9 6.038602166e-06
20417.9 1.156317978e-05
20427.9 6.453329292e-06
20437.9 8.128785900e-06
20447.9 5.980484562e-06
20457.9 1.046800665e-05
20467.9 7.792201136e-06
20477.9 7.284332189e-06
20487.9 9.733163740e-06
20497.9 6.696430908e-06
20507.9 9.796563607e-06
20517.9 7.941374739e-06
20527.9 8.534842836e-06
20537.9 7.411227257e-06
20547.9 7.742749903e-06
20557.9 1.025078127e-05
20567.9 7.014647805e-06
20577.9 6.282444388e-06
20587.9 9.719836004e-06
20597.9 8.119991934e-06
20607.9 8.687274964e-06
20617.9 9.081521401e-06
20627.9 8.322652698e-06
20637.9 9.917418066e-06
20647.9 9.902085856e-06
20657.9 8.933556526e-06
20667.9 6.948772704e-06
20677.9 8.149817641e-06
20687.9 1.030968867e-05
20697.9 8.746463645e-06
20707.9 8.724578533e-06
20717.9 1.016272624e-05
20727.9 8.021201134e-06
20737.9 8.605867375e-06
20747.9 1.148309304e-05
20757.9 8.084437444e-06
20767.9 9.818677851e-06
20777.9 7.510621309e-06
20787.9 8.503144681e-06
20797.9 9.859231257e-06
20807.9 9.769731037e-06
20817.9 7.752576232e-06
20827.9 1.027038878e-05
20837.9 8.608760687e-06
20847.9 9.678014423e-06
20857.9 9.725883348e-06
20867.9 9.602369877e-06
20877.9 7.963592442e-06
20887.9 8.840447516e-06
20897.9 1.147857177e-05
20907.9 9.495135811e-06
20917.9 8.343289264e-06
20927.9 8.895669465e-06
20937.9 8.977982681e-06
20947.9 8.517753554e-06
20957.9 9.309070257e-06
20967.9 9.318885262e-06
20977.9 9.479070155e-06
20987.9 7.895418870e-06
20997.9 8.604977875e-06
21007.9 9.341262879e-06
21017.9 9.430911027e-06
21027.9 9.497687546e-06
21037.9 1.115166802e-05
21047.9 1.011970463e-05
21057.9 7.784993035e-06
21067.9 9.583648454e-06
21077.9 9.740259996e-06
21087.9 7.902351119e-06
21097.9 9.364175380e-06
21107.9 8.040294424e-06
21117.9 1.081158666e-05
21127.9 9.432977654e-06
21137.9 1.001932984e-05
21147.9 1.120609344e-05
21157.9 9.846212715e-06
21167.9 1.060164643e-05
21177.9 9.283349849e-06
21187.9 1.265203401e-05
21197.9 1.108008855e-05
21207.9 1.024232707e-05
21217.9 9.480908180e-06
21227.9 1.014083327e-05
21237.9 8.720280346e-06
21247.9 8.881785921e-06
21257.9 1.151719942e-05
21267.9 1.228392780e-05
21277.9 1.432715491e-05
21287.9 1.147930767e-05
21297.9 1.218283234e-05
21307.9 1.257410896e-05
21317.9 9.628948452e-06
21327.9 1.454440858e-05
21337.9 1.073539867e-05
21347.9 7.580926446e-06
21357.9 1.076298246e-05
21367.9 1.207948042e-05
21377.9 6.831614807e-06
21387.9 1.272580657e-05
21397.9 1.172345514e-05
21407.9 1.192647809e-05
21417.9 1.416769073e-05
21427.9 1.104939765e-05
21437.9 1.258586269e-05
21447.9 1.118481416e-05
21457.9 1.263818016e-05
21467.9 1.031579320e-05
21477.9 1.166192641e-05
21487.9 1.438147352e-05
21497.9 1.185292496e-05
21507.9 9.078245751e-06
21517.9 1.338692833e-05
21527.9 1.500065940e-05
21537.9 1.572758166e-05
21547.9 1.306030535e-05
21557.9 1.437779452e-05
21567.9 1.156453292e-05
21577.9 1.313236856e-05
21587.9 1.121065222e-05
21597.9 1.258463944e-05
21607.9 1.155860086e-05
21617.9 1.181220758e-05
21627.9 1.127461723e-05
21637.9 1.326957775e-05
21647.9 1.289755546e-05
21657.9 8.651086669e-06
21667.9 1.087276819e-05
21677.9 9.893384981e-06
21687.9 1.115303065e-05
21697.9 1.300013170e-05
21707.9 1.341912346e-05
21717.9 1.184933890e-05
21727.9 1.151872004e-05
21737.9 1.448237981e-05
21747.9 1.223407284e-05
21757.9 1.284324293e-05
21767.9 7.208861616e-06
21777.9 1.043000054e-05
21787.9 1.089993497e-05
21797.9 1.086507626e-05
21807.9 8.985720328e-06
21817.9 1.299819871e-05
21827.9 1.143182394e-05
21837.9 1.169584556e-05
21847.9 1.358595600e-05
21857.9 1.123572359e-05
21867.9 1.147835162e-05
21877.9 8.367477176e-06
21887.9 1.069383484e-05
21897.9 1.260606176e-05
21907.9 1.158617170e-05
21917.9 1.502296675e-05
21927.9 1.259688281e-05
21937.9 1.031267915e-05
21947.9 1.267385265e-05
21957.9 1.229726538e-05
21967.9 1.529355238e-05
21977.9 1.324034043e-05
21987.9 1.529735694e-05
21997.9 1.313789789e-05
22007.9 1.291037048e-05
22017.9 1.427535447e-05
22027.9 1.506096160e-05
22037.9 1.518866161e-05
22047.9 1.433949620e-05
22057.9 1.620820796e-05
22067.9 1.613561059e-05
22077.9 1.469445509e-05
22087.9 1.444771612e-05
22097.9 1.830883225e-05
22107.9 1.564446303e-05
22117.9 1.951091532e-05
22127.9 1.936773741e-05
22137.9 1.980250939e-05
22147.9 1.849036122e-05
22157.9 1.056323689e-05
22167.9 1.817990054e-05
22177.9 1.955672128e-05
22187.9 1.652454403e-05
22197.9 1.603683067e-05
22207.9 1.477162974e-05
22217.9 1.869465737e-05
22227.9 1.539770258e-05
22237.9 1.515985313e-05
22247.9 1.717630629e-05
22257.9 1.431708065e-05
22267.9 1.838245128e-05
22277.9 1.767333274e-05
22287.9 1.509227487e-05
22297.9 2.018581350e-05
22307.9 1.573347304e-05
22317.9 1.594916227e-05
22327.9 1.722479469e-05
22337.9 1.993294221e-05
22347.9 1.777680318e-05
22357.9 1.791295154e-05
22367.9 1.420775124e-05
22377.9 1.937581383e-05
22387.9 1.465627850e-05
22397.9 2.088546081e-05
22407.9 2.029894547e-05
22417.9 1.699428432e-05
22427.9 2.186982719e-05
22437.9 1.975604643e-05
22447.9 1.918405401e-05
22457.9 1.877203409e-05
22467.9 1.668731727e-05
22477.9 2.476732648e-05
22487.9 1.755964735e-05
22497.9 2.164831494e-05
22507.9 1.964034559e-05
22517.9 1.784664740e-05
22527.9 1.974414889e-05
22537.9 2.054113606e-05
22547.9 2.128000546e-05
22557.9 2.200841715e-05
22567.9 2.119173150e-05
22577.9 1.851873380e-05
22587.9 1.785501808e-05
22597.9 2.345747156e-05
22607.9 2.112055928e-05
22617.9 2.264457606e-05
22627.9 1.888969206e-05
22637.9 2.151482450e-05
22647.9 1.911317719e-05
22657.9 2.087921785e-05
22667.9 2.269499427e-05
22677.9 2.150477404e-05
22687.9 2.320666673e-05
22697.9 2.007025675e-05
22707.9 2.109375967e-05
22717.9 1.863854213e-05
22727.9 1.969293318e-05
22737.9 1.997664042e-05
22747.9 1.864194346e-05
22757.9 1.963771387e-05
22767.9 1.673681535e-05
22777.9 1.491425176e-05
22787.9 1.735109864e-05
22797.9 1.613978287e-05
22807.9 1.537815710e-05
22817.9 1.295268865e-05
22827.9 9.941213539e-06
22837.9 1.274962541e-05
22847.9 1.459626376e-05
22857.9 1.216028771e-05
22867.9 1.232721471e-05
22877.9 9.995704959e-06
22887.9 1.453472959e-05
22897.9 1.042755619e-05
22907.9 1.136790179e-05
22917.9 1.164457974e-05
22927.9 9.588959607e-06
22937.9 1.110995282e-05
22947.9 1.136947416e-05
22957.9 7.181603647e-06
22967.9 9.193065706e-06
22977.9 7.004836438e-06
22987.9 7.322154985e-06
22997.9 8.410659240e-06
23007.9 7.494283511e-06
23017.9 9.473887612e-06
23027.9 7.264134064e-06
23037.9 7.899096920e-06
23047.9 6.979383444e-06
23057.9 8.315553272e-06
23067.9 7.539449054e-06
23077.9 5.272466051e-06
23087.9 8.622076477e-06
23097.9 6.203912045e-06
23107.9 7.355560151e-06
23117.9 6.510504120e-06
23127.9 5.672053366e-06
23137.9 5.969047809e-06
23147.9 6.467199449e-06
23157.9 6.241558511e-06
23167.9 5.951862435e-06
23177.9 4.232126591e-06
23187.9 4.350218531e-06
23197.9 5.774620126e-06
23207.9 4.874017894e-06
23217.9 4.682945073e-06
23227.9 5.085711367e-06
23237.9 3.437971341e-06
23247.9 4.080512689e-06
23257.9 4.388126681e-06
23267.9 4.118481640e-06
23277.9 4.195379359e-06
23287.9 3.419417629e-06
23297.9 3.428087122e-06
23307.9 3.232021790e-06
23317.9 2.994364441e-06
23327.9 3.194721252e-06
23337.9 3.046055603e-06
23347.9 2.530637627e-06
23357.9 2.411400722e-06
23367.9 2.262752809e-06
23377.9 2.415376691e-06
23387.9 2.366758224e-06
23397.9 2.192316238e-06
23407.9 1.965228652e-06
23417.9 2.426674363e-06
23427.9 2.326759754e-06
23437.9 1.937865463e-06
23447.9 1.931192208e-06
23457.9 1.791637124e-06
23467.9 1.963867177e-06
23477.9 1.803123007e-06
23487.9 1.872214534e-06
23497.9 2.170996356e-06
23507.9 1.694853408e-06
23517.9 1.809962567e-06
23527.9 1.722765001e-06
23537.9 1.826825222e-06
23547.9 1.870740199e-06
23557.9 1.198670081e-06
23567.9 2.159808339e-06
23577.9 1.633631357e-06
23587.9 1.422640357e-06
23597.9 1.744525652e-06
23607.9 1.463726454e-06
23617.9 1.191295994e-06
23627.9 1.401532194e-06
23637.9 1.290839719e-06
23647.9 1.144590726e-06
23657.9 9.696842767e-07
23667.9 7.769869546e-07
23677.9 8.119069441e-07
23687.9 5.585477758e-07
23697.9 5.415591817e-07
23707.9 5.030322892e-07
23717.9 4.623344175e-07
23727.9 3.975795754e-07
23737.9 2.532023692e-07
23747.9 3.137105691e-07
23757.9 2.848641871e-07
23767.9 2.434274114e-07
23777.9 2.543723401e-07
23787.9 2.681772786e-07
23797.9 2.674872543e-07
23807.9 1.603584920e-07
23817.9 2.038301320e-07
23827.9 1.951003100e-07
23837.9 1.515312547e-07
23847.9 1.557321118e-07
23857.9 1.592951898e-07
23867.9 1.167775168e-07
23877.9 9.522394583e-08
23887.9 1.173525905e-07
23897.9 9.263676498e-08
23907.9 9.839304070e-08
23917.9 1.295673735e-07
23927.9 8.273434327e-08
23937.9 8.822511004e-08
23947.9 6.985960116e-08
23957.9 6.554804579e-08
23967.9 5.685189843e-08
23977.9 4.544577773e-08
23987.9 4.262839869e-08
23997.9 5.011515435e-08
24007.9 4.473224470e-08
24017.9 3.374771365e-08
24027.9 3.375140415e-08
24037.9 2.509663138e-08
24047.9 2.343765232e-08
24057.9 2.279800436e-08
24067.9 2.241027062e-08
24077.9 1.617763350e-08
24087.9 1.534362844e-08
24097.9 1.312859953e-08
24107.9 9.764018041e-09
24117.9 9.606317212e-09
24127.9 8.584495724e-09
24137.9 8.486241268e-09
24147.9 5.654753013e-09
24157.9 6.086364185e-09
24167.9 5.529939770e-09
24177.9 4.416499643e-09
24187.9 5.140405365e-09
24197.9 3.754996775e-09
24207.9 3.222384053e-09
24217.9 2.849815779e-09
24227.9 3.075793043e-09
24237.9 1.767665503e-09
24247.9 1.855134652e-09
24257.9 1.700076306e-09
24267.9 1.597229341e-09
24277.9 1.410942811e-09
24287.9 1.350986656e-09
24297.9 1.204951211e-09
24307.9 1.096828925e-09
24317.9 9.352575825e-10
24327.9 8.386066352e-10
24337.9 9.889866289e-10
24347.9 7.381687053e-10
24357.9 5.289791684e-10
24367.9 7.134719369e-10
24377.9 5.247575324e-10
24387.9 5.072418332e-10
24397.9 5.230737158e-10
24407.9 2.995230576e-10
24417.9 3.400429741e-10
24427.9 2.773420717e-10
24437.9 3.076052449e-10
24447.9 1.690838337e-10
24457.9 2.729183907e-10
24467.9 2.315521277e-10
24477.9 2.387655582e-10
24487.9 1.298055314e-10
24497.9 1.842000459e-10
24507.9 1.103316852e-10
24517.9 1.108287476e-10
24527.9 1.427293094e-10
24537.9 1.045282592e-10
24547.9 9.411445027e-11
24557.9 7.558507982e-11
24567.9 7.196876531e-11
24577.9 7.189149613e-11
24587.9 7.353852495e-11
24597.9 6.680225195e-11
24607.9 4.662194758e-11
24617.9 5.125724823e-11
24627.9 5.871156052e-11
24637.9 3.120255275e-11
24647.9 3.066938163e-11
24657.9 3.735404983e-11
24667.9 2.823165578e-11
24677.9 2.870686699e-11
24687.9 2.500726851e-11
24697.9 1.961184869e-11
24707.9 1.842822821e-11
24717.9 1.701484653e-11
24727.9 1.111238493e-11
24737.9 1.518753309e-11
24747.9 1.253137814e-11
24757.9 1.043267804e-11
24767.9 1.150355492e-11
24777.9 7.249264706e-12
24787.9 5.810129080e-12
24797.9 6.567322276e-12
24807.9 7.463357007e-12
24817.9 6.188092529e-12
24827.9 5.343363859e-12
24837.9 4.606487065e-12
24847.9 3.705214008e-12
24857.9 4.050557661e-12
24867.9 2.792258054e-12
24877.9 3.504208115e-12
24887.9 3.126796231e-12
24897.9 3.232011573e-12
24907.9 2.834889667e-12
24917.9 2.154312452e-12
24927.9 1.814821552e-12
24937.9 1.754534905e-12
24947.9 1.984046654e-12
24957.9 1.390205423e-12
24967.9 1.500350817e-12
24977.9 1.342606044e-12
24987.9 1.443089062e-12
24997.9 1.017310270e-12
25007.9 7.514187444e-13
25017.9 8.697051245e-13
25027.9 8.654134012e-13
25037.9 7.221827890e-13
25047.9 4.675553981e-13
25057.9 5.352517915e-13
25067.9 5.727681743e-13
25077.9 6.059324115e-13
25087.9 4.054203804e-13
25097.9 3.871508965e-13
25107.9 3.997681624e-13
25117.9 3.731512298e-13
25127.9 3.566632510e-13
25137.9 4.196522019e-13
25147.9 3.742785622e-13
25157.9 3.150152417e-13
25167.9 2.258606087e-13
25177.9 2.581472682e-13
25187.9 2.643805532e-13
25197.9 2.394054043e-13
25207.9 1.932641261e-13
25217.9 1.752847992e-13
25227.9 1.714036776e-13
25237.9 1.577408037e-13
25247.9 1.671842814e-13
25257.9 1.518716189e-13
25267.9 1.074366936e-13
25277.9 1.137158544e-13
25287.9 1.059131539e-13
25297.9 1.170964925e-13
25307.9 9.093452014e-14
25317.9 1.139719805e-13
25327.9 9.261220251e-14
25337.9 8.644353026e-14
25347.9 6.214227770e-14
25357.9 7.652359314e-14
25367.9 7.151056685e-14
25377.9 7.441575141e-14
25387.9 5.530531522e-14
25397.9 4.257905607e-14
25407.9 6.697151489e-14
25417.9 5.025014433e-14
25427.9 2.529434233e-14
25437.9 2.003706683e-14
25447.9 4.225133058e-14
25457.9 3.728826660e-14
25467.9 3.378941371e-14
25477.9 2.964692531e-14
25487.9 2.616329079e-14
25497.9 2.631474919e-14
25507.9 1.883476844e-14
25517.9 2.289929116e-14
25527.9 1.532539072e-14
25537.9 1.700734201e-14
25547.9 1.285913011e-14
25557.9 1.373385539e-14
25567.9 1.209051522e-14
25577.9 1.360082802e-14
25587.9 1.189890642e-14
25597.9 8.559089657e-15
25607.9 7.292596003e-15
25617.9 8.839330095e-15
25627.9 9.158368673e-15
25637.9 6.776926071e-15
25647.9 6.132293538e-15
25657.9 5.838315742e-15
25667.9 6.674162983e-15
25677.9 3.779025068e-15
25687.9 4.271747602e-15
25697.9 4.310438483e-15
25707.9 2.372674194e-15
25717.9 2.913359947e-15
25727.9 2.847736102e-15
25737.9 2.058468925e-15
25747.9 2.004665012e-15
25757.9 2.252634798e-15
25767.9 2.746522309e-15
25777.9 1.334168873e-15
25787.9 1.356284100e-15
25797.9 1.129806622e-15
25807.9 1.645875070e-15
25817.9 4.703934648e-16
25827.9 7.759420009e-16
25837.9 5.446750678e-16
25847.9 8.816174838e-16
25857.9 6.162611864e-16
25867.9 1.031193263e-15
25877.9 2.164709351e-16
25887.9 6.652831124e-16
25897.9 5.309646231e-16
25907.9 5.383404948e-16
25917.9 3.948031769e-16
25927.9 2.298157124e-16
25937.9 3.882791536e-16
25947.9 3.664533851e-16
25957.9 3.108198839e-16
25967.9 2.161732885e-16
25977.9 2.317370726e-16
