 5505.0 1.136386135e-12
 5515.0 1.241175568e-12
 5525.0 1.600764385e-10
 5535.0 4.713642180e-10
 5545.0 1.741719294e-12
 5555.0 1.783375752e-12
 5565.0 8.267808812e-10
 5575.0 1.827403530e-09
 5585.0 1.637531055e-09
 5595.0 1.732205576e-09
 5605.0 6.877528418e-10
 5615.0 2.954504659e-10
 5625.0 6.124445078e-10
 5635.0 3.006693192e-12
 5645.0 3.378081805e-12
 5655.0 3.772091940e-12
 5665.0 4.124376856e-12
 5675.0 8.300560603e-10
 5685.0 4.655800375e-12
 5695.0 4.859327811e-12
 5705.0 1.381576132e-09
 5715.0 7.668885592e-09
 5725.0 4.399853844e-09
 5735.0 8.348783001e-09
 5745.0 1.007496992e-08
 5755.0 8.939006250e-09
 5765.0 9.495994713e-09
 5775.0 5.783946872e-12
 5785.0 5.994274191e-12
 5795.0 6.332347516e-12
 5805.0 6.846806958e-12
 5815.0 3.312674558e-09
 5825.0 5.101297456e-09
 5835.0 1.450754943e-09
 5845.0 1.041049515e-11
 5855.0 2.744684861e-09
 5865.0 9.536002281e-09
 5875.0 2.623336939e-08
 5885.0 2.236340413e-09
 5895.0 1.467863348e-08
 5905.0 7.827539608e-09
 5915.0 7.873630282e-09
 5925.0 9.856885865e-09
 5935.0 1.755042366e-11
 5945.0 1.798865278e-11
 5955.0 6.698667670e-09
 5965.0 1.864888523e-11
 5975.0 1.553655518e-09
 5985.0 2.415973765e-08
 5995.0 1.936436639e-11
 6005.0 3.596230761e-08
 6015.0 3.782349672e-09
 6025.0 1.461818421e-08
 6035.0 1.073975010e-08
 6045.0 5.157537899e-09
 6055.0 1.079303314e-08
 6065.0 1.687504780e-08
 6075.0 2.675238949e-08
 6085.0 6.162722795e-09
 6095.0 4.246508933e-09
 6105.0 2.089356624e-11
 6115.0 1.865236006e-08
 6125.0 4.249782325e-09
 6135.0 2.298127537e-08
 6145.0 1.678240590e-08
 6155.0 2.003289326e-08
 6165.0 1.898241013e-08
 6175.0 3.211163757e-08
 6185.0 4.142976514e-08
 6195.0 1.876015603e-08
 6205.0 3.287999102e-08
 6215.0 2.094623597e-08
 6225.0 2.565746738e-08
 6235.0 5.061854894e-08
 6245.0 6.274107996e-08
 6255.0 5.842024890e-09
 6265.0 3.648979592e-08
 6275.0 5.297661459e-08
 6285.0 5.525434726e-08
 6295.0 2.235191337e-11
 6305.0 2.354301052e-08
 6315.0 7.491973850e-08
 6325.0 3.527989716e-08
 6335.0 6.806240103e-08
 6345.0 6.252869532e-08
 6355.0 1.098717764e-07
 6365.0 7.035237485e-08
 6375.0 1.200752511e-07
 6385.0 8.049749828e-08
 6395.0 1.598706066e-07
 6405.0 1.137062971e-07
 6415.0 1.104428048e-07
 6425.0 9.766657804e-08
 6435.0 1.718474409e-07
 6445.0 1.875304864e-07
 6455.0 2.360565291e-07
 6465.0 2.805515373e-07
 6475.0 2.988983396e-07
 6485.0 3.075770127e-07
 6495.0 4.298511094e-07
 6505.0 3.966296388e-07
 6515.0 5.143130570e-07
 6525.0 3.817864878e-07
 6535.0 4.881900343e-07
 6545.0 5.307625182e-07
 6555.0 5.769391843e-07
 6565.0 6.529193457e-07
 6575.0 6.430663374e-07
 6585.0 7.373667331e-07
 6595.0 6.991673304e-07
 6605.0 7.108545665e-07
 6615.0 7.183047409e-07
 6625.0 6.868950396e-07
 6635.0 7.019879718e-07
 6645.0 7.465185273e-07
 6655.0 8.546629447e-07
 6665.0 1.021603094e-06
 6675.0 1.072581293e-06
 6685.0 1.185236574e-06
 6695.0 1.263383981e-06
 6705.0 1.219673801e-06
 6715.0 1.290997808e-06
 6725.0 1.295756567e-06
 6735.0 1.325246108e-06
 6745.0 1.186537972e-06
 6755.0 1.058022068e-06
 6765.0 8.376436570e-07
 6775.0 7.785590327e-07
 6785.0 6.064448376e-07
 6795.0 4.897215236e-07
 6805.0 3.834304356e-07
 6815.0 2.315495635e-07
 6825.0 1.930527101e-07
 6835.0 1.888665182e-07
 6845.0 9.795543411e-08
 6855.0 1.266021742e-07
 6865.0 1.400337151e-07
 6875.0 1.083549458e-07
 6885.0 1.668945898e-07
 6895.0 1.753359026e-07
 6905.0 3.124610828e-07
 6915.0 3.842549791e-07
 6925.0 3.354956582e-07
 6935.0 3.756504206e-07
 6945.0 2.504426787e-07
 6955.0 2.520387749e-07
 6965.0 2.232880994e-07
 6975.0 2.427125157e-07
 6985.0 2.774728306e-07
 6995.0 3.380248545e-07
 7005.0 3.125661981e-07
 7015.0 2.218080697e-07
 7025.0 2.632149748e-07
 7035.0 3.237425405e-07
 7045.0 3.837822658e-07
 7055.0 4.915039147e-07
 7065.0 5.209116315e-07
 7075.0 6.063972962e-07
 7085.0 4.905347274e-07
 7095.0 4.879293916e-07
 7105.0 3.322091993e-07
 7115.0 3.271831797e-07
 7125.0 2.168323951e-07
 7135.0 2.088343788e-07
 7145.0 1.882880224e-07
 7155.0 1.328332496e-07
 7165.0 1.315261454e-07
 7175.0 1.698660681e-07
 7185.0 1.602872010e-07
 7195.0 1.834640975e-07
 7205.0 2.991607512e-07
 7215.0 3.183348333e-07
 7225.0 1.829602708e-07
 7235.0 1.667148553e-07
 7245.0 7.929254146e-08
 7255.0 9.501234386e-08
 7265.0 1.826178678e-08
 7275.0 2.252579108e-09
 7285.0 8.477626027e-09
 7295.0 3.315704372e-08
 7305.0 1.051104125e-07
 7315.0 4.509806612e-08
 7325.0 2.607121062e-11
 7335.0 4.520471613e-08
 7345.0 3.719042495e-08
 7355.0 1.339118744e-08
 7365.0 3.567810019e-08
 7375.0 9.445095671e-09
 7385.0 6.684026367e-08
 7395.0 3.073300137e-09
 7405.0 2.669451909e-11
 7415.0 1.943845410e-08
 7425.0 4.700598464e-08
 7435.0 1.571283030e-08
 7445.0 3.961357120e-08
 7455.0 3.264740930e-08
 7465.0 2.712480279e-11
 7475.0 2.271895012e-08
 7485.0 1.907753601e-08
 7495.0 3.259804727e-08
 7505.0 1.193843417e-07
 7515.0 9.331414451e-09
 7525.0 1.059741115e-07
 7535.0 3.626229280e-08
 7545.0 3.577085949e-08
 7555.0 2.775733840e-11
 7565.0 2.781706371e-11
 7575.0 1.689041359e-08
 7585.0 9.912697872e-08
 7595.0 1.362147579e-08
 7605.0 4.145634679e-08
 7615.0 2.003290692e-08
 7625.0 5.847558947e-08
 7635.0 4.918499331e-08
 7645.0 7.383022426e-08
 7655.0 8.391233759e-08
 7665.0 6.456693198e-08
 7675.0 2.849028785e-11
 7685.0 3.655116764e-08
 7695.0 7.416981707e-08
 7705.0 5.114859569e-09
 7715.0 9.197348664e-09
 7725.0 6.026933500e-08
 7735.0 6.302817839e-08
 7745.0 4.680749303e-08
 7755.0 6.186705725e-08
 7765.0 3.036596271e-08
 7775.0 9.560699430e-08
 7785.0 2.899164996e-11
 7795.0 2.237610099e-08
 7805.0 5.676369002e-08
 7815.0 5.312867132e-08
 7825.0 1.469681563e-07
 7835.0 2.110859311e-07
 7845.0 3.299807070e-07
 7855.0 1.343007193e-07
 7865.0 2.429971837e-07
 7875.0 1.521822086e-07
 7885.0 1.357340132e-07
 7895.0 1.131822662e-07
 7905.0 1.024743956e-07
 7915.0 1.420438660e-07
 7925.0 3.278875772e-08
 7935.0 1.672339139e-07
 7945.0 6.596981020e-08
 7955.0 2.099457745e-07
 7965.0 5.995575310e-08
 7975.0 7.635351828e-08
 7985.0 2.569234791e-07
 7995.0 3.206211693e-09
 8005.0 5.073611938e-08
 8015.0 2.872131253e-08
 8025.0 5.794578489e-08
 8035.0 7.370387092e-08
 8045.0 7.594025995e-08
 8055.0 4.235565694e-08
 8065.0 6.994640844e-08
 8075.0 2.206247939e-08
 8085.0 5.700342184e-08
 8095.0 4.217540372e-08
 8105.0 3.187539097e-08
 8115.0 5.489130931e-08
 8125.0 2.911179377e-08
 8135.0 6.809839400e-08
 8145.0 1.107023434e-08
 8155.0 7.721524360e-08
 8165.0 5.225292265e-08
 8175.0 7.423931682e-08
 8185.0 1.109737855e-07
 8195.0 5.148442357e-08
 8205.0 4.856827618e-08
 8215.0 6.084802030e-08
 8225.0 8.987755515e-08
 8235.0 5.466770282e-08
 8245.0 1.022413084e-07
 8255.0 1.047498926e-07
 8265.0 3.995979752e-08
 8275.0 5.554123242e-08
 8285.0 7.055986823e-08
 8295.0 9.881901221e-09
 8305.0 3.690154252e-08
 8315.0 7.959081423e-08
 8325.0 7.959958077e-08
 8335.0 6.710634853e-08
 8345.0 6.230594344e-08
 8355.0 7.160579473e-08
 8365.0 1.171710711e-07
 8375.0 1.338952655e-07
 8385.0 1.592112602e-07
 8395.0 9.387134383e-08
 8405.0 6.841077013e-08
 8415.0 1.325559964e-07
 8425.0 1.474039170e-07
 8435.0 1.045997913e-07
 8445.0 4.107524985e-08
 8455.0 8.511963043e-08
 8465.0 1.165281635e-07
 8475.0 1.092891956e-07
 8485.0 1.432536912e-07
 8495.0 7.870752069e-08
 8505.0 1.238374545e-07
 8515.0 1.579298167e-07
 8525.0 1.026217023e-07
 8535.0 1.204189962e-07
 8545.0 1.392360405e-07
 8555.0 1.023501171e-07
 8565.0 5.537402679e-08
 8575.0 1.890209119e-07
 8585.0 1.609405453e-07
 8595.0 1.533866611e-07
 8605.0 1.191677289e-07
 8615.0 6.533237793e-09
 8625.0 1.227887362e-07
 8635.0 2.248695508e-07
 8645.0 1.947240707e-07
 8655.0 1.615334303e-07
 8665.0 9.929869675e-08
 8675.0 8.590197582e-08
 8685.0 5.659817171e-08
 8695.0 8.344183738e-08
 8705.0 3.278089737e-11
 8715.0 7.828068883e-08
 8725.0 3.291209774e-11
 8735.0 3.294902307e-11
 8745.0 3.298692253e-11
 8755.0 9.060401216e-08
 8765.0 3.306784267e-11
 8775.0 1.117199094e-07
 8785.0 3.099464642e-07
 8795.0 3.714399995e-07
 8805.0 3.320939628e-11
 8815.0 3.321566221e-11
 8825.0 3.829809189e-07
 8835.0 9.029159622e-08
 8845.0 8.238878709e-08
 8855.0 3.122047048e-07
 8865.0 3.256364949e-07
 8875.0 2.589704319e-07
 8885.0 7.011483527e-07
 8895.0 4.684821392e-07
 8905.0 8.833558468e-09
 8915.0 6.803794481e-07
 8925.0 3.361999792e-11
 8935.0 9.497090599e-07
 8945.0 3.370383770e-11
 8955.0 3.370654277e-11
 8965.0 8.534139418e-07
 8975.0 3.369228211e-11
 8985.0 1.546583267e-06
 8995.0 3.380720589e-11
 9005.0 1.399973403e-07
 9015.0 4.201412910e-08
 9025.0 1.221538130e-07
 9035.0 2.156816833e-08
 9045.0 7.890889985e-08
 9055.0 3.260184082e-08
 9065.0 9.120553294e-08
 9075.0 1.457103109e-07
 9085.0 1.469045459e-07
 9095.0 1.026229514e-07
 9105.0 6.379290953e-08
 9115.0 1.041119708e-07
 9125.0 1.274251106e-07
 9135.0 1.955281806e-08
 9145.0 1.205582595e-07
 9155.0 2.017073833e-07
 9165.0 8.748735049e-08
 9175.0 1.402086284e-07
 9185.0 8.885037609e-08
 9195.0 1.409191755e-07
 9205.0 1.252871553e-07
 9215.0 7.606041118e-08
 9225.0 1.692053161e-07
 9235.0 1.229789468e-07
 9245.0 1.298352683e-07
 9255.0 1.821452021e-07
 9265.0 1.262023131e-07
 9275.0 1.705747127e-07
 9285.0 1.573330103e-07
 9295.0 8.244011816e-08
 9305.0 1.933672293e-07
 9315.0 2.595204451e-07
 9325.0 2.617023916e-07
 9335.0 1.348463521e-07
 9345.0 2.291603988e-07
 9355.0 2.650894217e-07
 9365.0 1.583352655e-07
 9375.0 2.304425094e-07
 9385.0 2.429630215e-07
 9395.0 2.599907381e-07
 9405.0 2.140484450e-07
 9415.0 2.662053122e-07
 9425.0 1.724610835e-07
 9435.0 1.945903618e-07
 9445.0 1.628150303e-07
 9455.0 2.318490596e-07
 9465.0 2.208726895e-07
 9475.0 1.679891112e-07
 9485.0 1.229063255e-07
 9495.0 2.445022447e-07
 9505.0 2.546595095e-07
 9515.0 2.488448465e-07
 9525.0 1.588825362e-07
 9535.0 2.725552224e-07
 9545.0 2.406058648e-07
 9555.0 2.706771972e-07
 9565.0 3.295853286e-07
 9575.0 2.501720182e-07
 9585.0 2.488641038e-07
 9595.0 2.727291916e-07
 9605.0 3.608924016e-07
 9615.0 2.893007661e-07
 9625.0 2.149082529e-07
 9635.0 2.402417846e-07
 9645.0 2.577763825e-07
 9655.0 1.487242137e-07
 9665.0 2.305758465e-07
 9675.0 2.186308807e-07
 9685.0 2.820712549e-07
 9695.0 2.425828125e-07
 9705.0 1.964228587e-07
 9715.0 3.364818892e-07
 9725.0 2.899233466e-07
 9735.0 2.635969958e-07
 9745.0 2.972795306e-07
 9755.0 3.369507792e-07
 9765.0 2.344007958e-07
 9775.0 2.372627953e-07
 9785.0 2.933885874e-07
 9795.0 2.432823620e-07
 9805.0 1.895189987e-07
 9815.0 1.206718705e-07
 9825.0 2.303835914e-07
 9835.0 2.055572345e-07
 9845.0 2.396306071e-07
 9855.0 1.483849668e-07
 9865.0 1.703540061e-07
 9875.0 2.046881066e-07
 9885.0 2.392626686e-07
 9895.0 3.110464843e-07
 9905.0 1.525084812e-07
 9915.0 2.576205819e-07
 9925.0 3.162434569e-07
 9935.0 2.647018571e-07
 9945.0 2.104350808e-07
 9955.0 2.291283983e-07
 9965.0 2.453006897e-07
 9975.0 2.755199676e-07
 9985.0 2.726717753e-07
 9995.0 2.505402456e-07
10005.0 2.621201781e-07
10015.0 5.779737937e-07
10025.0 2.791441476e-07
10035.0 2.362016097e-07
10045.0 4.122072960e-07
10055.0 2.253777507e-08
10065.0 1.642991360e-08
10075.0 1.151438894e-07
10085.0 1.056933316e-06
10095.0 3.951980491e-07
10105.0 2.951570195e-07
10115.0 1.291018546e-07
10125.0 9.430259177e-07
10135.0 1.397388980e-06
10145.0 8.584109771e-07
10155.0 3.483715546e-11
10165.0 3.483732403e-11
10175.0 2.758261604e-07
10185.0 1.078402053e-06
10195.0 3.491312037e-11
10205.0 1.135118955e-06
10215.0 2.683525439e-07
10225.0 2.852631168e-07
10235.0 3.346851696e-06
10245.0 8.674918005e-07
10255.0 1.457073926e-07
10265.0 1.702915734e-06
10275.0 3.938868227e-07
10285.0 1.489329578e-06
10295.0 3.533052994e-11
10305.0 3.624480864e-07
10315.0 5.824380555e-07
10325.0 2.506500757e-06
10335.0 3.557596271e-08
10345.0 3.755701334e-07
10355.0 4.866191276e-07
10365.0 2.546376048e-07
10375.0 6.143646750e-07
10385.0 9.168140515e-07
10395.0 3.580309425e-11
10405.0 4.241718504e-07
10415.0 3.584940015e-11
10425.0 1.836458158e-07
10435.0 1.017390019e-06
10445.0 2.867095525e-07
10455.0 5.823844050e-07
10465.0 7.537327522e-07
10475.0 1.297826061e-06
10485.0 1.176459198e-06
10495.0 4.232631772e-07
10505.0 6.503886193e-07
10515.0 7.927257859e-07
10525.0 4.727521727e-07
10535.0 1.099391094e-07
10545.0 1.211152736e-06
10555.0 1.387469150e-06
10565.0 3.433587238e-07
10575.0 5.104874624e-07
10585.0 1.376943674e-06
10595.0 1.346843183e-06
10605.0 1.810343038e-07
10615.0 4.332457574e-07
10625.0 7.546569968e-07
10635.0 2.638259609e-06
10645.0 5.096986371e-07
10655.0 3.008882665e-07
10665.0 6.646137230e-07
10675.0 1.193837678e-06
10685.0 6.281674069e-07
10695.0 1.549465575e-06
10705.0 2.487658440e-06
10715.0 7.458047000e-07
10725.0 1.873331229e-07
10735.0 1.046841482e-06
10745.0 2.939355687e-07
10755.0 1.340133106e-06
10765.0 1.581217079e-06
10775.0 1.164504277e-06
10785.0 3.743927135e-11
10795.0 2.996440715e-07
10805.0 1.381001017e-06
10815.0 1.516031791e-06
10825.0 6.006084116e-08
10835.0 6.982804492e-07
10845.0 8.560825437e-07
10855.0 5.685631806e-07
10865.0 1.078177617e-06
10875.0 6.574169784e-07
10885.0 1.117776797e-06
10895.0 5.651256767e-07
10905.0 2.209618076e-07
10915.0 1.282322466e-06
10925.0 6.802311772e-07
10935.0 7.649244805e-08
10945.0 3.403240641e-07
10955.0 1.058277546e-06
10965.0 8.380503575e-07
10975.0 1.776780704e-06
10985.0 4.576563706e-07
10995.0 7.143416112e-08
11005.0 1.208736220e-06
11015.0 1.231074378e-06
11025.0 5.146172617e-07
11035.0 7.302563496e-08
11045.0 9.675264164e-07
11055.0 1.796965660e-06
11065.0 5.908163271e-07
11075.0 1.138227687e-06
11085.0 1.835249198e-06
11095.0 5.351425526e-07
11105.0 1.068931823e-06
11115.0 8.222005534e-07
11125.0 3.072800473e-07
11135.0 1.223777945e-06
11145.0 8.143608215e-07
11155.0 9.371588649e-07
11165.0 3.706418391e-07
11175.0 2.241641082e-06
11185.0 2.054911357e-07
11195.0 4.911371542e-07
11205.0 3.383932119e-07
11215.0 3.578182484e-07
11225.0 7.267250784e-07
11235.0 1.493623850e-06
11245.0 8.039417506e-07
11255.0 5.027633892e-07
11265.0 1.514196934e-06
11275.0 2.161602637e-07
11285.0 2.994322396e-07
11295.0 5.230296752e-07
11305.0 2.857727296e-07
11315.0 5.715004677e-07
11325.0 6.541646999e-07
11335.0 8.261319757e-07
11345.0 5.190875672e-07
11355.0 3.974922956e-11
11365.0 1.114686104e-06
11375.0 3.375796007e-07
11385.0 7.565834619e-07
11395.0 2.468531163e-07
11405.0 1.203960496e-06
11415.0 3.373878755e-07
11425.0 1.774076692e-06
11435.0 1.020459090e-07
11445.0 9.004509452e-07
11455.0 1.273743106e-08
11465.0 4.055588955e-11
11475.0 2.040901187e-07
11485.0 1.092200562e-06
11495.0 1.418273127e-07
11505.0 4.077326204e-11
11515.0 6.532777031e-07
11525.0 8.941801038e-07
11535.0 1.030626852e-06
11545.0 1.210180426e-06
11555.0 1.011576409e-07
11565.0 8.519248228e-07
11575.0 6.556156464e-07
11585.0 3.960382053e-07
11595.0 2.864588575e-07
11605.0 7.745812711e-07
11615.0 5.544766559e-07
11625.0 2.108120500e-08
11635.0 2.757331770e-07
11645.0 4.128159719e-11
11655.0 3.661389326e-07
11665.0 9.236139823e-07
11675.0 5.319702424e-07
11685.0 7.721462553e-07
11695.0 1.203549031e-06
11705.0 2.712044628e-07
11715.0 8.581132056e-07
11725.0 1.174135032e-06
11735.0 1.062474400e-06
11745.0 4.513031178e-07
11755.0 6.257978790e-07
11765.0 3.912823145e-08
11775.0 8.320630227e-08
11785.0 8.421818477e-07
11795.0 6.898245049e-07
11805.0 1.084699689e-06
11815.0 4.134939371e-11
11825.0 2.063483491e-07
11835.0 1.180823169e-06
11845.0 6.693234279e-07
11855.0 6.765941006e-07
11865.0 3.208902011e-07
11875.0 6.070620304e-07
11885.0 2.351590944e-07
11895.0 3.659429829e-07
11905.0 7.155820908e-08
11915.0 6.356674108e-07
11925.0 5.715500357e-07
11935.0 4.011295610e-07
11945.0 1.982294425e-07
11955.0 5.936393972e-07
11965.0 3.745672150e-07
11975.0 4.144335018e-11
11985.0 3.248063275e-07
11995.0 1.711476472e-06
12005.0 9.267815906e-07
12015.0 4.167539041e-11
12025.0 2.867230035e-07
12035.0 1.238308012e-07
12045.0 2.789381544e-07
12055.0 9.264693743e-07
12065.0 1.056731025e-06
12075.0 6.602804747e-07
12085.0 6.612426514e-07
12095.0 5.852755592e-07
12105.0 1.639082334e-06
12115.0 1.697940200e-07
12125.0 8.024234774e-07
12135.0 8.687712417e-07
12145.0 2.611537487e-07
12155.0 9.271626785e-07
12165.0 2.158250488e-07
12175.0 1.022107823e-06
12185.0 3.121043260e-07
12195.0 7.685376615e-08
12205.0 2.689382379e-07
12215.0 6.903592722e-07
12225.0 2.337092935e-07
12235.0 3.410989454e-07
12245.0 2.336083291e-07
12255.0 4.275546838e-11
12265.0 2.283388473e-06
12275.0 1.400992271e-07
12285.0 2.358145732e-07
12295.0 4.285910964e-11
12305.0 9.939854034e-07
12315.0 3.711732778e-07
12325.0 9.316920438e-07
12335.0 4.292734557e-11
12345.0 1.095771964e-06
12355.0 6.371164133e-07
12365.0 7.814530403e-07
12375.0 4.573719621e-07
12385.0 6.250581497e-08
12395.0 4.808022602e-07
12405.0 1.242711953e-06
12415.0 2.082763446e-07
12425.0 7.023183062e-07
12435.0 2.038522289e-07
12445.0 7.117193509e-07
12455.0 4.539631148e-07
12465.0 3.146590341e-08
12475.0 9.804767315e-07
12485.0 8.990029898e-07
12495.0 3.582695089e-07
12505.0 2.334011004e-07
12515.0 5.935199122e-07
12525.0 3.743709169e-07
12535.0 1.319123602e-07
12545.0 4.032760566e-07
12555.0 4.708033792e-07
12565.0 1.286802047e-06
12575.0 3.285408967e-07
12585.0 4.333039743e-11
12595.0 1.846145096e-06
12605.0 3.333182397e-07
12615.0 4.336200578e-11
12625.0 1.548576292e-06
12635.0 2.576972638e-07
12645.0 7.919653227e-07
12655.0 3.284954121e-07
12665.0 4.414796127e-07
12675.0 1.134519712e-06
12685.0 1.653386456e-07
12695.0 1.308471150e-06
12705.0 2.981997148e-07
12715.0 4.327281803e-11
12725.0 1.788084365e-07
12735.0 4.324436918e-11
12745.0 4.815217592e-07
12755.0 1.436406447e-06
12765.0 1.226524966e-07
12775.0 5.226968354e-07
12785.0 3.697366958e-07
12795.0 5.245108066e-07
12805.0 5.538162713e-07
12815.0 4.024574967e-07
12825.0 3.346015785e-07
12835.0 4.372060795e-08
12845.0 1.534077079e-06
12855.0 5.177356013e-07
12865.0 1.032720992e-07
12875.0 6.298128426e-07
12885.0 2.673717652e-07
12895.0 1.641246275e-06
12905.0 1.814899948e-07
12915.0 7.772603924e-07
12925.0 3.155113828e-07
12935.0 5.893524947e-07
12945.0 1.350011057e-06
12955.0 1.319082407e-07
12965.0 9.652489142e-07
12975.0 1.993538130e-06
12985.0 1.801858294e-07
12995.0 5.857654035e-07
13005.0 7.988947853e-07
13015.0 8.162503231e-07
13025.0 1.482310483e-06
13035.0 6.826216595e-07
13045.0 1.039627432e-06
13055.0 4.761485611e-07
13065.0 7.238663215e-07
13075.0 2.468430282e-07
13085.0 1.390013501e-06
13095.0 2.108008544e-06
13105.0 7.550465965e-08
13115.0 7.185631283e-07
13125.0 1.329685093e-07
13135.0 8.798313658e-07
13145.0 9.541490626e-07
13155.0 2.601759637e-07
13165.0 1.177905992e-07
13175.0 1.020178700e-06
13185.0 1.403437827e-06
13195.0 1.338174474e-06
13205.0 1.034460984e-06
13215.0 8.561094250e-07
13225.0 1.419215429e-06
13235.0 1.361228155e-06
13245.0 1.112766285e-06
13255.0 1.153591579e-06
13265.0 4.474041903e-11
13275.0 2.248259982e-06
13285.0 5.594771133e-07
13295.0 9.801453894e-07
13305.0 1.341392874e-06
13315.0 6.951333260e-07
13325.0 7.504022521e-07
13335.0 1.046869262e-06
13345.0 3.962214178e-07
13355.0 1.535585723e-07
13365.0 4.634738856e-07
13375.0 8.445555200e-07
13385.0 1.049704671e-06
13395.0 1.705306877e-06
13405.0 1.463556079e-06
13415.0 1.287132889e-06
13425.0 1.394363280e-06
13435.0 1.140211451e-06
13445.0 7.483231382e-07
13455.0 6.521439867e-07
13465.0 1.136006081e-06
13475.0 1.990609300e-07
13485.0 1.179709752e-06
13495.0 3.790202886e-07
13505.0 2.327579275e-07
13515.0 1.987487387e-06
13525.0 5.338504313e-07
13535.0 6.877159442e-07
13545.0 5.705425630e-07
13555.0 8.055880512e-07
13565.0 7.411543630e-07
13575.0 1.155271815e-06
13585.0 4.467268322e-07
13595.0 9.812074434e-07
13605.0 1.338339804e-06
13615.0 3.062585075e-07
13625.0 1.018541878e-06
13635.0 5.859440821e-07
13645.0 9.131247407e-08
13655.0 1.228673748e-06
13665.0 2.230625937e-07
13675.0 5.241965155e-07
13685.0 7.931085319e-07
13695.0 4.788762826e-07
13705.0 9.210131739e-07
13715.0 6.107970216e-08
13725.0 5.835393531e-07
13735.0 4.634547234e-07
13745.0 8.051195437e-08
13755.0 2.709753762e-07
13765.0 6.902612635e-07
13775.0 2.465182836e-06
13785.0 1.963879339e-07
13795.0 3.265380979e-07
13805.0 1.259071598e-06
13815.0 2.557607547e-07
13825.0 1.124640642e-06
13835.0 4.568428146e-11
13845.0 2.109118150e-06
13855.0 1.088292192e-06
13865.0 5.408004987e-07
13875.0 6.553850064e-07
13885.0 7.173776694e-07
13895.0 7.797885904e-07
13905.0 8.871390444e-07
13915.0 4.727625628e-07
13925.0 7.862312429e-07
13935.0 1.673838648e-06
13945.0 5.355077923e-07
13955.0 2.549104640e-07
13965.0 8.932255772e-07
13975.0 2.029843430e-06
13985.0 4.603482196e-11
13995.0 1.051749218e-07
14005.0 2.280465904e-06
14015.0 1.288214319e-07
14025.0 1.239361844e-06
14035.0 1.446761416e-06
14045.0 7.850555548e-07
14055.0 1.300473635e-06
14065.0 1.991567956e-07
14075.0 3.774717180e-07
14085.0 1.937752167e-06
14095.0 2.214013568e-06
14105.0 2.659835240e-07
14115.0 8.186822425e-07
14125.0 1.174132160e-06
14135.0 5.582083898e-07
14145.0 2.910559714e-07
14155.0 2.944670416e-06
14165.0 7.264766664e-07
14175.0 4.258458628e-07
14185.0 1.266845751e-06
14195.0 6.946856139e-07
14205.0 2.236915832e-08
14215.0 1.268784704e-06
14225.0 2.030226860e-06
14235.0 2.945085716e-07
14245.0 2.894427533e-07
14255.0 6.622035241e-07
14265.0 7.612007704e-07
14275.0 8.250938911e-07
14285.0 3.495191281e-08
14295.0 1.438930200e-07
14305.0 1.137632528e-06
14315.0 9.864024562e-07
14325.0 1.164658330e-06
14335.0 1.057701153e-06
14345.0 2.375654819e-06
14355.0 4.727478904e-11
14365.0 5.719832397e-07
14375.0 1.460500269e-07
14385.0 9.909542976e-07
14395.0 3.754541964e-07
14405.0 5.699803161e-07
14415.0 9.610949200e-07
14425.0 3.661052178e-07
14435.0 2.776041525e-07
14445.0 2.654341198e-07
14455.0 4.338271601e-07
14465.0 1.248092184e-06
14475.0 8.680821365e-07
14485.0 5.876741765e-07
14495.0 1.473166153e-06
14505.0 1.281009472e-06
14515.0 7.882855345e-08
14525.0 4.764355941e-11
14535.0 3.364422567e-07
14545.0 1.131609288e-06
14555.0 7.935581732e-07
14565.0 3.323776605e-07
14575.0 7.150923932e-07
14585.0 4.772154510e-11
14595.0 2.195198512e-06
14605.0 8.112577382e-07
14615.0 7.634043892e-07
14625.0 7.587658865e-07
14635.0 1.006355351e-06
14645.0 4.782293306e-11
14655.0 1.255523728e-06
14665.0 4.785781134e-11
14675.0 1.648997391e-06
14685.0 1.174685254e-06
14695.0 1.606151497e-06
14705.0 8.557638832e-07
14715.0 1.305618095e-06
14725.0 2.672402077e-07
14735.0 7.236528294e-07
14745.0 7.269419645e-07
14755.0 8.056929246e-07
14765.0 1.019131618e-06
14775.0 1.180246800e-06
14785.0 1.628443377e-06
14795.0 4.802665090e-11
14805.0 7.352635584e-07
14815.0 6.682992230e-07
14825.0 1.519220664e-06
14835.0 1.097187540e-07
14845.0 1.943865648e-06
14855.0 4.780997361e-07
14865.0 7.753920481e-07
14875.0 1.497924032e-06
14885.0 1.865552245e-07
14895.0 1.815973228e-06
14905.0 1.217130433e-06
14915.0 9.865778315e-07
14925.0 1.576063759e-06
14935.0 6.679366270e-07
14945.0 1.169948756e-06
14955.0 1.888215277e-06
14965.0 6.088774500e-07
14975.0 4.065197899e-07
14985.0 2.151686807e-06
14995.0 5.966442761e-07
15005.0 2.710456427e-06
15015.0 9.898064914e-07
15025.0 1.580234256e-06
15035.0 2.144462662e-06
15045.0 2.324576932e-06
15055.0 4.866754407e-11
15065.0 1.022937647e-06
15075.0 1.979708238e-06
15085.0 1.519151586e-08
15095.0 1.184493470e-06
15105.0 1.126680440e-06
15115.0 7.320351612e-07
15125.0 2.164603126e-06
15135.0 1.704947223e-06
15145.0 8.251973152e-07
15155.0 1.926905916e-06
15165.0 4.896647122e-11
15175.0 1.548799748e-07
15185.0 1.370938266e-06
15195.0 4.734780546e-08
15205.0 3.946820680e-07
15215.0 1.824234619e-06
15225.0 5.574271332e-07
15235.0 1.993924854e-06
15245.0 7.602049170e-07
15255.0 1.160004787e-06
15265.0 1.628082591e-06
15275.0 9.294497796e-07
15285.0 6.096467391e-07
15295.0 5.906382352e-07
15305.0 1.592108891e-06
15315.0 1.528633664e-06
15325.0 1.106966684e-06
15335.0 1.027247291e-07
15345.0 1.481902540e-06
15355.0 1.304104767e-06
15365.0 6.975764186e-07
15375.0 2.039950231e-07
15385.0 1.984072009e-08
15395.0 1.629127173e-06
15405.0 2.084217013e-06
15415.0 4.051534769e-07
15425.0 3.359461391e-07
15435.0 1.277955596e-06
15445.0 4.937398129e-11
15455.0 6.696054638e-07
15465.0 8.257339051e-07
15475.0 2.360236669e-06
15485.0 1.061373817e-07
15495.0 6.534842012e-07
15505.0 1.653617327e-06
15515.0 9.517055347e-07
15525.0 6.118822483e-07
15535.0 2.689255820e-06
15545.0 7.248387802e-07
15555.0 1.321104310e-06
15565.0 4.397607514e-07
15575.0 4.930300268e-11
15585.0 1.512561094e-06
15595.0 2.673653818e-06
15605.0 1.001194728e-07
15615.0 1.114546747e-06
15625.0 1.217246054e-06
15635.0 2.464399213e-06
15645.0 2.315113541e-07
15655.0 1.525892186e-06
15665.0 1.565650099e-06
15675.0 4.932271768e-11
15685.0 4.212651216e-08
15695.0 8.351693891e-07
15705.0 1.896568533e-06
15715.0 4.941354294e-11
15725.0 1.097866614e-06
15735.0 5.665487722e-07
15745.0 4.010109297e-08
15755.0 1.539093001e-07
15765.0 1.271956418e-06
15775.0 4.259292494e-07
15785.0 1.716845013e-06
15795.0 3.555076999e-07
15805.0 1.756002203e-06
15815.0 5.807195929e-07
15825.0 1.173327137e-06
15835.0 1.800150953e-06
15845.0 3.481288769e-07
15855.0 2.197417913e-06
15865.0 1.158360835e-06
15875.0 2.273282111e-06
15885.0 1.252473711e-06
15895.0 4.806147053e-07
15905.0 1.875803646e-06
15915.0 4.028007460e-07
15925.0 1.187800783e-06
15935.0 5.500834650e-07
15945.0 1.317042082e-06
15955.0 4.785719577e-07
15965.0 3.989565163e-07
15975.0 1.256270981e-06
15985.0 9.182088533e-07
15995.0 6.703289420e-07
16005.0 5.635392693e-07
16015.0 8.209385016e-07
16025.0 4.873946190e-07
16035.0 1.063875424e-06
16045.0 2.100235502e-06
16055.0 4.062083965e-08
16065.0 9.880341898e-07
16075.0 1.437020117e-06
16085.0 3.158666447e-07
16095.0 1.419134396e-06
16105.0 1.393082167e-06
16115.0 1.120446718e-06
16125.0 3.022904767e-06
16135.0 1.292218102e-06
16145.0 2.293808322e-06
16155.0 1.320974779e-06
16165.0 2.647748921e-06
16175.0 2.653879494e-06
16185.0 2.684722766e-06
16195.0 1.186252499e-06
16205.0 3.048631085e-06
16215.0 1.478962891e-06
16225.0 3.326888570e-06
16235.0 4.155239960e-06
16245.0 3.913053334e-06
16255.0 5.642252672e-06
16265.0 5.537622317e-06
16275.0 4.294749725e-06
16285.0 6.658480993e-06
16295.0 8.243188010e-06
16305.0 8.397208760e-06
16315.0 9.104211588e-06
16325.0 7.899559163e-06
16335.0 1.030426684e-05
16345.0 9.453341899e-06
16355.0 1.200376912e-05
16365.0 1.239346473e-05
16375.0 1.344818136e-05
16385.0 1.536588590e-05
16395.0 1.645035993e-05
16405.0 1.457425399e-05
16415.0 1.857640889e-05
16425.0 1.841111816e-05
16435.0 2.118713298e-05
16445.0 2.230765152e-05
16455.0 2.502079454e-05
16465.0 2.620806723e-05
16475.0 2.712799792e-05
16485.0 2.721560940e-05
16495.0 2.978239833e-05
16505.0 3.082280107e-05
16515.0 3.369391327e-05
16525.0 3.631955364e-05
16535.0 4.150648708e-05
16545.0 4.506773915e-05
16555.0 4.427861898e-05
16565.0 4.907470013e-05
16575.0 5.744473208e-05
16585.0 6.200059431e-05
16595.0 6.826222831e-05
16605.0 7.784326747e-05
16615.0 8.678471191e-05
16625.0 9.840840852e-05
16635.0 1.126233235e-04
16645.0 1.281052162e-04
16655.0 1.488120997e-04
16665.0 1.692762112e-04
16675.0 2.010150484e-04
16685.0 2.307640042e-04
16695.0 2.657009171e-04
16705.0 3.076211342e-04
16715.0 3.518092366e-04
16725.0 4.021024722e-04
16735.0 4.566270617e-04
16745.0 5.257552088e-04
16755.0 6.031934167e-04
16765.0 6.836848060e-04
16775.0 7.682573444e-04
16785.0 8.429413639e-04
16795.0 9.594808060e-04
16805.0 1.074421191e-03
16815.0 1.202447447e-03
16825.0 1.340101955e-03
16835.0 1.478440387e-03
16845.0 1.641874927e-03
16855.0 1.796492257e-03
16865.0 2.007118677e-03
16875.0 2.200938463e-03
16885.0 2.427189061e-03
16895.0 2.756612260e-03
16905.0 3.030630206e-03
16915.0 3.424193382e-03
16925.0 3.820636197e-03
16935.0 4.351975616e-03
16945.0 5.009025773e-03
16955.0 5.623611548e-03
16965.0 6.566462703e-03
16975.0 7.864347581e-03
16985.0 9.308263946e-03
16995.0 1.129328893e-02
17005.0 1.318257587e-02
17015.0 1.602669976e-02
17025.0 1.950763521e-02
17035.0 2.317803424e-02
17045.0 2.610919527e-02
17055.0 2.871077828e-02
17065.0 3.199562582e-02
17075.0 3.520204583e-02
17085.0 3.971853579e-02
17095.0 4.558670763e-02
17105.0 4.911786973e-02
17115.0 5.779024537e-02
17125.0 6.460028351e-02
17135.0 7.640046090e-02
17145.0 8.643789681e-02
17155.0 1.044619657e-01
17165.0 1.226824097e-01
17175.0 1.455813015e-01
17185.0 1.743812937e-01
17195.0 1.948045180e-01
17205.0 2.279634207e-01
17215.0 2.598292909e-01
17225.0 2.940692769e-01
17235.0 3.211173515e-01
17245.0 3.393056390e-01
17255.0 3.657725340e-01
17265.0 3.746915537e-01
17275.0 3.807541309e-01
17285.0 3.906159913e-01
17295.0 3.968092872e-01
17305.0 3.963406311e-01
17315.0 4.127411554e-01
17325.0 4.158109372e-01
17335.0 4.223266141e-01
17345.0 4.305640664e-01
17355.0 4.386571495e-01
17365.0 4.474920021e-01
17375.0 4.610755909e-01
17385.0 4.614281107e-01
17395.0 4.695480265e-01
17405.0 4.781800325e-01
17415.0 4.778283760e-01
17425.0 4.900974471e-01
17435.0 4.945128744e-01
17445.0 4.868172131e-01
17455.0 4.968781606e-01
17465.0 4.946151304e-01
17475.0 4.921924760e-01
17485.0 4.916825236e-01
17495.0 4.843287149e-01
17505.0 5.055156505e-01
17515.0 4.933432679e-01
17525.0 4.956446610e-01
17535.0 4.934756340e-01
17545.0 4.951998822e-01
17555.0 4.952306226e-01
17565.0 5.045694152e-01
17575.0 5.015621040e-01
17585.0 5.037006525e-01
17595.0 4.998394851e-01
17605.0 5.037595410e-01
17615.0 5.085866640e-01
17625.0 5.077001769e-01
17635.0 5.069011957e-01
17645.0 4.990395572e-01
17655.0 5.050771123e-01
17665.0 5.127748662e-01
17675.0 5.101939229e-01
17685.0 5.093084589e-01
17695.0 5.013289023e-01
17705.0 5.058341310e-01
17715.0 5.121095149e-01
17725.0 5.050718006e-01
17735.0 4.982567018e-01
17745.0 5.033238570e-01
17755.0 5.022350143e-01
17765.0 4.963439194e-01
17775.0 5.090810353e-01
17785.0 4.930096250e-01
17795.0 5.036449998e-01
17805.0 5.019147903e-01
17815.0 4.970848226e-01
17825.0 4.934973005e-01
17835.0 4.980797664e-01
17845.0 5.000873331e-01
17855.0 4.954242517e-01
17865.0 4.878907702e-01
17875.0 4.896098223e-01
17885.0 4.961340862e-01
17895.0 4.861895416e-01
17905.0 4.863538251e-01
17915.0 4.847067041e-01
17925.0 4.866854264e-01
17935.0 4.866937676e-01
17945.0 4.769450381e-01
17955.0 4.877492480e-01
17965.0 4.847409157e-01
17975.0 4.802463939e-01
17985.0 4.788899563e-01
17995.0 4.856285347e-01
18005.0 4.855571525e-01
18015.0 4.849527503e-01
18025.0 4.915084410e-01
18035.0 4.879226644e-01
18045.0 4.795750136e-01
18055.0 4.854163707e-01
18065.0 4.938310968e-01
18075.0 5.041456312e-01
18085.0 4.960360722e-01
18095.0 4.991500276e-01
18105.0 5.025685389e-01
18115.0 5.037920118e-01
18125.0 4.981856494e-01
18135.0 5.084175462e-01
18145.0 4.994122259e-01
18155.0 5.081867692e-01
18165.0 5.102876337e-01
18175.0 5.118809317e-01
18185.0 5.073047480e-01
18195.0 5.210557082e-01
18205.0 5.121550074e-01
18215.0 5.118948417e-01
18225.0 5.134890719e-01
18235.0 5.162533946e-01
18245.0 5.134302533e-01
18255.0 5.129423803e-01
18265.0 5.196948166e-01
18275.0 5.128087584e-01
18285.0 5.128267518e-01
18295.0 5.109054234e-01
18305.0 5.095451861e-01
18315.0 5.262906916e-01
18325.0 5.109911855e-01
18335.0 5.078736800e-01
18345.0 5.176365283e-01
18355.0 5.076970963e-01
18365.0 5.125131361e-01
18375.0 5.114780524e-01
18385.0 5.048720098e-01
18395.0 5.074483735e-01
18405.0 5.093916296e-01
18415.0 5.031756340e-01
18425.0 5.041113791e-01
18435.0 5.097874058e-01
18445.0 4.993481577e-01
18455.0 5.042896210e-01
18465.0 4.923805215e-01
18475.0 5.037146673e-01
18485.0 4.957911557e-01
18495.0 4.975291956e-01
18505.0 4.961953304e-01
18515.0 4.937766852e-01
18525.0 4.912108914e-01
18535.0 4.923571343e-01
18545.0 4.869314172e-01
18555.0 4.884777992e-01
18565.0 4.928700212e-01
18575.0 4.906597714e-01
18585.0 4.926123616e-01
18595.0 4.941737874e-01
18605.0 4.909859672e-01
18615.0 4.911465774e-01
18625.0 4.914699091e-01
18635.0 4.906857076e-01
18645.0 4.961695924e-01
18655.0 4.957812810e-01
18665.0 5.003403477e-01
18675.0 5.013771606e-01
18685.0 5.035224708e-01
18695.0 5.066249218e-01
18705.0 5.088303163e-01
18715.0 5.036596399e-01
18725.0 5.102945647e-01
18735.0 5.129696782e-01
18745.0 5.193180966e-01
18755.0 5.212751392e-01
18765.0 5.102424623e-01
18775.0 5.239894113e-01
18785.0 5.162952002e-01
18795.0 5.206351320e-01
18805.0 5.174699657e-01
18815.0 5.205202334e-01
18825.0 5.198344284e-01
18835.0 5.194653578e-01
18845.0 5.227880450e-01
18855.0 5.184757020e-01
18865.0 5.183066798e-01
18875.0 5.248414499e-01
18885.0 5.171230726e-01
18895.0 5.199536567e-01
18905.0 5.158232620e-01
18915.0 5.149926797e-01
18925.0 5.228908252e-01
18935.0 5.124275988e-01
18945.0 5.131253644e-01
18955.0 5.146609093e-01
18965.0 5.115619884e-01
18975.0 5.160283088e-01
18985.0 5.099633023e-01
18995.0 5.046065317e-01
19005.0 5.079627807e-01
19015.0 5.086239619e-01
19025.0 5.046018830e-01
19035.0 4.967758555e-01
19045.0 5.068461370e-01
19055.0 4.981716465e-01
19065.0 5.017140156e-01
19075.0 4.952814426e-01
19085.0 5.051570326e-01
19095.0 5.032589080e-01
19105.0 4.969414906e-01
19115.0 5.035603342e-01
19125.0 4.963023106e-01
19135.0 4.976702945e-01
19145.0 4.959835797e-01
19155.0 5.008213795e-01
19165.0 5.042090166e-01
19175.0 5.006289264e-01
19185.0 4.986382735e-01
19195.0 5.041355333e-01
19205.0 4.974176214e-01
19215.0 5.099438965e-01
19225.0 5.042058814e-01
19235.0 5.056048877e-01
19245.0 5.061235313e-01
19255.0 5.119961334e-01
19265.0 5.093009697e-01
19275.0 5.140943367e-01
19285.0 5.156603125e-01
19295.0 5.212530757e-01
19305.0 5.142127128e-01
19315.0 5.230048224e-01
19325.0 5.080689678e-01
19335.0 5.241759420e-01
19345.0 5.253293379e-01
19355.0 5.140186343e-01
19365.0 5.217515218e-01
19375.0 5.143891954e-01
19385.0 5.248328305e-01
19395.0 5.214470384e-01
19405.0 5.169128282e-01
19415.0 5.207994702e-01
19425.0 5.135416936e-01
19435.0 5.261961023e-01
19445.0 5.213884204e-01
19455.0 5.277403268e-01
19465.0 5.230940463e-01
19475.0 5.192170277e-01
19485.0 5.245537541e-01
19495.0 5.214356473e-01
19505.0 5.164599854e-01
19515.0 5.264493048e-01
19525.0 5.189109107e-01
19535.0 5.081218335e-01
19545.0 5.142060676e-01
19555.0 5.018854380e-01
19565.0 4.948747356e-01
19575.0 4.801560908e-01
19585.0 4.595909402e-01
19595.0 4.476737498e-01
19605.0 4.231857686e-01
19615.0 4.081140324e-01
19625.0 3.923002458e-01
19635.0 3.661615995e-01
19645.0 3.399384667e-01
19655.0 3.144476914e-01
19665.0 2.928322494e-01
19675.0 2.637338964e-01
19685.0 2.440261834e-01
19695.0 2.187428752e-01
19705.0 1.976286505e-01
19715.0 1.782622464e-01
19725.0 1.602316033e-01
19735.0 1.459354038e-01
19745.0 1.296189037e-01
19755.0 1.167524595e-01
19765.0 1.093686513e-01
19775.0 9.599856938e-02
19785.0 8.907361744e-02
19795.0 8.033792249e-02
19805.0 7.272551808e-02
19815.0 6.540563492e-02
19825.0 5.893509786e-02
19835.0 5.147126944e-02
19845.0 4.683261089e-02
19855.0 4.109363731e-02
19865.0 3.567340510e-02
19875.0 3.046585216e-02
19885.0 2.777115956e-02
19895.0 2.344229340e-02
19905.0 2.126306863e-02
19915.0 1.823883066e-02
19925.0 1.599015783e-02
19935.0 1.391322893e-02
19945.0 1.209827352e-02
19955.0 1.060759082e-02
19965.0 8.988207765e-03
19975.0 8.277331120e-03
19985.0 6.949948944e-03
19995.0 6.224329456e-03
20005.0 5.462804960e-03
20015.0 4.907790554e-03
20025.0 4.230165615e-03
20035.0 3.765284830e-03
20045.0 3.366874372e-03
20055.0 2.981991107e-03
20065.0 2.624094070e-03
20075.0 2.349907657e-03
20085.0 2.069251231e-03
20095.0 1.902356983e-03
20105.0 1.671321540e-03
20115.0 1.524691451e-03
20125.0 1.370767515e-03
20135.0 1.223618115e-03
20145.0 1.109946567e-03
20155.0 9.810840463e-04
20165.0 9.302147084e-04
20175.0 8.462581882e-04
20185.0 7.546445547e-04
20195.0 6.797896498e-04
20205.0 6.365185693e-04
20215.0 5.734125814e-04
20225.0 5.307542822e-04
20235.0 4.892138412e-04
20245.0 4.519162485e-04
20255.0 4.046192817e-04
20265.0 3.819718493e-04
20275.0 3.499946930e-04
20285.0 3.290565193e-04
20295.0 3.066838292e-04
20305.0 2.879069126e-04
20315.0 2.606332886e-04
20325.0 2.538818706e-04
20335.0 2.309832118e-04
20345.0 2.167068553e-04
20355.0 1.982432990e-04
20365.0 1.918266429e-04
20375.0 1.739243200e-04
20385.0 1.616015413e-04
20395.0 1.531220100e-04
20405.0 1.511169792e-04
20415.0 1.432265854e-04
20425.0 1.324327991e-04
20435.0 1.240667065e-04
20445.0 1.197878247e-04
20455.0 1.050345532e-04
20465.0 9.763433616e-05
20475.0 9.190904096e-05
20485.0 9.129684784e-05
20495.0 7.742484821e-05
20505.0 7.839039891e-05
20515.0 7.535082066e-05
20525.0 6.509294947e-05
20535.0 5.980375281e-05
20545.0 6.426967429e-05
20555.0 5.200921366e-05
20565.0 5.652049167e-05
20575.0 5.489900592e-05
20585.0 3.603001073e-05
20595.0 4.078535765e-05
20605.0 4.370742599e-05
20615.0 3.926478453e-05
20625.0 4.157254871e-05
20635.0 3.925162476e-05
20645.0 1.782002263e-05
20655.0 3.390792364e-05
20665.0 3.166577663e-05
20675.0 2.626369611e-05
20685.0 1.920770554e-05
20695.0 2.354383057e-05
20705.0 2.414095469e-05
20715.0 2.287351252e-05
20725.0 1.223743550e-05
20735.0 1.563180944e-05
20745.0 1.116771523e-05
20755.0 1.327953222e-05
20765.0 3.903991416e-06
20775.0 1.780770464e-05
20785.0 1.955096873e-05
20795.0 1.338261020e-05
20805.0 3.628740124e-06
20815.0 1.126181318e-05
20825.0 1.067700947e-05
20835.0 1.208305220e-05
20845.0 8.793613135e-06
20855.0 9.533178386e-06
20865.0 9.501942740e-06
20875.0 1.875095402e-06
20885.0 4.307080586e-06
20895.0 1.570623553e-05
20905.0 6.006419018e-06
20915.0 6.835407051e-06
20925.0 1.994773050e-06
20935.0 1.026296955e-05
20945.0 3.732103209e-06
20955.0 2.990152635e-06
20965.0 6.644038950e-06
20975.0 6.233383023e-06
20985.0 5.411308683e-11
20995.0 1.017495903e-05
21005.0 2.483745992e-06
21015.0 2.777732147e-06
21025.0 3.827548770e-06
21035.0 1.120887346e-05
21045.0 8.518947857e-06
21055.0 3.732215959e-06
21065.0 6.260743483e-06
21075.0 2.015818000e-06
21085.0 3.837186453e-06
21095.0 4.300417723e-06
21105.0 6.447512549e-06
21115.0 1.272408000e-05
21125.0 8.333191456e-07
21135.0 8.962449237e-07
21145.0 8.834967394e-06
21155.0 5.837047209e-06
21165.0 5.623518210e-06
21175.0 6.221071749e-06
21185.0 7.958646516e-07
21195.0 7.254498988e-06
21205.0 6.338412496e-06
21215.0 4.505789746e-06
21225.0 9.361618342e-06
21235.0 9.969567487e-07
21245.0 6.712727575e-06
21255.0 1.107842765e-05
21265.0 5.365312295e-06
21275.0 4.891041848e-06
21285.0 5.410323164e-11
21295.0 4.894973197e-06
21305.0 9.308246547e-06
21315.0 1.189732371e-05
21325.0 1.543087963e-05
21335.0 5.414129447e-11
21345.0 3.428811020e-06
21355.0 3.193639022e-06
21365.0 6.608606088e-06
21375.0 3.983236902e-06
21385.0 3.301080582e-06
21395.0 8.810887451e-06
21405.0 2.101658672e-06
21415.0 2.512442834e-07
21425.0 3.465951610e-06
21435.0 2.667315003e-06
21445.0 5.417245857e-06
21455.0 5.423579947e-11
21465.0 2.068170004e-06
21475.0 5.498746261e-07
21485.0 5.646352607e-06
21495.0 4.340797421e-07
21505.0 5.088721065e-06
21515.0 5.430136358e-11
21525.0 4.019429224e-06
21535.0 1.817038229e-06
21545.0 1.404852226e-06
21555.0 8.022442946e-06
21565.0 1.914073730e-06
21575.0 7.087097131e-07
21585.0 5.076675926e-06
21595.0 1.452366170e-06
21605.0 5.371057634e-06
21615.0 8.583693230e-06
21625.0 1.860536924e-06
21635.0 7.133073439e-06
21645.0 1.148264140e-06
21655.0 1.068402263e-06
21665.0 5.414252134e-11
21675.0 1.304576206e-05
21685.0 1.535545033e-05
21695.0 3.338138870e-07
21705.0 6.237969288e-06
21715.0 2.766967439e-06
21725.0 1.689313724e-06
21735.0 8.789845879e-06
21745.0 5.822623887e-06
21755.0 1.727594358e-06
21765.0 2.260297579e-06
21775.0 2.894792231e-06
21785.0 4.546302063e-06
21795.0 5.391767980e-11
21805.0 3.626859855e-06
21815.0 6.037053205e-06
21825.0 5.015355794e-06
21835.0 2.215274918e-06
21845.0 3.616555819e-06
21855.0 1.735336915e-06
21865.0 5.080036962e-06
21875.0 5.135364965e-06
21885.0 7.236460886e-06
21895.0 1.009291389e-06
21905.0 2.582015942e-06
21915.0 2.135023965e-06
21925.0 3.005527420e-06
21935.0 5.392571178e-11
21945.0 4.654916843e-06
21955.0 6.268389785e-06
21965.0 7.086590332e-06
21975.0 1.261106016e-05
21985.0 5.400460076e-11
21995.0 1.312421322e-05
22005.0 2.515601282e-06
22015.0 9.458338252e-06
22025.0 1.243782822e-05
22035.0 5.399514716e-11
22045.0 4.238144611e-06
22055.0 5.861799615e-06
22065.0 9.009925880e-06
22075.0 4.673217272e-07
22085.0 5.240829525e-06
22095.0 1.784948607e-06
22105.0 9.076553958e-06
22115.0 5.717739501e-06
22125.0 2.257259104e-06
22135.0 6.223092890e-06
22145.0 4.618532990e-06
22155.0 2.764654367e-05
22165.0 5.376345726e-11
22175.0 1.224821961e-05
22185.0 1.093069376e-05
22195.0 1.827441089e-05
22205.0 4.513211157e-06
22215.0 7.196053281e-06
22225.0 8.048584751e-06
22235.0 1.881477971e-06
22245.0 2.572714618e-06
22255.0 1.174597518e-05
22265.0 6.727204776e-06
22275.0 1.438989786e-05
22285.0 5.315875005e-11
22295.0 4.370374987e-06
22305.0 3.699403259e-06
22315.0 5.333668523e-11
22325.0 5.372621109e-06
22335.0 7.695864230e-06
22345.0 6.060877134e-06
22355.0 1.082009197e-05
22365.0 6.092559493e-06
22375.0 6.507917188e-06
22385.0 1.019219706e-05
22395.0 5.377969999e-11
22405.0 2.577364573e-05
22415.0 7.120360307e-06
22425.0 1.202161534e-05
22435.0 7.113101755e-08
22445.0 1.088922157e-05
22455.0 5.382042913e-11
22465.0 1.484489271e-05
22475.0 2.958572078e-06
22485.0 6.368332746e-06
22495.0 1.173727480e-05
22505.0 7.053936737e-06
22515.0 1.422576810e-05
22525.0 1.101242000e-05
22535.0 9.857990274e-06
22545.0 5.451761063e-06
22555.0 1.100276290e-06
22565.0 9.842666309e-07
22575.0 5.628162041e-06
22585.0 8.969624300e-06
22595.0 9.500968021e-07
22605.0 1.504669841e-05
22615.0 2.118125167e-06
22625.0 8.365691749e-06
22635.0 5.280216416e-11
22645.0 1.472110725e-05
22655.0 3.153589500e-07
22665.0 1.456032913e-05
22675.0 4.860675642e-07
22685.0 2.250161406e-06
22695.0 9.549988642e-06
22705.0 4.936173974e-06
22715.0 3.427903278e-06
22725.0 4.206265848e-06
22735.0 6.107509901e-06
22745.0 3.904639807e-06
22755.0 1.294166174e-05
22765.0 5.329331103e-11
22775.0 2.314277904e-06
22785.0 4.024979103e-06
22795.0 5.328995191e-11
22805.0 7.937546977e-06
22815.0 3.451467777e-06
22825.0 4.277800186e-06
22835.0 3.841183438e-06
22845.0 5.930576431e-06
22855.0 2.752433294e-07
22865.0 5.038295767e-07
22875.0 4.086184780e-07
22885.0 4.289804799e-06
22895.0 3.243940993e-06
22905.0 5.059506762e-06
22915.0 5.308874447e-11
22925.0 5.890397924e-06
22935.0 8.450938268e-07
22945.0 5.298560837e-11
22955.0 1.949490256e-06
22965.0 3.492877556e-07
22975.0 1.971289986e-06
22985.0 4.145536904e-07
22995.0 5.262976606e-11
23005.0 1.373554950e-06
23015.0 6.068861998e-06
23025.0 2.146585435e-06
23035.0 5.210956609e-11
23045.0 8.243724767e-07
23055.0 1.567627545e-06
23065.0 2.726084888e-07
23075.0 3.282146862e-06
23085.0 5.106423624e-11
23095.0 4.686714590e-07
23105.0 6.345912067e-06
23115.0 1.619536131e-06
23125.0 1.833608679e-06
23135.0 2.302573128e-06
23145.0 1.377711593e-06
23155.0 5.067416014e-07
23165.0 4.754999123e-11
23175.0 2.062778588e-06
23185.0 4.602750090e-11
23195.0 1.120469496e-06
23205.0 2.755196838e-06
23215.0 8.650945892e-07
23225.0 3.691609235e-07
23235.0 4.822975063e-07
23245.0 1.130557325e-06
23255.0 1.229862334e-06
23265.0 1.474844710e-06
23275.0 2.509423345e-06
23285.0 3.454748816e-11
23295.0 3.328590921e-11
23305.0 1.506294414e-06
23315.0 8.065210567e-07
23325.0 2.914016732e-07
23335.0 2.814154941e-11
23345.0 1.552066952e-06
23355.0 1.071814745e-06
23365.0 2.368694078e-06
23375.0 2.336193393e-11
23385.0 2.237690201e-11
23395.0 1.708313603e-06
23405.0 9.375467858e-07
23415.0 8.872354306e-07
23425.0 1.425071935e-06
23435.0 8.307389447e-07
23445.0 4.405887220e-07
23455.0 1.854069028e-06
23465.0 7.772822174e-08
23475.0 2.922318728e-06
23485.0 2.680627198e-06
23495.0 1.849403870e-11
23505.0 6.736963375e-07
23515.0 8.486744183e-07
23525.0 9.753752014e-07
23535.0 5.922773991e-07
23545.0 1.481058126e-06
23555.0 1.645909661e-07
23565.0 2.081717369e-07
23575.0 5.429953399e-07
23585.0 6.374304897e-07
23595.0 8.298776275e-08
23605.0 3.397212636e-07
23615.0 5.488248770e-07
23625.0 2.368664436e-07
23635.0 9.307464013e-07
23645.0 1.018504107e-11
23655.0 4.064679386e-07
23665.0 8.224416563e-12
23675.0 1.026970359e-07
23685.0 9.967932530e-08
23695.0 1.679957206e-07
23705.0 3.764052130e-07
23715.0 3.161780693e-07
23725.0 3.404197486e-12
23735.0 1.784003595e-07
23745.0 6.200348871e-08
23755.0 5.806582451e-08
23765.0 7.310868052e-08
23775.0 4.176140304e-08
23785.0 1.344737655e-08
23795.0 1.196066775e-07
23805.0 1.567466387e-07
23815.0 1.126104018e-07
23825.0 1.429879981e-12
23835.0 2.530398732e-07
23845.0 1.012075965e-08
23855.0 1.896174622e-07
23865.0 4.343411502e-08
23875.0 1.171920006e-07
23885.0 2.452775495e-08
23895.0 8.184750228e-09
23905.0 2.631973634e-08
23915.0 3.453955710e-08
23925.0 6.009432822e-08
23935.0 2.089915678e-08
23945.0 9.816379170e-09
23955.0 2.236560086e-08
23965.0 5.569754708e-08
23975.0 3.874790547e-13
23985.0 3.485916399e-13
23995.0 2.971276652e-08
24005.0 1.305808144e-08
24015.0 1.655162752e-09
24025.0 1.921311114e-08
24035.0 3.003852275e-09
24045.0 1.738194925e-13
24055.0 2.254440617e-08
24065.0 1.487093657e-08
24075.0 1.035281073e-09
24085.0 6.840204003e-09
24095.0 4.016379318e-09
24105.0 7.999532822e-09
24115.0 7.829089223e-09
24125.0 4.718837637e-10
24135.0 2.206603129e-09
24145.0 6.395045670e-10
24155.0 3.927649442e-14
24165.0 1.942035088e-10
24175.0 7.133110393e-10
24185.0 2.215475526e-09
24195.0 4.202825266e-09
24205.0 1.969573830e-14
24215.0 1.726166306e-14
24225.0 1.336929376e-10
24235.0 1.011917667e-09
24245.0 1.111722627e-10
24255.0 9.260225381e-10
24265.0 3.129547795e-09
24275.0 8.274577720e-15
24285.0 2.089707137e-11
24295.0 9.587310523e-11
24305.0 8.776180343e-10
24315.0 5.326427710e-15
24325.0 4.725196019e-10
24335.0 5.176434214e-11
24345.0 3.883679260e-15
24355.0 3.498504695e-15
24365.0 3.905497934e-10
24375.0 2.067309625e-10
24385.0 2.054042217e-10
24395.0 2.293597753e-15
24405.0 2.458610046e-10
24415.0 3.520889691e-10
24425.0 1.651033491e-15
24435.0 6.253213570e-11
24445.0 5.290700168e-11
24455.0 1.168966438e-15
24465.0 1.476889189e-10
24475.0 3.063627700e-10
24485.0 4.454551679e-11
24495.0 7.262820114e-16
24505.0 1.199232040e-10
24515.0 6.001939553e-16
24525.0 6.336407746e-11
24535.0 1.935180972e-11
24545.0 6.728652788e-11
24555.0 4.011793333e-16
24565.0 1.672935350e-11
24575.0 8.435804717e-12
24585.0 2.922064742e-16
24595.0 2.220318293e-11
24605.0 7.327205630e-11
24615.0 1.597573609e-11
24625.0 2.168026159e-11
24635.0 1.694054576e-16
24645.0 5.174654092e-11
24655.0 9.312278200e-12
24665.0 5.500675722e-12
24675.0 6.097857244e-12
24685.0 1.947015711e-11
24695.0 6.875980368e-12
24705.0 1.755031400e-11
24715.0 4.747458875e-12
24725.0 1.404977784e-12
24735.0 4.433646476e-12
24745.0 5.807141514e-12
24755.0 4.279949179e-17
24765.0 6.099112563e-12
24775.0 1.431882690e-12
24785.0 1.238827390e-12
24795.0 1.085675952e-12
24805.0 3.835332453e-12
24815.0 1.321649251e-12
24825.0 1.954180229e-17
24835.0 1.066670858e-12
24845.0 1.092902158e-12
24855.0 5.593707217e-12
24865.0 1.274628331e-17
24875.0 6.534285853e-13
24885.0 1.578992265e-12
24895.0 9.448854177e-18
24905.0 2.228234057e-13
24915.0 1.061047904e-12
24925.0 4.130381658e-13
24935.0 2.031631426e-12
24945.0 4.304717576e-13
24955.0 6.348946838e-13
24965.0 2.762359268e-13
24975.0 4.209237584e-18
24985.0 8.378098479e-13
24995.0 2.766609389e-14
25005.0 4.000935766e-13
25015.0 2.881946283e-18
25025.0 5.663244569e-13
25035.0 5.699185497e-13
25045.0 4.724981135e-14
25055.0 1.095027189e-13
25065.0 2.717225578e-13
25075.0 6.613496132e-13
25085.0 1.532219056e-18
25095.0 8.563736841e-13
25105.0 1.287167935e-18
25115.0 3.030431634e-13
25125.0 3.427739370e-14
25135.0 9.054660416e-14
25145.0 3.491786360e-14
25155.0 8.401616022e-19
25165.0 3.687089039e-13
25175.0 7.102683613e-19
25185.0 6.533099620e-19
25195.0 1.166718510e-13
25205.0 5.530164244e-19
25215.0 5.124930727e-14
25225.0 4.680400645e-19
25235.0 4.304720825e-19
25245.0 1.732071568e-13
25255.0 1.043385246e-13
25265.0 3.352566024e-19
25275.0 3.083488929e-19
25285.0 1.666257533e-14
25295.0 4.923821149e-14
25305.0 2.395205879e-19
25315.0 3.966297817e-14
25325.0 3.814715677e-15
25335.0 1.011799868e-13
25345.0 3.628800177e-14
25355.0 1.560507601e-19
25365.0 1.430371894e-19
25375.0 2.028300986e-14
25385.0 7.227994818e-15
25395.0 1.098060125e-19
25405.0 7.270309437e-15
25415.0 5.771934111e-15
25425.0 1.163689606e-14
25435.0 4.988550340e-15
25445.0 5.786551860e-15
25455.0 3.588839212e-15
25465.0 2.598521036e-14
25475.0 5.293800445e-20
25485.0 4.819664656e-20
25495.0 1.747303321e-14
25505.0 5.192025439e-15
25515.0 5.277545236e-15
25525.0 3.276148149e-20
25535.0 2.968484289e-20
25545.0 2.688314939e-20
25555.0 3.308025896e-15
25565.0 3.019602534e-15
25575.0 7.721061341e-15
25585.0 5.329603128e-15
25595.0 1.625544181e-20
25605.0 1.804839458e-16
25615.0 2.131226320e-15
25625.0 1.195533467e-20
25635.0 7.459691558e-16
25645.0 2.533548232e-15
25655.0 6.069643065e-15
25665.0 7.893841257e-21
25675.0 7.935159195e-16
25685.0 2.494442891e-15
25695.0 3.920504469e-16
25705.0 5.184792807e-21
25715.0 2.850940913e-15
25725.0 2.730030387e-16
25735.0 7.666191916e-16
25745.0 3.390708331e-21
25755.0 1.313352446e-15
25765.0 4.020825816e-16
25775.0 2.459818667e-21
25785.0 2.209300048e-21
25795.0 2.002064906e-15
25805.0 1.781087939e-21
25815.0 1.663231850e-16
25825.0 1.432639096e-21
25835.0 1.281695303e-21
25845.0 1.026255542e-15
25855.0 1.024420028e-21
25865.0 3.121609748e-17
25875.0 6.978417795e-17
25885.0 6.332808058e-16
25895.0 6.522414588e-22
25905.0 3.443234385e-16
25915.0 5.194048251e-22
25925.0 4.632033445e-22
25935.0 4.128877639e-22
25945.0 3.676396444e-22
25955.0 3.271743885e-22
25965.0 1.542141857e-16
25975.0 2.811236784e-17
25985.0 2.301706555e-22
25995.0 2.044405243e-22
26005.0 1.384029064e-16
