 5504.0 6.041143057e-10
 5514.0 4.350482323e-10
 5524.0 6.865210859e-10
 5534.0 1.527992512e-09
 5544.0 1.459824651e-09
 5554.0 2.050698288e-09
 5564.0 1.404326308e-09
 5574.0 1.156426343e-09
 5584.0 8.354253131e-10
 5594.0 9.255462036e-10
 5604.0 1.665720024e-09
 5614.0 1.668576689e-09
 5624.0 9.838561584e-10
 5634.0 6.655833904e-11
 5644.0 4.424600163e-11
 5654.0 2.338711590e-10
 5664.0 1.172173465e-09
 5674.0 1.179708368e-09
 5684.0 1.898527287e-09
 5694.0 1.607714065e-09
 5704.0 1.508667793e-09
 5714.0 9.130474136e-10
 5724.0 2.413949303e-09
 5734.0 3.822043898e-09
 5744.0 3.572255475e-09
 5754.0 3.395494530e-09
 5764.0 3.481297591e-09
 5774.0 5.570997783e-09
 5784.0 3.254338652e-09
 5794.0 3.897226357e-09
 5804.0 3.891484599e-09
 5814.0 4.881402636e-09
 5824.0 2.603477895e-09
 5834.0 5.228525144e-09
 5844.0 1.267185782e-08
 5854.0 1.268939069e-08
 5864.0 1.000126270e-08
 5874.0 5.716831057e-09
 5884.0 6.389734661e-09
 5894.0 4.701677609e-09
 5904.0 1.195733403e-08
 5914.0 1.233182525e-08
 5924.0 1.537624325e-08
 5934.0 1.413017266e-08
 5944.0 1.362910098e-08
 5954.0 1.362822184e-08
 5964.0 7.233611613e-09
 5974.0 1.232846639e-08
 5984.0 1.785199570e-08
 5994.0 1.893984774e-08
 6004.0 3.102567523e-08
 6014.0 2.350983214e-08
 6024.0 1.647615570e-08
 6034.0 1.613550180e-08
 6044.0 1.626968308e-08
 6054.0 1.500791634e-08
 6064.0 1.478110900e-08
 6074.0 1.715009143e-08
 6084.0 1.863167364e-08
 6094.0 2.292935365e-08
 6104.0 2.714616309e-08
 6114.0 2.664830200e-08
 6124.0 1.776636202e-08
 6134.0 1.881943779e-08
 6144.0 1.459468985e-08
 6154.0 1.885301823e-08
 6164.0 1.704784238e-08
 6174.0 1.778453838e-08
 6184.0 1.866144411e-08
 6194.0 1.387502714e-08
 6204.0 1.563509732e-08
 6214.0 2.040651711e-08
 6224.0 2.580668822e-08
 6234.0 2.451677051e-08
 6244.0 1.450124198e-08
 6254.0 1.277226023e-08
 6264.0 1.668173492e-08
 6274.0 1.995529718e-08
 6284.0 1.464698323e-08
 6294.0 9.051567827e-09
 6304.0 2.340463815e-08
 6314.0 3.509448178e-08
 6324.0 3.785093213e-08
 6334.0 3.592668606e-08
 6344.0 3.978376982e-08
 6354.0 4.261071765e-08
 6364.0 3.878716596e-08
 6374.0 4.615397813e-08
 6384.0 4.191492156e-08
 6394.0 3.451457502e-08
 6404.0 3.019947260e-08
 6414.0 3.259780385e-08
 6424.0 3.954049258e-08
 6434.0 3.669741893e-08
 6444.0 4.072019033e-08
 6454.0 5.187495132e-08
 6464.0 5.076367911e-08
 6474.0 5.831373344e-08
 6484.0 5.957977216e-08
 6494.0 5.664004589e-08
 6504.0 5.475255730e-08
 6514.0 5.031185045e-08
 6524.0 5.325842095e-08
 6534.0 6.552454203e-08
 6544.0 6.324772895e-08
 6554.0 5.688899627e-08
 6564.0 3.993946855e-08
 6574.0 5.066879381e-08
 6584.0 6.363589928e-08
 6594.0 5.984707301e-08
 6604.0 4.481445107e-08
 6614.0 5.573292586e-08
 6624.0 5.408920646e-08
 6634.0 4.681102730e-08
 6644.0 4.193473992e-08
 6654.0 3.096505376e-08
 6664.0 3.555800545e-08
 6674.0 3.424077983e-08
 6684.0 3.419904471e-08
 6694.0 2.908010535e-08
 6704.0 2.836201859e-08
 6714.0 3.355579738e-08
 6724.0 3.825859162e-08
 6734.0 3.831608336e-08
 6744.0 4.315318508e-08
 6754.0 4.313716473e-08
 6764.0 4.498173249e-08
 6774.0 3.767229543e-08
 6784.0 4.299087843e-08
 6794.0 4.689646287e-08
 6804.0 3.286461580e-08
 6814.0 3.656761584e-08
 6824.0 3.516052075e-08
 6834.0 4.231643786e-08
 6844.0 4.713801534e-08
 6854.0 4.683136043e-08
 6864.0 5.189430434e-08
 6874.0 5.037640979e-08
 6884.0 5.994556958e-08
 6894.0 6.837669355e-08
 6904.0 4.962392813e-08
 6914.0 4.223638796e-08
 6924.0 4.103268530e-08
 6934.0 4.318117520e-08
 6944.0 2.417028451e-08
 6954.0 2.228329836e-08
 6964.0 1.794820481e-08
 6974.0 2.833805247e-08
 6984.0 3.980680751e-08
 6994.0 5.353549796e-08
 7004.0 5.226430027e-08
 7014.0 5.645708155e-08
 7024.0 5.246334531e-08
 7034.0 3.431654512e-08
 7044.0 4.786530866e-08
 7054.0 5.178585808e-08
 7064.0 5.267870931e-08
 7074.0 5.179832496e-08
 7084.0 6.030905134e-08
 7094.0 7.465934980e-08
 7104.0 6.370993230e-08
 7114.0 4.097628962e-08
 7124.0 5.501905966e-08
 7134.0 5.501643593e-08
 7144.0 4.176795171e-08
 7154.0 4.917173201e-08
 7164.0 4.924938636e-08
 7174.0 4.479881978e-08
 7184.0 3.929364961e-08
 7194.0 4.380251458e-08
 7204.0 3.435317280e-08
 7214.0 3.906742304e-08
 7224.0 4.004743434e-08
 7234.0 3.650610207e-08
 7244.0 2.613739219e-08
 7254.0 2.029635128e-08
 7264.0 3.040429231e-08
 7274.0 3.261098682e-08
 7284.0 3.847938767e-08
 7294.0 4.227365127e-08
 7304.0 5.070544393e-08
 7314.0 5.195416038e-08
 7324.0 5.202790681e-08
 7334.0 5.679078689e-08
 7344.0 6.944342624e-08
 7354.0 7.236455480e-08
 7364.0 7.830136039e-08
 7374.0 6.676640936e-08
 7384.0 6.723614581e-08
 7394.0 5.815817144e-08
 7404.0 6.111393684e-08
 7414.0 4.497338964e-08
 7424.0 2.727314883e-08
 7434.0 2.072497508e-08
 7444.0 2.094831345e-08
 7454.0 3.798297781e-08
 7464.0 3.235403038e-08
 7474.0 5.184427518e-08
 7484.0 4.402497456e-08
 7494.0 4.384161016e-08
 7504.0 3.414466353e-08
 7514.0 3.239623674e-08
 7524.0 3.144725997e-08
 7534.0 3.210675557e-08
 7544.0 3.077950356e-08
 7554.0 2.853495402e-08
 7564.0 4.530331133e-08
 7574.0 5.426055745e-08
 7584.0 6.199967003e-08
 7594.0 5.073682221e-08
 7604.0 4.916453812e-08
 7614.0 4.194105003e-08
 7624.0 4.203788178e-08
 7634.0 3.826277746e-08
 7644.0 4.194617300e-08
 7654.0 4.117760684e-08
 7664.0 4.860935123e-08
 7674.0 6.334743678e-08
 7684.0 7.416778083e-08
 7694.0 6.685608059e-08
 7704.0 5.897010358e-08
 7714.0 7.458272092e-08
 7724.0 6.779234577e-08
 7734.0 8.042295681e-08
 7744.0 6.869205055e-08
 7754.0 7.172454343e-08
 7764.0 6.462567564e-08
 7774.0 6.871994713e-08
 7784.0 5.901343560e-08
 7794.0 6.163050003e-08
 7804.0 6.000629233e-08
 7814.0 5.930978731e-08
 7824.0 4.651422685e-08
 7834.0 4.760518109e-08
 7844.0 4.690907848e-08
 7854.0 4.342338185e-08
 7864.0 4.081689866e-08
 7874.0 5.058247112e-08
 7884.0 6.980725055e-08
 7894.0 7.601534129e-08
 7904.0 6.543830798e-08
 7914.0 5.233995186e-08
 7924.0 4.853683272e-08
 7934.0 4.504219717e-08
 7944.0 8.933317287e-08
 7954.0 1.475391947e-07
 7964.0 1.899235464e-07
 7974.0 2.183598847e-07
 7984.0 2.406049583e-07
 7994.0 2.615747183e-07
 8004.0 2.574685614e-07
 8014.0 2.714773551e-07
 8024.0 2.923006342e-07
 8034.0 3.131926359e-07
 8044.0 3.189195690e-07
 8054.0 3.258932576e-07
 8064.0 3.245800734e-07
 8074.0 3.390820271e-07
 8084.0 3.252003868e-07
 8094.0 3.015935490e-07
 8104.0 3.093696259e-07
 8114.0 2.723414927e-07
 8124.0 2.176278137e-07
 8134.0 1.920170760e-07
 8144.0 1.670055080e-07
 8154.0 1.260063162e-07
 8164.0 1.123847177e-07
 8174.0 1.036967834e-07
 8184.0 8.565138740e-08
 8194.0 8.227292840e-08
 8204.0 6.915075692e-08
 8214.0 6.900001099e-08
 8224.0 6.832577011e-08
 8234.0 6.640342024e-08
 8244.0 6.276052936e-08
 8254.0 7.464217489e-08
 8264.0 8.193359303e-08
 8274.0 7.962945332e-08
 8284.0 8.216513715e-08
 8294.0 7.294888623e-08
 8304.0 6.154476921e-08
 8314.0 5.278672190e-08
 8324.0 4.392854214e-08
 8334.0 3.753405775e-08
 8344.0 4.659733631e-08
 8354.0 5.405214335e-08
 8364.0 5.533723723e-08
 8374.0 6.470146985e-08
 8384.0 5.730000892e-08
 8394.0 5.303687486e-08
 8404.0 5.711179518e-08
 8414.0 7.006945630e-08
 8424.0 7.567486394e-08
 8434.0 7.814218737e-08
 8444.0 6.756945900e-08
 8454.0 9.318543494e-08
 8464.0 9.993402465e-08
 8474.0 9.373855856e-08
 8484.0 9.613284658e-08
 8494.0 1.213184673e-07
 8504.0 1.020884968e-07
 8514.0 7.692369123e-08
 8524.0 8.035898616e-08
 8534.0 7.290648952e-08
 8544.0 9.029164813e-08
 8554.0 9.699963169e-08
 8564.0 1.072242517e-07
 8574.0 1.220745097e-07
 8584.0 1.468685925e-07
 8594.0 1.253193272e-07
 8604.0 1.038736427e-07
 8614.0 1.261921119e-07
 8624.0 1.518896825e-07
 8634.0 1.249557600e-07
 8644.0 1.176456993e-07
 8654.0 1.170153882e-07
 8664.0 9.976114518e-08
 8674.0 6.439935935e-08
 8684.0 5.292164913e-08
 8694.0 6.250196712e-08
 8704.0 8.538958256e-08
 8714.0 7.581939450e-08
 8724.0 9.276778786e-08
 8734.0 8.630396037e-08
 8744.0 1.076072532e-07
 8754.0 8.482432629e-08
 8764.0 1.246981971e-07
 8774.0 1.589812900e-07
 8784.0 1.333981900e-07
 8794.0 1.337947685e-07
 8804.0 2.288050992e-07
 8814.0 1.808404944e-07
 8824.0 1.832923441e-07
 8834.0 4.761070177e-07
 8844.0 7.218401618e-07
 8854.0 7.439612146e-07
 8864.0 9.092579161e-07
 8874.0 8.019113263e-07
 8884.0 6.278179796e-07
 8894.0 8.930231400e-07
 8904.0 7.311711092e-07
 8914.0 7.725364524e-07
 8924.0 9.873528674e-07
 8934.0 1.214854712e-06
 8944.0 8.640713773e-07
 8954.0 7.865155256e-07
 8964.0 6.029008370e-07
 8974.0 4.989048923e-07
 8984.0 2.555979153e-07
 8994.0 2.877735136e-07
 9004.0 2.844912404e-07
 9014.0 2.912485962e-07
 9024.0 3.064396052e-07
 9034.0 2.969296074e-07
 9044.0 2.846670098e-07
 9054.0 2.746972569e-07
 9064.0 2.516482835e-07
 9074.0 2.395676042e-07
 9084.0 2.468520413e-07
 9094.0 2.096737346e-07
 9104.0 2.106282948e-07
 9114.0 2.316984801e-07
 9124.0 2.114174257e-07
 9134.0 2.121569025e-07
 9144.0 2.330824565e-07
 9154.0 2.230967174e-07
 9164.0 2.029326947e-07
 9174.0 1.967552866e-07
 9184.0 1.950499270e-07
 9194.0 2.271252248e-07
 9204.0 2.249640764e-07
 9214.0 2.372050067e-07
 9224.0 2.848034922e-07
 9234.0 3.075573660e-07
 9244.0 3.057073243e-07
 9254.0 3.290831960e-07
 9264.0 3.226130448e-07
 9274.0 3.128200949e-07
 9284.0 3.280485494e-07
 9294.0 3.470160153e-07
 9304.0 3.435062544e-07
 9314.0 3.736405521e-07
 9324.0 3.919406520e-07
 9334.0 4.111354437e-07
 9344.0 4.160282638e-07
 9354.0 4.362196603e-07
 9364.0 4.471277189e-07
 9374.0 4.464025392e-07
 9384.0 4.352615723e-07
 9394.0 4.449459739e-07
 9404.0 4.509142273e-07
 9414.0 4.381633161e-07
 9424.0 4.276365554e-07
 9434.0 4.114643848e-07
 9444.0 4.173644402e-07
 9454.0 4.413382812e-07
 9464.0 4.229427984e-07
 9474.0 4.013921940e-07
 9484.0 4.228180793e-07
 9494.0 4.155677627e-07
 9504.0 3.850243151e-07
 9514.0 4.186372339e-07
 9524.0 4.258429227e-07
 9534.0 4.170530814e-07
 9544.0 4.267297376e-07
 9554.0 4.171182166e-07
 9564.0 3.839087379e-07
 9574.0 3.859942709e-07
 9584.0 3.904828088e-07
 9594.0 3.435032710e-07
 9604.0 3.229395491e-07
 9614.0 3.354702022e-07
 9624.0 3.219655791e-07
 9634.0 3.065129059e-07
 9644.0 3.254452467e-07
 9654.0 3.287195084e-07
 9664.0 3.243051665e-07
 9674.0 3.206245508e-07
 9684.0 3.290830111e-07
 9694.0 3.283428302e-07
 9704.0 3.172647799e-07
 9714.0 3.219007748e-07
 9724.0 3.428748595e-07
 9734.0 3.384782672e-07
 9744.0 3.364224735e-07
 9754.0 3.626752933e-07
 9764.0 3.771842629e-07
 9774.0 3.769214059e-07
 9784.0 3.608036715e-07
 9794.0 3.654913352e-07
 9804.0 3.547898845e-07
 9814.0 3.637963577e-07
 9824.0 3.546073795e-07
 9834.0 3.591993895e-07
 9844.0 3.442971469e-07
 9854.0 3.310472207e-07
 9864.0 3.025662477e-07
 9874.0 3.157371357e-07
 9884.0 3.238552528e-07
 9894.0 3.306091323e-07
 9904.0 3.296671669e-07
 9914.0 3.332160428e-07
 9924.0 3.291665709e-07
 9934.0 3.133436703e-07
 9944.0 2.970034577e-07
 9954.0 9.646843837e-07
 9964.0 1.624506153e-06
 9974.0 2.022092420e-06
 9984.0 2.240453390e-06
 9994.0 2.721541941e-06
10004.0 2.824105994e-06
10014.0 2.924576192e-06
10024.0 2.782420406e-06
10034.0 2.685378448e-06
10044.0 2.576894083e-06
10054.0 2.584454027e-06
10064.0 2.490877033e-06
10074.0 2.626152842e-06
10084.0 2.650986190e-06
10094.0 2.578125004e-06
10104.0 2.486265082e-06
10114.0 2.654303429e-06
10124.0 2.759129770e-06
10134.0 2.705670735e-06
10144.0 2.739641148e-06
10154.0 2.651358176e-06
10164.0 2.449923986e-06
10174.0 2.432779629e-06
10184.0 2.468790919e-06
10194.0 2.549100694e-06
10204.0 2.447251519e-06
10214.0 2.403959171e-06
10224.0 2.380067976e-06
10234.0 2.395587614e-06
10244.0 2.475798826e-06
10254.0 2.322251559e-06
10264.0 2.085510151e-06
10274.0 2.029853904e-06
10284.0 2.394142650e-06
10294.0 2.546432824e-06
10304.0 2.525302454e-06
10314.0 2.546846251e-06
10324.0 2.346578239e-06
10334.0 2.273298573e-06
10344.0 2.152485230e-06
10354.0 2.186054932e-06
10364.0 2.264953777e-06
10374.0 2.277581858e-06
10384.0 2.294668741e-06
10394.0 2.288752860e-06
10404.0 2.194898592e-06
10414.0 2.160297883e-06
10424.0 2.152518278e-06
10434.0 2.103241705e-06
10444.0 2.075863588e-06
10454.0 1.980140404e-06
10464.0 2.157417795e-06
10474.0 2.236087797e-06
10484.0 2.283005000e-06
10494.0 2.139023617e-06
10504.0 2.244862592e-06
10514.0 2.212001388e-06
10524.0 2.171577292e-06
10534.0 2.117159606e-06
10544.0 2.137710810e-06
10554.0 1.986325161e-06
10564.0 1.972121501e-06
10574.0 1.822878657e-06
10584.0 2.005813482e-06
10594.0 2.103857886e-06
10604.0 2.008517915e-06
10614.0 1.941649289e-06
10624.0 2.067708828e-06
10634.0 2.042438730e-06
10644.0 1.893152962e-06
10654.0 1.979213154e-06
10664.0 1.801455270e-06
10674.0 1.898820959e-06
10684.0 2.070039754e-06
10694.0 2.048394716e-06
10704.0 1.950188292e-06
10714.0 1.996853747e-06
10724.0 2.009181180e-06
10734.0 2.074332064e-06
10744.0 1.899721194e-06
10754.0 1.949789969e-06
10764.0 1.996246290e-06
10774.0 2.018795359e-06
10784.0 2.068107822e-06
10794.0 1.863014594e-06
10804.0 1.814167038e-06
10814.0 1.937799836e-06
10824.0 1.935172776e-06
10834.0 2.009078153e-06
10844.0 2.072018071e-06
10854.0 2.028182776e-06
10864.0 1.957123667e-06
10874.0 1.917082850e-06
10884.0 2.071426706e-06
10894.0 1.947906561e-06
10904.0 1.939764910e-06
10914.0 1.880910163e-06
10924.0 1.995291658e-06
10934.0 2.005733916e-06
10944.0 2.123289124e-06
10954.0 1.983177215e-06
10964.0 1.850842863e-06
10974.0 1.763262687e-06
10984.0 1.844183826e-06
10994.0 2.029693448e-06
11004.0 1.958653881e-06
11014.0 1.876302727e-06
11024.0 2.021557156e-06
11034.0 1.999824106e-06
11044.0 1.911080228e-06
11054.0 1.888319784e-06
11064.0 1.923276679e-06
11074.0 1.915380445e-06
11084.0 1.865708965e-06
11094.0 2.012961750e-06
11104.0 2.044921722e-06
11114.0 1.958810671e-06
11124.0 1.765928368e-06
11134.0 1.828281958e-06
11144.0 1.880095457e-06
11154.0 2.096086958e-06
11164.0 1.932571919e-06
11174.0 1.788186435e-06
11184.0 1.901856963e-06
11194.0 1.802528262e-06
11204.0 1.697706690e-06
11214.0 1.712694955e-06
11224.0 1.801386308e-06
11234.0 1.817791813e-06
11244.0 1.779207342e-06
11254.0 1.836949516e-06
11264.0 1.878636201e-06
11274.0 1.853074278e-06
11284.0 1.848646943e-06
11294.0 1.862253660e-06
11304.0 1.837562472e-06
11314.0 1.879131897e-06
11324.0 1.914458712e-06
11334.0 1.874822594e-06
11344.0 1.791384313e-06
11354.0 1.829606242e-06
11364.0 1.741687834e-06
11374.0 1.905220584e-06
11384.0 1.878598780e-06
11394.0 1.724127472e-06
11404.0 1.704418185e-06
11414.0 1.723669650e-06
11424.0 1.817840632e-06
11434.0 1.946868141e-06
11444.0 1.860350827e-06
11454.0 1.823680005e-06
11464.0 1.884920008e-06
11474.0 1.966748636e-06
11484.0 1.973995486e-06
11494.0 2.039830982e-06
11504.0 1.917901580e-06
11514.0 1.740380347e-06
11524.0 1.660820081e-06
11534.0 1.775343027e-06
11544.0 1.796168025e-06
11554.0 1.793054044e-06
11564.0 1.905707337e-06
11574.0 1.946105387e-06
11584.0 2.031219636e-06
11594.0 1.929012543e-06
11604.0 1.909163509e-06
11614.0 2.065778527e-06
11624.0 1.898509369e-06
11634.0 1.796618021e-06
11644.0 1.960991145e-06
11654.0 1.919647392e-06
11664.0 1.966373896e-06
11674.0 1.967826846e-06
11684.0 2.098163933e-06
11694.0 1.953405582e-06
11704.0 1.856507176e-06
11714.0 1.876736872e-06
11724.0 1.777564990e-06
11734.0 1.872629994e-06
11744.0 1.873137297e-06
11754.0 1.849688615e-06
11764.0 1.828623948e-06
11774.0 1.877140857e-06
11784.0 1.862084317e-06
11794.0 1.938175287e-06
11804.0 1.948946216e-06
11814.0 1.934521182e-06
11824.0 1.896895283e-06
11834.0 1.857704442e-06
11844.0 1.942264646e-06
11854.0 1.898636440e-06
11864.0 1.790270909e-06
11874.0 1.951984410e-06
11884.0 1.984609042e-06
11894.0 1.926082199e-06
11904.0 1.797215693e-06
11914.0 1.868303437e-06
11924.0 2.178133627e-06
11934.0 2.137215324e-06
11944.0 1.957560031e-06
11954.0 1.948564841e-06
11964.0 1.916652423e-06
11974.0 1.992967893e-06
11984.0 2.033138471e-06
11994.0 2.014687433e-06
12004.0 1.937722270e-06
12014.0 1.873968494e-06
12024.0 1.931162427e-06
12034.0 2.049520459e-06
12044.0 1.946870405e-06
12054.0 1.680437644e-06
12064.0 1.863748528e-06
12074.0 1.957154531e-06
12084.0 2.001587047e-06
12094.0 1.940371953e-06
12104.0 1.821799053e-06
12114.0 1.818881161e-06
12124.0 1.739541814e-06
12134.0 1.758972467e-06
12144.0 1.873695234e-06
12154.0 1.738796297e-06
12164.0 1.647873791e-06
12174.0 1.829210570e-06
12184.0 1.974774996e-06
12194.0 1.892345492e-06
12204.0 1.945850653e-06
12214.0 1.970611988e-06
12224.0 1.997012657e-06
12234.0 1.883803862e-06
12244.0 1.951387265e-06
12254.0 2.098218059e-06
12264.0 2.136658896e-06
12274.0 2.058100871e-06
12284.0 2.081962784e-06
12294.0 2.070655708e-06
12304.0 1.971095910e-06
12314.0 1.948787553e-06
12324.0 1.872063937e-06
12334.0 1.873858932e-06
12344.0 2.026860255e-06
12354.0 2.107017294e-06
12364.0 2.094678176e-06
12374.0 1.985195661e-06
12384.0 1.977554046e-06
12394.0 1.993716825e-06
12404.0 2.050077622e-06
12414.0 2.000658865e-06
12424.0 2.007739585e-06
12434.0 2.001952324e-06
12444.0 1.995681982e-06
12454.0 2.029748446e-06
12464.0 2.014434028e-06
12474.0 2.199523172e-06
12484.0 2.249292399e-06
12494.0 2.203022974e-06
12504.0 2.029730843e-06
12514.0 2.052166165e-06
12524.0 2.168911156e-06
12534.0 2.049461847e-06
12544.0 2.111668150e-06
12554.0 2.069498220e-06
12564.0 2.048115865e-06
12574.0 2.018885694e-06
12584.0 2.003217802e-06
12594.0 2.083170076e-06
12604.0 2.002342096e-06
12614.0 1.968963778e-06
12624.0 2.109872377e-06
12634.0 2.323851105e-06
12644.0 2.336252259e-06
12654.0 2.102900847e-06
12664.0 2.013380353e-06
12674.0 2.039656693e-06
12684.0 2.061631905e-06
12694.0 2.022696111e-06
12704.0 2.084552341e-06
12714.0 2.097348666e-06
12724.0 2.094297233e-06
12734.0 2.180694432e-06
12744.0 2.154678995e-06
12754.0 1.902948309e-06
12764.0 2.079532489e-06
12774.0 2.208226059e-06
12784.0 2.087124330e-06
12794.0 1.964919261e-06
12804.0 2.009562561e-06
12814.0 2.095350077e-06
12824.0 2.113439621e-06
12834.0 2.124504738e-06
12844.0 2.039501968e-06
12854.0 1.982642306e-06
12864.0 1.991453219e-06
12874.0 2.049607557e-06
12884.0 2.214694685e-06
12894.0 2.252482510e-06
12904.0 2.144242795e-06
12914.0 2.176505396e-06
12924.0 2.213038016e-06
12934.0 2.236823167e-06
12944.0 2.267992967e-06
12954.0 2.142230714e-06
12964.0 2.124067191e-06
12974.0 2.218859232e-06
12984.0 2.265441153e-06
12994.0 2.144073830e-06
13004.0 2.147118259e-06
13014.0 2.235328680e-06
13024.0 2.174335233e-06
13034.0 2.298798877e-06
13044.0 2.193260081e-06
13054.0 2.210925799e-06
13064.0 2.218333763e-06
13074.0 2.222599344e-06
13084.0 2.148974607e-06
13094.0 2.224788848e-06
13104.0 2.314049315e-06
13114.0 2.411214274e-06
13124.0 2.276906320e-06
13134.0 2.393856996e-06
13144.0 2.313656657e-06
13154.0 2.199015866e-06
13164.0 2.222643271e-06
13174.0 2.286378541e-06
13184.0 2.339036288e-06
13194.0 2.248822831e-06
13204.0 2.187858894e-06
13214.0 2.287514011e-06
13224.0 2.202260997e-06
13234.0 2.227877483e-06
13244.0 2.004708292e-06
13254.0 2.111601812e-06
13264.0 2.198518260e-06
13274.0 2.194729675e-06
13284.0 2.174228831e-06
13294.0 2.303891195e-06
13304.0 2.379346928e-06
13314.0 2.400733073e-06
13324.0 2.137295884e-06
13334.0 2.156012263e-06
13344.0 2.178887304e-06
13354.0 2.188608588e-06
13364.0 2.313720210e-06
13374.0 2.291034302e-06
13384.0 2.246520630e-06
13394.0 2.303518205e-06
13404.0 2.328310590e-06
13414.0 2.318067534e-06
13424.0 2.443931846e-06
13434.0 2.652644437e-06
13444.0 2.538288987e-06
13454.0 2.355752019e-06
13464.0 2.441740245e-06
13474.0 2.534713053e-06
13484.0 2.657926844e-06
13494.0 2.824979708e-06
13504.0 2.644034812e-06
13514.0 2.462190912e-06
13524.0 2.581005611e-06
13534.0 2.861468446e-06
13544.0 2.554551548e-06
13554.0 2.514958027e-06
13564.0 2.699606561e-06
13574.0 2.577402509e-06
13584.0 2.635994502e-06
13594.0 3.058466896e-06
13604.0 3.169648416e-06
13614.0 2.781535746e-06
13624.0 2.760026970e-06
13634.0 2.700267418e-06
13644.0 2.615606334e-06
13654.0 2.692961114e-06
13664.0 2.830468002e-06
13674.0 2.589431835e-06
13684.0 2.579175151e-06
13694.0 2.724227735e-06
13704.0 2.893897573e-06
13714.0 2.854793970e-06
13724.0 2.808936590e-06
13734.0 2.967141265e-06
13744.0 2.889594136e-06
13754.0 2.956368018e-06
13764.0 2.967507364e-06
13774.0 3.102613581e-06
13784.0 2.922932098e-06
13794.0 3.046076717e-06
13804.0 2.936552967e-06
13814.0 2.926926179e-06
13824.0 3.030998672e-06
13834.0 2.975132797e-06
13844.0 2.975170508e-06
13854.0 2.970983769e-06
13864.0 2.974147305e-06
13874.0 2.729840434e-06
13884.0 2.762749218e-06
13894.0 2.704569081e-06
13904.0 2.656768544e-06
13914.0 2.607398470e-06
13924.0 2.751060000e-06
13934.0 2.753267977e-06
13944.0 2.726969777e-06
13954.0 2.548507938e-06
13964.0 2.598812553e-06
13974.0 2.728417265e-06
13984.0 2.673849800e-06
13994.0 2.642427051e-06
14004.0 2.668173463e-06
14014.0 2.890171872e-06
14024.0 2.932613222e-06
14034.0 2.940111842e-06
14044.0 2.890024030e-06
14054.0 2.580860123e-06
14064.0 2.424633212e-06
14074.0 2.569028561e-06
14084.0 2.586305286e-06
14094.0 2.701638864e-06
14104.0 2.612372431e-06
14114.0 2.335505167e-06
14124.0 2.414371757e-06
14134.0 2.637190933e-06
14144.0 2.637511951e-06
14154.0 2.755478148e-06
14164.0 2.656799530e-06
14174.0 2.796915873e-06
14184.0 2.816000520e-06
14194.0 2.812874384e-06
14204.0 2.606321419e-06
14214.0 2.445897751e-06
14224.0 2.479829391e-06
14234.0 2.673754498e-06
14244.0 2.788404005e-06
14254.0 2.615970992e-06
14264.0 2.404600855e-06
14274.0 2.538105163e-06
14284.0 2.579999306e-06
14294.0 2.669807571e-06
14304.0 2.622920612e-06
14314.0 2.648424292e-06
14324.0 2.710686710e-06
14334.0 2.848697504e-06
14344.0 2.772506357e-06
14354.0 2.560311364e-06
14364.0 2.541657967e-06
14374.0 2.896846475e-06
14384.0 2.814968381e-06
14394.0 2.548344353e-06
14404.0 2.602964403e-06
14414.0 2.612763556e-06
14424.0 2.620606128e-06
14434.0 2.689776290e-06
14444.0 2.608447194e-06
14454.0 2.685633008e-06
14464.0 2.615883667e-06
14474.0 2.428948419e-06
14484.0 2.557562341e-06
14494.0 2.598210764e-06
14504.0 2.636979285e-06
14514.0 2.707224848e-06
14524.0 2.782143066e-06
14534.0 2.749595052e-06
14544.0 2.732103291e-06
14554.0 2.673581935e-06
14564.0 2.549740676e-06
14574.0 2.526341344e-06
14584.0 2.747922704e-06
14594.0 2.839489235e-06
14604.0 2.830601847e-06
14614.0 2.730821614e-06
14624.0 2.454453248e-06
14634.0 2.471707781e-06
14644.0 2.511540978e-06
14654.0 2.697864241e-06
14664.0 2.822108032e-06
14674.0 2.987848286e-06
14684.0 2.988272866e-06
14694.0 3.188198592e-06
14704.0 3.113827407e-06
14714.0 3.131580225e-06
14724.0 3.200817022e-06
14734.0 3.134096856e-06
14744.0 2.995360556e-06
14754.0 2.993459553e-06
14764.0 3.015929993e-06
14774.0 2.855805536e-06
14784.0 2.909396164e-06
14794.0 2.836581746e-06
14804.0 2.881010163e-06
14814.0 2.647377181e-06
14824.0 2.624229305e-06
14834.0 2.666410494e-06
14844.0 2.833138363e-06
14854.0 3.062388204e-06
14864.0 3.126984437e-06
14874.0 2.892537356e-06
14884.0 3.129473338e-06
14894.0 3.220738480e-06
14904.0 3.049725960e-06
14914.0 2.780268705e-06
14924.0 2.927855847e-06
14934.0 3.148703242e-06
14944.0 3.129848376e-06
14954.0 3.217575792e-06
14964.0 3.201688148e-06
14974.0 3.227997983e-06
14984.0 3.297435877e-06
14994.0 3.237071475e-06
15004.0 3.366664753e-06
15014.0 3.232799742e-06
15024.0 3.155345337e-06
15034.0 3.010869266e-06
15044.0 2.929019402e-06
15054.0 3.113246758e-06
15064.0 3.252803737e-06
15074.0 3.142464100e-06
15084.0 3.236015217e-06
15094.0 3.176312319e-06
15104.0 3.019583008e-06
15114.0 3.102469637e-06
15124.0 3.203132026e-06
15134.0 3.350904997e-06
15144.0 3.557291544e-06
15154.0 3.495835768e-06
15164.0 3.660866248e-06
15174.0 3.446810550e-06
15184.0 3.322521559e-06
15194.0 3.286568499e-06
15204.0 3.132421493e-06
15214.0 3.252019409e-06
15224.0 3.294907491e-06
15234.0 3.651303447e-06
15244.0 3.817901254e-06
15254.0 3.680280380e-06
15264.0 3.395801982e-06
15274.0 3.527068485e-06
15284.0 3.605245991e-06
15294.0 3.537598295e-06
15304.0 3.479429177e-06
15314.0 3.590018183e-06
15324.0 3.368779181e-06
15334.0 3.445556512e-06
15344.0 3.500941668e-06
15354.0 3.360490143e-06
15364.0 3.230397261e-06
15374.0 3.417465003e-06
15384.0 3.379070078e-06
15394.0 3.527443175e-06
15404.0 3.342019953e-06
15414.0 3.298940789e-06
15424.0 3.432363633e-06
15434.0 3.556641207e-06
15444.0 3.506467313e-06
15454.0 3.147139899e-06
15464.0 3.207973147e-06
15474.0 3.595964392e-06
15484.0 3.663677175e-06
15494.0 3.516372434e-06
15504.0 3.583209760e-06
15514.0 3.430238176e-06
15524.0 3.673069472e-06
15534.0 3.834604827e-06
15544.0 3.822114352e-06
15554.0 3.948376925e-06
15564.0 4.035563390e-06
15574.0 3.961795729e-06
15584.0 3.788132992e-06
15594.0 3.757837230e-06
15604.0 3.686194884e-06
15614.0 3.754915303e-06
15624.0 3.837052409e-06
15634.0 3.709245733e-06
15644.0 3.709273790e-06
15654.0 4.016819151e-06
15664.0 3.783808021e-06
15674.0 3.749261409e-06
15684.0 3.980052953e-06
15694.0 4.156745318e-06
15704.0 4.093442944e-06
15714.0 3.887407771e-06
15724.0 3.829658156e-06
15734.0 3.931113996e-06
15744.0 3.801402959e-06
15754.0 3.917695662e-06
15764.0 4.137131166e-06
15774.0 4.066668058e-06
15784.0 3.916760529e-06
15794.0 3.687757814e-06
15804.0 4.061275976e-06
15814.0 4.174114639e-06
15824.0 3.908679394e-06
15834.0 3.974344249e-06
15844.0 4.032656837e-06
15854.0 4.117977818e-06
15864.0 4.167284306e-06
15874.0 4.035593388e-06
15884.0 4.177974802e-06
15894.0 4.126455708e-06
15904.0 3.842136869e-06
15914.0 4.298638762e-06
15924.0 4.317589227e-06
15934.0 3.973474595e-06
15944.0 4.180337398e-06
15954.0 4.238848018e-06
15964.0 3.921888646e-06
15974.0 3.630939322e-06
15984.0 3.671349310e-06
15994.0 3.872180683e-06
16004.0 4.321444551e-06
16014.0 4.514429865e-06
16024.0 4.390959846e-06
16034.0 4.519258112e-06
16044.0 4.465429747e-06
16054.0 4.451350839e-06
16064.0 4.083266387e-06
16074.0 4.233137516e-06
16084.0 4.525547791e-06
16094.0 4.503920543e-06
16104.0 4.196026492e-06
16114.0 4.233472919e-06
16124.0 4.356908549e-06
16134.0 4.463778894e-06
16144.0 4.285242161e-06
16154.0 4.536158618e-06
16164.0 4.511662942e-06
16174.0 4.740699000e-06
16184.0 4.973369007e-06
16194.0 4.952652008e-06
16204.0 4.896351433e-06
16214.0 4.526463422e-06
16224.0 4.542551567e-06
16234.0 4.614103818e-06
16244.0 4.807238518e-06
16254.0 5.002391868e-06
16264.0 5.207259660e-06
16274.0 5.093127000e-06
16284.0 4.749997709e-06
16294.0 4.687317641e-06
16304.0 4.783871728e-06
16314.0 5.083615022e-06
16324.0 5.119592592e-06
16334.0 5.022526683e-06
16344.0 5.221431626e-06
16354.0 5.213998961e-06
16364.0 5.277825887e-06
16374.0 5.456319654e-06
16384.0 5.690916541e-06
16394.0 5.853500589e-06
16404.0 6.187339571e-06
16414.0 6.479453398e-06
16424.0 6.590838738e-06
16434.0 6.734914326e-06
16444.0 6.759576382e-06
16454.0 6.811814639e-06
16464.0 7.213563111e-06
16474.0 7.691604413e-06
16484.0 7.884782679e-06
16494.0 7.961461784e-06
16504.0 8.461557727e-06
16514.0 8.503636995e-06
16524.0 8.431987083e-06
16534.0 8.498625596e-06
16544.0 9.085076937e-06
16554.0 9.788582239e-06
16564.0 9.949210907e-06
16574.0 1.047700781e-05
16584.0 1.109077717e-05
16594.0 1.191956657e-05
16604.0 1.230834365e-05
16614.0 1.291550421e-05
16624.0 1.393482569e-05
16634.0 1.495858715e-05
16644.0 1.620436335e-05
16654.0 1.726835957e-05
16664.0 1.829477298e-05
16674.0 1.916015104e-05
16684.0 2.039116456e-05
16694.0 2.207647893e-05
16704.0 2.393129644e-05
16714.0 2.581162781e-05
16724.0 2.825932279e-05
16734.0 3.001770868e-05
16744.0 3.229624371e-05
16754.0 3.519453760e-05
16764.0 3.812119423e-05
16774.0 4.084770057e-05
16784.0 4.385173067e-05
16794.0 4.732618283e-05
16804.0 5.069354285e-05
16814.0 5.462820073e-05
16824.0 5.924682279e-05
16834.0 6.404949953e-05
16844.0 6.858389212e-05
16854.0 7.421409762e-05
16864.0 8.063146226e-05
16874.0 8.717142118e-05
16884.0 9.399197925e-05
16894.0 1.020838131e-04
16904.0 1.110246229e-04
16914.0 1.210114771e-04
16924.0 1.326359958e-04
16934.0 1.455118579e-04
16944.0 1.606157768e-04
16954.0 1.768718706e-04
16964.0 1.958148486e-04
16974.0 2.183379792e-04
16984.0 2.427276021e-04
16994.0 2.714906973e-04
17004.0 3.049198097e-04
17014.0 3.418152754e-04
17024.0 3.850131311e-04
17034.0 4.349691652e-04
17044.0 4.918918546e-04
17054.0 5.560838509e-04
17064.0 6.292850964e-04
17074.0 7.134687742e-04
17084.0 8.075984013e-04
17094.0 9.148840775e-04
17104.0 1.038665047e-03
17114.0 1.175260464e-03
17124.0 1.328372395e-03
17134.0 1.504743602e-03
17144.0 1.702238514e-03
17154.0 1.926560304e-03
17164.0 2.190526853e-03
17174.0 2.487246478e-03
17184.0 2.819386687e-03
17194.0 3.205087736e-03
17204.0 3.648684930e-03
17214.0 4.163438839e-03
17224.0 4.771569805e-03
17234.0 5.483179230e-03
17244.0 6.304001066e-03
17254.0 7.269306075e-03
17264.0 8.428835492e-03
17274.0 9.805880254e-03
17284.0 1.145504477e-02
17294.0 1.345714605e-02
17304.0 1.578980818e-02
17314.0 1.851248067e-02
17324.0 2.178138523e-02
17334.0 2.543460179e-02
17344.0 2.932247656e-02
17354.0 3.323239014e-02
17364.0 3.725828497e-02
17374.0 4.128303813e-02
17384.0 4.577640150e-02
17394.0 5.049621391e-02
17404.0 5.570429466e-02
17414.0 6.176612655e-02
17424.0 6.868371077e-02
17434.0 7.659290639e-02
17444.0 8.537903517e-02
17454.0 9.577496008e-02
17464.0 1.074768524e-01
17474.0 1.213557871e-01
17484.0 1.375319383e-01
17494.0 1.556589345e-01
17504.0 1.756457757e-01
17514.0 1.974598446e-01
17524.0 2.198999889e-01
17534.0 2.430383366e-01
17544.0 2.663370970e-01
17554.0 2.890185652e-01
17564.0 3.100526747e-01
17574.0 3.297627838e-01
17584.0 3.474855591e-01
17594.0 3.633984840e-01
17604.0 3.778007857e-01
17614.0 3.912163730e-01
17624.0 4.036575634e-01
17634.0 4.152924606e-01
17644.0 4.263625677e-01
17654.0 4.371728299e-01
17664.0 4.477542190e-01
17674.0 4.572416339e-01
17684.0 4.657590891e-01
17694.0 4.733513185e-01
17704.0 4.803621674e-01
17714.0 4.863449986e-01
17724.0 4.917328178e-01
17734.0 4.953163205e-01
17744.0 4.980035547e-01
17754.0 4.998498770e-01
17764.0 5.010520610e-01
17774.0 5.021895612e-01
17784.0 5.023304827e-01
17794.0 5.028749621e-01
17804.0 5.031350839e-01
17814.0 5.030805007e-01
17824.0 5.030470639e-01
17834.0 5.034546271e-01
17844.0 5.037863459e-01
17854.0 5.043974062e-01
17864.0 5.046519148e-01
17874.0 5.049504359e-01
17884.0 5.058572481e-01
17894.0 5.062812072e-01
17904.0 5.067251982e-01
17914.0 5.068410578e-01
17924.0 5.066927148e-01
17934.0 5.058012723e-01
17944.0 5.049835423e-01
17954.0 5.038729396e-01
17964.0 5.029000116e-01
17974.0 5.018458901e-01
17984.0 5.004171565e-01
17994.0 4.988644345e-01
18004.0 4.969802925e-01
18014.0 4.955593886e-01
18024.0 4.939719455e-01
18034.0 4.925323183e-01
18044.0 4.908611142e-01
18054.0 4.897664951e-01
18064.0 4.891332665e-01
18074.0 4.893030403e-01
18084.0 4.888216814e-01
18094.0 4.881563328e-01
18104.0 4.878814384e-01
18114.0 4.878394416e-01
18124.0 4.889584974e-01
18134.0 4.897490968e-01
18144.0 4.906606937e-01
18154.0 4.913218228e-01
18164.0 4.927884700e-01
18174.0 4.938295068e-01
18184.0 4.950811644e-01
18194.0 4.961604389e-01
18204.0 4.969271345e-01
18214.0 4.984335357e-01
18224.0 5.004012092e-01
18234.0 5.011442866e-01
18244.0 5.021211507e-01
18254.0 5.032581474e-01
18264.0 5.043840630e-01
18274.0 5.054812028e-01
18284.0 5.060767678e-01
18294.0 5.067408569e-01
18304.0 5.078418187e-01
18314.0 5.085870173e-01
18324.0 5.092514756e-01
18334.0 5.098262798e-01
18344.0 5.100397627e-01
18354.0 5.099033468e-01
18364.0 5.105394399e-01
18374.0 5.108914854e-01
18384.0 5.109868199e-01
18394.0 5.108867315e-01
18404.0 5.112854162e-01
18414.0 5.108238781e-01
18424.0 5.106596498e-01
18434.0 5.106247673e-01
18444.0 5.100261984e-01
18454.0 5.096831064e-01
18464.0 5.089129904e-01
18474.0 5.080056765e-01
18484.0 5.074623688e-01
18494.0 5.070813147e-01
18504.0 5.065454585e-01
18514.0 5.055787793e-01
18524.0 5.049999298e-01
18534.0 5.043797939e-01
18544.0 5.037371300e-01
18554.0 5.032946084e-01
18564.0 5.027093117e-01
18574.0 5.027685500e-01
18584.0 5.023668076e-01
18594.0 5.015077479e-01
18604.0 5.011188639e-01
18614.0 5.004427280e-01
18624.0 4.997763740e-01
18634.0 4.995430396e-01
18644.0 4.995240949e-01
18654.0 4.993825076e-01
18664.0 4.994168981e-01
18674.0 4.993976855e-01
18684.0 4.999109668e-01
18694.0 5.003342543e-01
18704.0 5.010147011e-01
18714.0 5.019459051e-01
18724.0 5.025697745e-01
18734.0 5.038617741e-01
18744.0 5.050788729e-01
18754.0 5.057186238e-01
18764.0 5.062303987e-01
18774.0 5.063976629e-01
18784.0 5.070663787e-01
18794.0 5.076275247e-01
18804.0 5.083937695e-01
18814.0 5.093189183e-01
18824.0 5.100231103e-01
18834.0 5.112084083e-01
18844.0 5.119859958e-01
18854.0 5.123358763e-01
18864.0 5.130539207e-01
18874.0 5.137951969e-01
18884.0 5.143405116e-01
18894.0 5.146807597e-01
18904.0 5.147485044e-01
18914.0 5.149308678e-01
18924.0 5.153189219e-01
18934.0 5.156013171e-01
18944.0 5.161455955e-01
18954.0 5.168196200e-01
18964.0 5.171365165e-01
18974.0 5.173602947e-01
18984.0 5.172223868e-01
18994.0 5.177188140e-01
19004.0 5.177534830e-01
19014.0 5.178414122e-01
19024.0 5.181764038e-01
19034.0 5.191417611e-01
19044.0 5.191695918e-01
19054.0 5.194534491e-01
19064.0 5.199798846e-01
19074.0 5.210751089e-01
19084.0 5.217279462e-01
19094.0 5.214677670e-01
19104.0 5.213902638e-01
19114.0 5.219579916e-01
19124.0 5.230018478e-01
19134.0 5.231369276e-01
19144.0 5.232082881e-01
19154.0 5.230029524e-01
19164.0 5.225879884e-01
19174.0 5.228894438e-01
19184.0 5.226562152e-01
19194.0 5.227686590e-01
19204.0 5.221751669e-01
19214.0 5.218496810e-01
19224.0 5.217560892e-01
19234.0 5.213602424e-01
19244.0 5.211788284e-01
19254.0 5.202447343e-01
19264.0 5.199456121e-01
19274.0 5.201953907e-01
19284.0 5.202765212e-01
19294.0 5.197582048e-01
19304.0 5.193859486e-01
19314.0 5.185714835e-01
19324.0 5.182763553e-01
19334.0 5.177557713e-01
19344.0 5.171422916e-01
19354.0 5.165534525e-01
19364.0 5.162150663e-01
19374.0 5.154939944e-01
19384.0 5.151369080e-01
19394.0 5.147938389e-01
19404.0 5.150069019e-01
19414.0 5.152881669e-01
19424.0 5.155300872e-01
19434.0 5.159070394e-01
19444.0 5.161948542e-01
19454.0 5.169527557e-01
19464.0 5.174640423e-01
19474.0 5.179541277e-01
19484.0 5.183273241e-01
19494.0 5.181813058e-01
19504.0 5.184307746e-01
19514.0 5.187139537e-01
19524.0 5.190525454e-01
19534.0 5.192429973e-01
19544.0 5.192773683e-01
19554.0 5.194605125e-01
19564.0 5.194612636e-01
19574.0 5.193160978e-01
19584.0 5.182567054e-01
19594.0 5.161137754e-01
19604.0 5.153521958e-01
19614.0 5.164465137e-01
19624.0 5.188960536e-01
19634.0 5.200340384e-01
19644.0 5.208451653e-01
19654.0 5.209165181e-01
19664.0 5.207330095e-01
19674.0 5.204681934e-01
19684.0 5.210051885e-01
19694.0 5.215209235e-01
19704.0 5.208388865e-01
19714.0 5.205477828e-01
19724.0 5.207347238e-01
19734.0 5.202632088e-01
19744.0 5.197117652e-01
19754.0 5.197063384e-01
19764.0 5.199429721e-01
19774.0 5.201448478e-01
19784.0 5.201399499e-01
19794.0 5.201869010e-01
19804.0 5.208287340e-01
19814.0 5.216303305e-01
19824.0 5.215473655e-01
19834.0 5.213214273e-01
19844.0 5.217675547e-01
19854.0 5.218829089e-01
19864.0 5.218988537e-01
19874.0 5.223251895e-01
19884.0 5.228641273e-01
19894.0 5.233156247e-01
19904.0 5.234114061e-01
19914.0 5.237489981e-01
19924.0 5.239592132e-01
19934.0 5.244613903e-01
19944.0 5.239521722e-01
19954.0 5.230936652e-01
19964.0 5.216802719e-01
19974.0 5.217202942e-01
19984.0 5.225034482e-01
19994.0 5.232347048e-01
20004.0 5.239072134e-01
20014.0 5.240724434e-01
20024.0 5.242253663e-01
20034.0 5.248819600e-01
20044.0 5.249116667e-01
20054.0 5.243779771e-01
20064.0 5.237682607e-01
20074.0 5.234304022e-01
20084.0 5.229174959e-01
20094.0 5.232587786e-01
20104.0 5.233896281e-01
20114.0 5.229500946e-01
20124.0 5.229328007e-01
20134.0 5.230157727e-01
20144.0 5.233545790e-01
20154.0 5.238517711e-01
20164.0 5.244923374e-01
20174.0 5.249314517e-01
20184.0 5.253672964e-01
20194.0 5.249561276e-01
20204.0 5.253505929e-01
20214.0 5.249321821e-01
20224.0 5.257908980e-01
20234.0 5.270723354e-01
20244.0 5.282843380e-01
20254.0 5.294666944e-01
20264.0 5.302387857e-01
20274.0 5.304548903e-01
20284.0 5.307931129e-01
20294.0 5.313349334e-01
20304.0 5.317293067e-01
20314.0 5.318165574e-01
20324.0 5.321539631e-01
20334.0 5.324744531e-01
20344.0 5.322853937e-01
20354.0 5.320455532e-01
20364.0 5.319467610e-01
20374.0 5.323493828e-01
20384.0 5.325942952e-01
20394.0 5.330880984e-01
20404.0 5.328873279e-01
20414.0 5.317627941e-01
20424.0 5.312333520e-01
20434.0 5.299872389e-01
20444.0 5.288733014e-01
20454.0 5.280262492e-01
20464.0 5.273272076e-01
20474.0 5.267682323e-01
20484.0 5.258544611e-01
20494.0 5.253377191e-01
20504.0 5.249828349e-01
20514.0 5.249345069e-01
20524.0 5.249431294e-01
20534.0 5.245346080e-01
20544.0 5.243081000e-01
20554.0 5.243429033e-01
20564.0 5.241466717e-01
20574.0 5.237828835e-01
20584.0 5.236561746e-01
20594.0 5.238258902e-01
20604.0 5.247240565e-01
20614.0 5.257455894e-01
20624.0 5.261899608e-01
20634.0 5.268624847e-01
20644.0 5.278235259e-01
20654.0 5.283839025e-01
20664.0 5.291773109e-01
20674.0 5.302301592e-01
20684.0 5.314803242e-01
20694.0 5.321319325e-01
20704.0 5.331000347e-01
20714.0 5.346146373e-01
20724.0 5.356274376e-01
20734.0 5.365453127e-01
20744.0 5.374022515e-01
20754.0 5.380810676e-01
20764.0 5.382776328e-01
20774.0 5.383517276e-01
20784.0 5.381803166e-01
20794.0 5.386838918e-01
20804.0 5.391782556e-01
20814.0 5.392530368e-01
20824.0 5.394042217e-01
20834.0 5.395353205e-01
20844.0 5.401072167e-01
20854.0 5.400110413e-01
20864.0 5.395409035e-01
20874.0 5.386506511e-01
20884.0 5.381612933e-01
20894.0 5.374082946e-01
20904.0 5.372049657e-01
20914.0 5.361562482e-01
20924.0 5.349845991e-01
20934.0 5.349360928e-01
20944.0 5.354078848e-01
20954.0 5.353529282e-01
20964.0 5.349176149e-01
20974.0 5.338077714e-01
20984.0 5.330131185e-01
20994.0 5.325336678e-01
21004.0 5.320222643e-01
21014.0 5.317559416e-01
21024.0 5.307887741e-01
21034.0 5.303579017e-01
21044.0 5.306337859e-01
21054.0 5.306887951e-01
21064.0 5.297624773e-01
21074.0 5.289381484e-01
21084.0 5.289897582e-01
21094.0 5.281491063e-01
21104.0 5.277958546e-01
21114.0 5.270007719e-01
21124.0 5.272276866e-01
21134.0 5.264492364e-01
21144.0 5.260370658e-01
21154.0 5.252227285e-01
21164.0 5.252447741e-01
21174.0 5.255893328e-01
21184.0 5.256263588e-01
21194.0 5.251618958e-01
21204.0 5.245501226e-01
21214.0 5.247558751e-01
21224.0 5.248196614e-01
21234.0 5.245071102e-01
21244.0 5.241616069e-01
21254.0 5.237742627e-01
21264.0 5.239506998e-01
21274.0 5.241281194e-01
21284.0 5.232919875e-01
21294.0 5.232917616e-01
21304.0 5.232860491e-01
21314.0 5.233820737e-01
21324.0 5.236787498e-01
21334.0 5.239252296e-01
21344.0 5.243303798e-01
21354.0 5.243868576e-01
21364.0 5.240227526e-01
21374.0 5.245551709e-01
21384.0 5.247349168e-01
21394.0 5.257336366e-01
21404.0 5.266161187e-01
21414.0 5.267911376e-01
21424.0 5.271122279e-01
21434.0 5.274327946e-01
21444.0 5.283455180e-01
21454.0 5.293585029e-01
21464.0 5.293773973e-01
21474.0 5.291418512e-01
21484.0 5.300576768e-01
21494.0 5.311027357e-01
21504.0 5.313224749e-01
21514.0 5.308565051e-01
21524.0 5.308556310e-01
21534.0 5.308382664e-01
21544.0 5.305234871e-01
21554.0 5.297445842e-01
21564.0 5.296205131e-01
21574.0 5.297464850e-01
21584.0 5.292088231e-01
21594.0 5.285472119e-01
21604.0 5.275943267e-01
21614.0 5.270451193e-01
21624.0 5.256035435e-01
21634.0 5.248664682e-01
21644.0 5.243955614e-01
21654.0 5.235320988e-01
21664.0 5.227020015e-01
21674.0 5.215386770e-01
21684.0 5.207307028e-01
21694.0 5.196684428e-01
21704.0 5.187920094e-01
21714.0 5.177349642e-01
21724.0 5.174074088e-01
21734.0 5.167594472e-01
21744.0 5.165476262e-01
21754.0 5.157832824e-01
21764.0 5.157343682e-01
21774.0 5.159268602e-01
21784.0 5.163485838e-01
21794.0 5.157177499e-01
21804.0 5.152625918e-01
21814.0 5.147711956e-01
21824.0 5.147740140e-01
21834.0 5.155802705e-01
21844.0 5.160036603e-01
21854.0 5.170613421e-01
21864.0 5.175338418e-01
21874.0 5.173214474e-01
21884.0 5.176231716e-01
21894.0 5.181688316e-01
21904.0 5.186188426e-01
21914.0 5.193069601e-01
21924.0 5.198018937e-01
21934.0 5.202863256e-01
21944.0 5.210920159e-01
21954.0 5.218166701e-01
21964.0 5.225834893e-01
21974.0 5.238654230e-01
21984.0 5.250009107e-01
21994.0 5.256552427e-01
22004.0 5.261308550e-01
22014.0 5.264113639e-01
22024.0 5.273305462e-01
22034.0 5.275545351e-01
22044.0 5.276418029e-01
22054.0 5.271213732e-01
22064.0 5.261249639e-01
22074.0 5.250403108e-01
22084.0 5.233463364e-01
22094.0 5.209548271e-01
22104.0 5.177281145e-01
22114.0 5.128517935e-01
22124.0 5.072787569e-01
22134.0 4.997893266e-01
22144.0 4.904073907e-01
22154.0 4.796878161e-01
22164.0 4.669678539e-01
22174.0 4.520568986e-01
22184.0 4.356872964e-01
22194.0 4.176613908e-01
22204.0 3.981038146e-01
22214.0 3.771162505e-01
22224.0 3.552678177e-01
22234.0 3.326058020e-01
22244.0 3.094580836e-01
22254.0 2.865728716e-01
22264.0 2.644385101e-01
22274.0 2.435536208e-01
22284.0 2.237326252e-01
22294.0 2.052527607e-01
22304.0 1.883251625e-01
22314.0 1.727892584e-01
22324.0 1.582137975e-01
22334.0 1.444773237e-01
22344.0 1.314610665e-01
22354.0 1.189491642e-01
22364.0 1.073940825e-01
22374.0 9.654774056e-02
22384.0 8.626497279e-02
22394.0 7.687537258e-02
22404.0 6.824995016e-02
22414.0 6.025128373e-02
22424.0 5.310078750e-02
22434.0 4.678767345e-02
22444.0 4.104011922e-02
22454.0 3.589671558e-02
22464.0 3.135246945e-02
22474.0 2.732611783e-02
22484.0 2.378921873e-02
22494.0 2.076447074e-02
22504.0 1.814255460e-02
22514.0 1.582188007e-02
22524.0 1.380101131e-02
22534.0 1.203678167e-02
22544.0 1.047857568e-02
22554.0 9.145005902e-03
22564.0 7.993771360e-03
22574.0 6.990547756e-03
22584.0 6.110801329e-03
22594.0 5.345155723e-03
22604.0 4.663314655e-03
22614.0 4.082764003e-03
22624.0 3.586945435e-03
22634.0 3.154432737e-03
22644.0 2.775122188e-03
22654.0 2.447617226e-03
22664.0 2.156514276e-03
22674.0 1.906584956e-03
22684.0 1.690646959e-03
22694.0 1.503076163e-03
22704.0 1.340607913e-03
22714.0 1.200212071e-03
22724.0 1.072821455e-03
22734.0 9.631029901e-04
22744.0 8.664708217e-04
22754.0 7.833061581e-04
22764.0 7.062827930e-04
22774.0 6.419786127e-04
22784.0 5.840432238e-04
22794.0 5.300557110e-04
22804.0 4.825368183e-04
22814.0 4.424068546e-04
22824.0 4.056330544e-04
22834.0 3.727388377e-04
22844.0 3.415704948e-04
22854.0 3.155175975e-04
22864.0 2.892538628e-04
22874.0 2.664396324e-04
22884.0 2.465541209e-04
22894.0 2.278930644e-04
22904.0 2.095359597e-04
22914.0 1.934228635e-04
22924.0 1.794826017e-04
22934.0 1.649708214e-04
22944.0 1.535742707e-04
22954.0 1.427842737e-04
22964.0 1.328670176e-04
22974.0 1.237037661e-04
22984.0 1.157559586e-04
22994.0 1.073203630e-04
23004.0 9.985612877e-05
23014.0 9.312140575e-05
23024.0 8.713273669e-05
23034.0 8.026252452e-05
23044.0 7.455016891e-05
23054.0 6.989153405e-05
23064.0 6.552836436e-05
23074.0 6.119985984e-05
23084.0 5.732354289e-05
23094.0 5.353151644e-05
23104.0 5.074534868e-05
23114.0 4.809600046e-05
23124.0 4.366801323e-05
23134.0 4.017009293e-05
23144.0 3.764391632e-05
23154.0 3.566526731e-05
23164.0 3.350301429e-05
23174.0 3.149766420e-05
23184.0 2.882634739e-05
23194.0 2.701946603e-05
23204.0 2.547981024e-05
23214.0 2.435386184e-05
23224.0 2.321363239e-05
23234.0 2.146889898e-05
23244.0 1.935129214e-05
23254.0 1.799411494e-05
23264.0 1.657997366e-05
23274.0 1.543614515e-05
23284.0 1.403471483e-05
23294.0 1.351066056e-05
23304.0 1.246840156e-05
23314.0 1.147936028e-05
23324.0 1.046459353e-05
23334.0 9.577642601e-06
23344.0 8.885148643e-06
23354.0 8.311326141e-06
23364.0 7.794596129e-06
23374.0 7.360655580e-06
23384.0 6.862850949e-06
23394.0 6.198974933e-06
23404.0 5.727358897e-06
23414.0 5.468059517e-06
23424.0 5.449075978e-06
23434.0 5.256423488e-06
23444.0 5.035199152e-06
23454.0 4.894040508e-06
23464.0 4.874299872e-06
23474.0 4.549878927e-06
23484.0 4.318570598e-06
23494.0 4.501316084e-06
23504.0 4.519653256e-06
23514.0 4.314367912e-06
23524.0 4.115875475e-06
23534.0 3.877783537e-06
23544.0 3.712033562e-06
23554.0 3.572557996e-06
23564.0 3.565447290e-06
23574.0 3.430473920e-06
23584.0 3.200995904e-06
23594.0 3.130602358e-06
23604.0 2.941386558e-06
23614.0 2.760065215e-06
23624.0 2.550680949e-06
23634.0 2.412643999e-06
23644.0 2.366133025e-06
23654.0 2.080215212e-06
23664.0 1.828437560e-06
23674.0 1.716629859e-06
23684.0 1.399799671e-06
23694.0 1.137533775e-06
23704.0 9.530304976e-07
23714.0 8.372749248e-07
23724.0 7.486535203e-07
23734.0 6.311440745e-07
23744.0 5.528058756e-07
23754.0 5.403624334e-07
23764.0 4.850635090e-07
23774.0 4.462487726e-07
23784.0 4.223984961e-07
23794.0 4.368125245e-07
23804.0 3.859818848e-07
23814.0 3.419575875e-07
23824.0 2.910992734e-07
23834.0 2.674337575e-07
23844.0 2.458292850e-07
23854.0 2.484321831e-07
23864.0 2.355906919e-07
23874.0 2.230994750e-07
23884.0 2.024285307e-07
23894.0 1.854638602e-07
23904.0 1.667930946e-07
23914.0 1.523944515e-07
23924.0 1.437309852e-07
23934.0 1.346034273e-07
23944.0 1.341578423e-07
23954.0 1.202495173e-07
23964.0 1.063897822e-07
23974.0 9.122116277e-08
23984.0 8.255510695e-08
23994.0 7.564449163e-08
24004.0 6.706370711e-08
24014.0 6.291152835e-08
24024.0 5.982410000e-08
24034.0 5.107180491e-08
24044.0 4.323641605e-08
24054.0 3.622441752e-08
24064.0 3.262926235e-08
24074.0 3.046373777e-08
24084.0 2.664610645e-08
24094.0 2.363028780e-08
24104.0 2.358026622e-08
24114.0 1.913644344e-08
24124.0 1.503107667e-08
24134.0 1.315619915e-08
24144.0 1.129573067e-08
24154.0 1.046012507e-08
24164.0 9.226410893e-09
24174.0 7.367846538e-09
24184.0 6.650807569e-09
24194.0 6.157945789e-09
24204.0 5.471614954e-09
24214.0 4.706621129e-09
24224.0 4.408036029e-09
24234.0 4.196287699e-09
24244.0 3.616445895e-09
24254.0 3.019885363e-09
24264.0 2.896103538e-09
24274.0 2.506349534e-09
24284.0 2.124796820e-09
24294.0 1.915037440e-09
24304.0 1.709141638e-09
24314.0 1.722951588e-09
24324.0 1.575052092e-09
24334.0 1.456093831e-09
24344.0 1.319214215e-09
24354.0 1.241779192e-09
24364.0 1.060506967e-09
24374.0 8.739713586e-10
24384.0 8.095448892e-10
24394.0 7.391746772e-10
24404.0 6.922401244e-10
24414.0 6.167551143e-10
24424.0 5.333196362e-10
24434.0 4.767397355e-10
24444.0 4.297373326e-10
24454.0 3.901889514e-10
24464.0 3.429160152e-10
24474.0 3.028014859e-10
24484.0 2.800575321e-10
24494.0 2.492773137e-10
24504.0 2.351849194e-10
24514.0 2.150721451e-10
24524.0 1.652069145e-10
24534.0 1.787870950e-10
24544.0 1.802188644e-10
24554.0 1.465013814e-10
24564.0 1.330269828e-10
24574.0 1.286911410e-10
24584.0 1.119657823e-10
24594.0 9.171544841e-11
24604.0 8.676565860e-11
24614.0 8.394617344e-11
24624.0 7.625710575e-11
24634.0 7.547747263e-11
24644.0 6.065857622e-11
24654.0 5.299202004e-11
24664.0 4.851633119e-11
24674.0 4.493824609e-11
24684.0 3.996713375e-11
24694.0 3.707556431e-11
24704.0 3.110005335e-11
24714.0 2.917268111e-11
24724.0 2.789665740e-11
24734.0 2.647198330e-11
24744.0 2.210077193e-11
24754.0 1.967474029e-11
24764.0 1.741604724e-11
24774.0 1.525489456e-11
24784.0 1.336622644e-11
24794.0 1.235602027e-11
24804.0 1.175881253e-11
24814.0 1.079240183e-11
24824.0 9.488869555e-12
24834.0 7.696157715e-12
24844.0 6.817267654e-12
24854.0 6.007687484e-12
24864.0 5.441576844e-12
24874.0 5.411404460e-12
24884.0 4.986107445e-12
24894.0 4.808219993e-12
24904.0 4.618960025e-12
24914.0 4.056341196e-12
24924.0 3.783937536e-12
24934.0 3.426773351e-12
24944.0 2.982392894e-12
24954.0 2.691332082e-12
24964.0 2.330771537e-12
24974.0 2.298930507e-12
24984.0 2.049124908e-12
24994.0 1.922812818e-12
25004.0 1.626040929e-12
25014.0 1.366861278e-12
25024.0 1.436919163e-12
25034.0 1.371276794e-12
25044.0 1.203240959e-12
25054.0 1.141445601e-12
25064.0 1.097076107e-12
25074.0 9.431490773e-13
25084.0 8.655745955e-13
25094.0 8.442885560e-13
25104.0 8.221513204e-13
25114.0 7.941066872e-13
25124.0 7.063434618e-13
25134.0 5.779815943e-13
25144.0 5.461489896e-13
25154.0 5.320689336e-13
25164.0 4.897886026e-13
25174.0 4.641514940e-13
25184.0 3.903122327e-13
25194.0 3.574019051e-13
25204.0 3.543134408e-13
25214.0 3.403317929e-13
25224.0 2.868569532e-13
25234.0 2.554864044e-13
25244.0 2.775109918e-13
25254.0 2.559387669e-13
25264.0 2.272618822e-13
25274.0 2.028436675e-13
25284.0 2.092873630e-13
25294.0 1.909041876e-13
25304.0 1.636231110e-13
25314.0 1.529724946e-13
25324.0 1.519722359e-13
25334.0 1.424854821e-13
25344.0 1.301956884e-13
25354.0 1.132185970e-13
25364.0 1.101431124e-13
25374.0 1.022779154e-13
25384.0 9.377176017e-14
25394.0 9.283363456e-14
25404.0 8.505655111e-14
25414.0 7.271695410e-14
25424.0 6.708861108e-14
25434.0 6.281299514e-14
25444.0 5.960665304e-14
25454.0 5.685189405e-14
25464.0 5.799938952e-14
25474.0 4.879441682e-14
25484.0 4.175799712e-14
25494.0 3.861657188e-14
25504.0 3.456592500e-14
25514.0 3.290640124e-14
25524.0 3.190990685e-14
25534.0 3.045156871e-14
25544.0 2.779307874e-14
25554.0 2.307581549e-14
25564.0 2.173422494e-14
25574.0 2.282612053e-14
25584.0 1.969448479e-14
25594.0 1.716403587e-14
25604.0 1.668932739e-14
25614.0 1.557941998e-14
25624.0 1.281694440e-14
25634.0 1.201763856e-14
25644.0 1.168804197e-14
25654.0 1.092447559e-14
25664.0 1.048417866e-14
25674.0 8.342862337e-15
25684.0 7.209803395e-15
25694.0 6.949127486e-15
25704.0 6.760225698e-15
25714.0 5.812625998e-15
25724.0 4.838366835e-15
25734.0 4.858025496e-15
25744.0 4.819710897e-15
25754.0 4.191509297e-15
25764.0 3.780583353e-15
25774.0 3.734757292e-15
25784.0 2.960816121e-15
25794.0 2.519451046e-15
25804.0 2.279069054e-15
25814.0 2.183039929e-15
25824.0 2.053048037e-15
25834.0 1.912765171e-15
25844.0 1.736279780e-15
25854.0 1.501548837e-15
25864.0 1.422300416e-15
25874.0 1.189101141e-15
25884.0 9.927828409e-16
25894.0 9.318823479e-16
25904.0 9.640805509e-16
25914.0 8.500594479e-16
25924.0 6.411050992e-16
25934.0 6.031343348e-16
25944.0 5.882949993e-16
25954.0 5.570432317e-16
25964.0 5.446490889e-16
25974.0 5.282506793e-16
