19409.7 0.000000000e+00
19425.8 0.000000000e+00
19441.8 0.000000000e+00
19457.9 0.000000000e+00
19474.0 0.000000000e+00
19490.1 0.000000000e+00
19506.2 0.000000000e+00
19522.2 0.000000000e+00
19538.3 0.000000000e+00
19554.4 0.000000000e+00
19570.5 0.000000000e+00
19586.6 0.000000000e+00
19602.6 0.000000000e+00
19618.7 0.000000000e+00
19634.8 0.000000000e+00
19650.9 0.000000000e+00
19667.0 0.000000000e+00
19683.0 0.000000000e+00
19699.1 0.000000000e+00
19715.2 0.000000000e+00
19731.3 0.000000000e+00
19747.4 0.000000000e+00
19763.5 0.000000000e+00
19779.5 0.000000000e+00
19795.6 0.000000000e+00
19811.7 0.000000000e+00
19827.8 0.000000000e+00
19843.9 0.000000000e+00
19859.9 0.000000000e+00
19876.0 0.000000000e+00
19892.1 0.000000000e+00
19908.2 0.000000000e+00
19924.3 0.000000000e+00
19940.3 0.000000000e+00
19956.4 0.000000000e+00
19972.5 0.000000000e+00
19988.6 0.000000000e+00
20004.7 1.151572544e-11
20020.7 9.022510517e-12
20036.8 7.467210778e-12
20052.9 6.968649808e-12
20069.0 5.672135653e-12
20085.1 4.148121163e-12
20101.1 3.270434564e-12
20117.2 3.025656881e-12
20133.3 3.325279108e-12
20149.4 3.390390428e-12
20165.5 3.495348313e-12
20181.6 2.970026838e-12
20197.6 3.115964184e-12
20213.7 4.096951684e-12
20229.8 4.027151943e-12
20245.9 3.169851675e-12
20262.0 3.309387527e-12
20278.0 4.209664246e-12
20294.1 4.556959811e-12
20310.2 4.123070055e-12
20326.3 4.330849191e-12
20342.4 4.936367471e-12
20358.4 5.294489991e-12
20374.5 5.492083667e-12
20390.6 5.300903029e-12
20406.7 5.019308792e-12
20422.8 5.200769794e-12
20438.8 5.725598498e-12
20454.9 5.066583455e-12
20471.0 4.152695460e-12
20487.1 4.706080911e-12
20503.2 6.137132248e-12
20519.3 6.055477885e-12
20535.3 5.359539073e-12
20551.4 5.313399917e-12
20567.5 5.903613316e-12
20583.6 5.781698266e-12
20599.7 5.360220381e-12
20615.7 5.394335064e-12
20631.8 5.902746861e-12
20647.9 7.196499450e-12
20664.0 9.508692202e-12
20680.1 1.045214850e-11
20696.1 1.004695740e-11
20712.2 1.067946927e-11
20728.3 1.274449453e-11
20744.4 1.312836471e-11
20760.5 1.103699905e-11
20776.5 1.060087951e-11
20792.6 1.328251779e-11
20808.7 1.592928839e-11
20824.8 1.662322226e-11
20840.9 1.825636255e-11
20857.0 2.292817073e-11
20873.0 2.898563220e-11
20889.1 3.458466439e-11
20905.2 4.189178045e-11
20921.3 3.926753835e-11
20937.4 4.212272269e-11
20953.4 5.649637545e-11
20969.5 7.780681574e-11
20985.6 8.744353870e-11
21001.7 9.317188082e-11
21017.8 1.159972426e-10
21033.8 1.571499947e-10
21049.9 1.772113405e-10
21066.0 1.706998126e-10
21082.1 1.684771155e-10
21098.2 1.703916631e-10
21114.2 1.640910071e-10
21130.3 1.421268268e-10
21146.4 1.156513768e-10
21162.5 6.903920921e-11
21178.6 4.023037474e-11
21194.7 7.208063620e-11
21210.7 1.313109608e-10
21226.8 1.174881209e-10
21242.9 9.243725234e-11
21259.0 1.073049495e-10
21275.1 1.489200368e-10
21291.1 1.064754430e-10
21307.2 6.595520470e-11
21323.3 5.232146850e-11
21339.4 5.914046581e-11
21355.5 7.394234419e-11
21371.5 5.760769788e-11
21387.6 4.859752045e-11
21403.7 2.027308889e-11
21419.8 1.373237162e-11
21435.9 1.624740842e-11
21451.9 2.270766017e-11
21468.0 4.566977201e-12
21484.1 2.912057916e-13
21500.2 1.781173565e-13
21516.3 1.868401332e-12
21532.4 2.243034651e-11
21548.4 9.422450245e-13
21564.5 1.480400102e-13
21580.6 1.398911363e-13
21596.7 1.419229804e-13
21612.8 1.444118977e-13
21628.8 1.466961875e-13
21644.9 1.496179672e-13
21661.0 1.529092145e-13
21677.1 1.565844240e-13
21693.2 1.606459705e-13
21709.2 1.647474692e-13
21725.3 1.698710934e-13
21741.4 1.753089236e-13
21757.5 1.813145487e-13
21773.6 1.879264606e-13
21789.6 1.951828631e-13
21805.7 2.032335575e-13
21821.8 2.120781946e-13
21837.9 2.220755987e-13
21854.0 2.334931080e-13
21870.1 2.454978898e-13
21886.1 2.589464613e-13
21902.2 2.738633210e-13
21918.3 2.905396169e-13
21934.4 3.185477145e-13
21950.5 4.295643450e-13
21966.5 6.979408525e-13
21982.6 5.366909040e-13
21998.7 4.426895443e-13
22014.8 9.218411595e-13
22030.9 9.701724166e-12
22046.9 4.153136394e-11
22063.0 3.645185423e-12
22079.1 7.161362979e-13
22095.2 3.749125682e-12
22111.3 7.406256113e-11
22127.3 2.324073240e-10
22143.4 1.602839927e-10
22159.5 1.410127612e-10
22175.6 2.357397308e-10
22191.7 3.971976385e-10
22207.7 6.028656259e-10
22217.9 3.331868250e-10
22229.9 2.346112357e-10
22241.9 3.019550860e-12
22253.9 3.334108428e-12
22265.9 3.571001394e-10
22277.9 1.546664206e-11
22289.9 2.500472547e-10
22301.9 4.598206588e-10
22313.9 8.324355528e-10
22326.0 6.599290887e-10
22338.0 7.646058896e-10
22350.0 4.415146632e-10
22362.0 4.751044572e-12
22374.0 6.069296676e-10
22386.0 5.273169250e-12
22398.0 5.615959707e-12
22410.0 6.031292650e-12
22422.0 6.519101932e-12
22434.0 7.084064533e-12
22446.1 7.740094666e-12
22458.1 8.486911907e-12
22470.1 4.486741037e-10
22482.1 5.509877196e-10
22494.1 5.805935580e-09
22506.1 1.980962379e-09
22518.1 9.201749771e-09
22530.1 1.150604676e-08
22542.1 1.925394788e-08
22554.1 1.830982632e-08
22566.1 1.130646635e-08
22578.2 1.902823068e-08
22590.2 2.142356872e-08
22602.2 2.740067132e-11
22614.2 2.143675957e-09
22626.2 2.082757792e-08
22638.2 2.232366364e-08
22650.2 5.091935209e-08
22662.2 3.144908211e-08
22674.2 3.506251202e-08
22686.2 4.954514744e-08
22698.3 4.977169058e-08
22710.3 7.644645986e-08
22722.3 8.978754347e-08
22734.3 7.211147686e-08
22746.3 1.145227435e-07
22758.3 1.271529865e-07
22770.3 1.236954510e-07
22782.3 9.746340408e-08
22794.3 1.212057467e-07
22806.3 8.985290871e-08
22818.4 7.592369230e-08
22830.4 1.154651339e-07
22842.4 1.041123932e-07
22854.4 1.210817229e-07
22866.4 1.626390611e-07
22878.4 1.673555656e-07
22890.4 1.372543853e-07
22902.4 1.854814712e-07
22914.4 1.995954608e-07
22926.4 2.249530817e-07
22938.4 2.418251950e-07
22950.5 3.182736344e-07
22962.5 3.690044673e-07
22974.5 4.165630949e-07
22986.5 4.348105166e-07
22998.5 3.904494982e-07
23010.5 4.542151238e-07
23022.5 5.084102164e-07
23034.5 4.410929024e-07
23046.5 4.262970256e-07
23058.5 5.232170653e-07
23070.6 5.309686968e-07
23082.6 7.443242198e-07
23094.6 7.175099008e-07
23106.6 8.277552970e-07
23118.6 9.421047060e-07
23130.6 8.754562518e-07
23142.6 1.194601285e-06
23154.6 1.328726913e-06
23166.6 1.565083654e-06
23178.6 1.921742763e-06
23190.7 2.370839286e-06
23202.7 2.590285581e-06
23214.7 2.370594180e-06
23226.7 3.149294363e-06
23238.7 2.804197683e-06
23250.7 2.824518862e-06
23262.7 2.726203072e-06
23274.7 4.005129535e-06
23286.7 2.381705985e-06
23298.7 1.808798197e-06
23310.7 3.658482149e-06
23322.8 3.161449877e-06
23334.8 3.199115473e-06
23346.8 2.738808572e-06
23358.8 2.053295205e-06
23370.8 2.404697883e-06
23382.8 3.536595081e-06
23394.8 2.981555698e-06
23406.8 3.996058283e-06
23418.8 3.388837468e-06
23430.8 4.761631421e-06
23442.9 5.243840312e-06
23454.9 6.235745201e-06
23466.9 6.609419123e-06
23478.9 5.596292455e-06
23490.9 5.520601039e-06
23502.9 6.665624956e-06
23514.9 7.182163722e-06
23526.9 5.797373201e-06
23538.9 4.863913182e-06
23550.9 4.746229742e-06
23563.0 4.951142202e-06
23575.0 5.128390517e-06
23587.0 5.568936239e-06
23599.0 5.471295151e-06
23611.0 4.940189320e-06
23623.0 5.227737427e-06
23635.0 6.680384134e-06
23647.0 7.689798650e-06
23659.0 9.787181322e-06
23671.0 1.060983680e-05
23683.0 1.326472199e-05
23695.1 1.688904693e-05
23707.1 3.091119832e-05
23719.1 4.571748230e-05
23731.1 6.394117581e-05
23743.1 9.390308098e-05
23755.1 1.275377546e-04
23767.1 1.722120590e-04
23779.1 2.196749231e-04
23791.1 2.839699875e-04
23803.1 3.674342295e-04
23815.2 4.692239766e-04
23827.2 5.952383412e-04
23839.2 7.520687091e-04
23851.2 9.492193628e-04
23863.2 1.192143040e-03
23875.2 1.504740058e-03
23887.2 1.897557154e-03
23899.2 2.395765911e-03
23911.2 3.030327242e-03
23923.2 3.842090846e-03
23935.3 4.898201957e-03
23947.3 6.272068491e-03
23959.3 8.065806543e-03
23971.3 1.043284592e-02
23983.3 1.357043503e-02
23995.3 1.774424693e-02
24007.3 2.328924180e-02
24019.3 3.064426587e-02
24031.3 4.035644801e-02
24043.3 5.304748446e-02
24055.3 6.938694864e-02
24067.4 8.999373298e-02
24079.4 1.153303852e-01
24091.4 1.455309433e-01
24103.4 1.801278865e-01
24115.4 2.179583571e-01
24127.4 2.572032438e-01
24139.4 2.955372397e-01
24151.4 3.305386756e-01
24163.4 3.603128647e-01
24175.4 3.838994152e-01
24187.5 4.012641626e-01
24199.5 4.132941579e-01
24211.5 4.213460337e-01
24223.5 4.268595736e-01
24235.5 4.300710953e-01
24247.5 4.321976753e-01
24259.5 4.337851932e-01
24271.5 4.351487708e-01
24283.5 4.364751290e-01
24295.5 4.378856845e-01
24307.6 4.393750657e-01
24319.6 4.409211699e-01
24331.6 4.424882924e-01
24343.6 4.440218330e-01
24355.6 4.454918939e-01
24367.6 4.468737399e-01
24379.6 4.482003138e-01
24391.6 4.493696248e-01
24403.6 4.503683157e-01
24415.6 4.511794977e-01
24427.6 4.518612550e-01
24439.7 4.523953689e-01
24451.7 4.528039307e-01
24463.7 4.530956806e-01
24475.7 4.530021488e-01
24487.7 4.528948952e-01
24499.7 4.526848998e-01
24511.7 4.523921577e-01
24523.7 4.520638205e-01
24535.7 4.517019110e-01
24547.7 4.513238925e-01
24559.8 4.511207943e-01
24571.8 4.509126538e-01
24583.8 4.506978668e-01
24595.8 4.505050570e-01
24607.8 4.503408327e-01
24619.8 4.502083469e-01
24631.8 4.501282945e-01
24643.8 4.501064381e-01
24655.8 4.501364203e-01
24667.8 4.502154681e-01
24679.8 4.503728134e-01
24691.9 4.507375732e-01
24703.9 4.510754282e-01
24715.9 4.515166861e-01
24727.9 4.520487066e-01
24739.9 4.531456453e-01
24751.9 4.539829782e-01
24763.9 4.548168385e-01
24775.9 4.557127101e-01
24787.9 4.566376765e-01
24799.9 4.576453324e-01
24812.0 4.584379817e-01
24824.0 4.590144276e-01
24836.0 4.599860296e-01
24848.0 4.608358800e-01
24860.0 4.616841057e-01
24872.0 4.624800443e-01
24884.0 4.631628710e-01
24896.0 4.637352721e-01
24908.0 4.642520848e-01
24920.0 4.646592845e-01
24932.1 4.650560330e-01
24944.1 4.654084674e-01
24956.1 4.656244311e-01
24968.1 4.657612287e-01
24980.1 4.657503285e-01
24992.1 4.656129088e-01
25004.1 4.654209280e-01
25016.1 4.651518046e-01
25028.1 4.647773910e-01
25040.1 4.642872306e-01
25052.1 4.637331966e-01
25064.2 4.631331926e-01
25076.2 4.625302953e-01
25088.2 4.619448325e-01
25100.2 4.613412112e-01
25112.2 4.607547968e-01
25124.2 4.602950292e-01
25136.2 4.599530975e-01
25148.2 4.596546925e-01
25160.2 4.594282850e-01
25172.2 4.592405882e-01
25184.3 4.590953394e-01
25196.3 4.590185634e-01
25208.3 4.589980553e-01
25220.3 4.590081734e-01
25232.3 4.590717634e-01
25244.3 4.591685854e-01
25256.3 4.592739494e-01
25268.3 4.594165527e-01
25280.3 4.595836700e-01
25292.3 4.597177636e-01
25304.4 4.598647471e-01
25316.4 4.600357010e-01
25328.4 4.602988099e-01
25340.4 4.605588479e-01
25352.4 4.608062627e-01
25364.4 4.609915773e-01
25376.4 4.611516261e-01
25388.4 4.612958072e-01
25400.4 4.613826842e-01
25412.4 4.614935122e-01
25424.4 4.615773331e-01
25436.5 4.616010184e-01
25448.5 4.615818970e-01
25460.5 4.615418575e-01
25472.5 4.614345188e-01
25484.5 4.612914329e-01
25496.5 4.611147149e-01
25508.5 4.608413206e-01
25520.5 4.605846650e-01
25532.5 4.603553848e-01
25544.5 4.599733949e-01
25556.6 4.594935186e-01
25568.6 4.589128463e-01
25580.6 4.581801838e-01
25592.6 4.573308458e-01
25604.6 4.563762233e-01
25616.6 4.552793079e-01
25628.6 4.541011148e-01
25640.6 4.528974193e-01
25652.6 4.516070189e-01
25664.6 4.503672539e-01
25676.7 4.492332567e-01
25688.7 4.481912701e-01
25700.7 4.474463273e-01
25712.7 4.474128279e-01
25724.7 4.472485173e-01
25736.7 4.475818117e-01
25748.7 4.482588369e-01
25760.7 4.492060547e-01
25772.7 4.503046541e-01
25784.7 4.510922761e-01
25796.7 4.517561202e-01
25808.8 4.515682642e-01
25820.8 4.497996109e-01
25832.8 4.458573832e-01
25844.8 4.390593641e-01
25856.8 4.285011438e-01
25868.8 4.139384465e-01
25880.8 3.950428775e-01
25892.8 3.717583046e-01
25904.8 3.444959233e-01
25916.8 3.139430712e-01
25928.9 2.808652681e-01
25940.9 2.466706865e-01
25952.9 2.118351053e-01
25964.9 1.789653374e-01
25976.9 1.490816898e-01
25988.9 1.223690655e-01
26000.9 9.925795656e-02
26012.9 7.980894374e-02
26024.9 6.378472108e-02
26036.9 5.088739668e-02
26049.0 4.062319657e-02
26061.0 3.236994644e-02
26073.0 2.592945440e-02
26085.0 2.084142448e-02
26097.0 1.680294503e-02
26109.0 1.361632906e-02
26121.0 1.108136451e-02
26133.0 9.049931968e-03
26145.0 7.437110707e-03
26157.0 6.129943432e-03
26169.0 5.083376156e-03
26181.1 4.237320869e-03
26193.1 3.538960794e-03
26205.1 2.978466197e-03
26217.1 2.511555540e-03
26229.1 2.124600823e-03
26241.1 1.816559198e-03
26253.1 1.555921623e-03
26265.1 1.339961226e-03
26277.1 1.160154202e-03
26289.1 1.001304018e-03
26301.2 8.759995129e-04
26313.2 7.679721756e-04
26325.2 6.713212327e-04
26337.2 6.022416496e-04
26349.2 5.313950092e-04
26361.2 4.711623408e-04
26373.2 4.235246394e-04
26385.2 3.794675555e-04
26397.2 3.499554994e-04
26409.2 3.176314053e-04
26421.3 2.855000624e-04
26433.3 2.670813605e-04
26445.3 2.438077774e-04
26457.3 2.225601835e-04
26469.3 2.071209936e-04
26481.3 1.887570364e-04
26493.3 1.777532735e-04
26505.3 1.602326329e-04
26517.3 1.505879338e-04
26529.3 1.466004554e-04
26541.3 1.305848050e-04
26553.4 1.234326208e-04
26565.4 1.175201203e-04
26577.4 1.052540482e-04
26589.4 1.010333504e-04
26601.4 9.092790096e-05
26613.4 8.303765730e-05
26625.4 7.722040666e-05
26637.4 7.135722380e-05
26649.4 7.223605036e-05
26661.4 6.341543111e-05
26673.5 5.957172351e-05
26685.5 5.943215104e-05
26697.5 5.516262257e-05
26709.5 5.593417569e-05
26721.5 5.135714372e-05
26733.5 5.161535947e-05
26745.5 5.618908112e-05
26757.5 5.128521871e-05
26769.5 5.235601988e-05
26781.5 4.951990949e-05
26793.5 4.592255025e-05
26805.6 4.599633133e-05
26817.6 4.454202357e-05
26829.6 4.815422532e-05
26841.6 4.760881811e-05
26853.6 4.473596241e-05
26865.6 4.560665872e-05
26877.6 4.532735169e-05
26889.6 4.727230731e-05
26901.6 4.780153989e-05
26913.6 4.546374810e-05
26925.7 4.662176255e-05
26937.7 4.433375584e-05
26949.7 4.536005831e-05
26961.7 4.659991601e-05
26973.7 4.387871177e-05
26985.7 4.751035148e-05
26997.7 4.764013273e-05
27009.7 4.491731052e-05
27021.7 4.161253314e-05
27033.7 4.076277038e-05
27045.8 4.130068387e-05
27057.8 3.812071515e-05
27069.8 4.130607327e-05
27081.8 4.102576835e-05
27093.8 4.198696755e-05
27105.8 4.223799460e-05
27117.8 3.970255695e-05
27129.8 4.009110354e-05
27141.8 3.922557485e-05
27153.8 4.000130543e-05
27165.8 3.998995677e-05
27177.9 3.785817435e-05
27189.9 3.933873652e-05
27201.9 3.941927752e-05
27213.9 4.030210422e-05
27225.9 3.561735551e-05
27237.9 3.724693403e-05
27249.9 3.901630842e-05
27261.9 3.662526131e-05
27273.9 3.764117741e-05
27285.9 3.630122201e-05
27298.0 3.633543907e-05
27310.0 3.433048868e-05
27322.0 3.178363204e-05
27334.0 3.224723439e-05
27346.0 2.892451940e-05
27358.0 2.967010717e-05
27370.0 2.898495328e-05
27382.0 2.780823989e-05
27394.0 2.882337552e-05
27406.0 2.729963367e-05
27418.1 2.809417795e-05
27430.1 2.747814099e-05
27442.1 2.702971285e-05
27454.1 2.445687134e-05
27466.1 2.339694912e-05
27478.1 2.600076391e-05
27490.1 2.522035555e-05
27502.1 2.421645464e-05
27514.1 2.552172218e-05
27526.1 2.963319307e-05
27538.1 2.769291479e-05
27550.2 2.713861609e-05
27562.2 2.947349204e-05
27574.2 2.939115409e-05
27586.2 2.888996951e-05
27598.2 2.951655918e-05
27610.2 3.222345508e-05
27622.2 3.042698029e-05
27634.2 3.249525525e-05
27646.2 3.142139426e-05
27658.2 2.704654906e-05
27670.3 2.976766174e-05
27682.3 2.912702234e-05
27694.3 3.057266240e-05
27706.3 2.788725039e-05
27718.3 2.633083309e-05
27730.3 2.813673732e-05
27742.3 2.822395422e-05
27754.3 2.798142763e-05
27766.3 2.881290513e-05
27778.3 3.107240961e-05
27790.4 2.855927498e-05
27802.4 3.034364668e-05
27814.4 2.939548410e-05
27826.4 2.966700683e-05
27838.4 3.143273280e-05
27850.4 2.853305093e-05
27862.4 2.918194026e-05
27874.4 2.757049877e-05
27886.4 2.890354672e-05
27898.4 2.724991213e-05
27910.4 2.766560777e-05
27922.5 2.567169640e-05
27934.5 2.403543877e-05
27946.5 2.300171805e-05
27958.5 2.078913130e-05
27970.5 1.984549228e-05
27982.5 1.841203441e-05
27994.5 2.131954778e-05
28006.5 2.119331184e-05
28018.5 2.593218015e-05
28030.5 2.756626546e-05
28042.6 2.412275632e-05
28054.6 2.345524984e-05
28066.6 2.368561610e-05
28078.6 2.507794426e-05
28090.6 2.790387587e-05
28102.6 2.944856564e-05
28114.6 2.574089392e-05
28126.6 2.625537593e-05
28138.6 2.484067984e-05
28150.6 2.315378604e-05
28162.7 2.646684704e-05
28174.7 3.287662973e-05
28186.7 3.329822927e-05
28198.7 3.303422648e-05
28210.7 3.188373984e-05
28222.7 2.877225159e-05
28234.7 3.189763091e-05
28246.7 3.276677336e-05
28258.7 3.349943069e-05
28270.7 3.436222542e-05
28282.7 3.619626035e-05
28294.8 3.356942085e-05
28306.8 3.309445108e-05
28318.8 3.460957688e-05
28330.8 3.738035403e-05
28342.8 3.871269186e-05
28354.8 3.891806681e-05
28366.8 3.956088930e-05
28378.8 3.650128286e-05
28390.8 3.861184536e-05
28402.8 3.896223248e-05
28414.9 3.986532331e-05
28426.9 3.806202244e-05
28438.9 3.945478882e-05
28450.9 3.979048729e-05
28462.9 4.140899925e-05
28474.9 4.205173606e-05
28486.9 4.037656009e-05
28498.9 3.883752516e-05
28510.9 3.894577959e-05
28522.9 4.145305191e-05
28535.0 4.113662242e-05
28547.0 4.148178230e-05
28559.0 3.853061671e-05
28571.0 4.108746721e-05
28583.0 3.807117339e-05
28595.0 3.657710283e-05
28607.0 3.702383033e-05
28619.0 3.676011508e-05
28631.0 3.743847358e-05
28643.0 4.059643079e-05
28655.0 3.694359684e-05
28667.1 3.342870428e-05
28679.1 3.320274125e-05
28691.1 3.268158352e-05
28703.1 3.167258113e-05
28715.1 3.318589212e-05
28727.1 3.370658197e-05
28739.1 3.378419114e-05
28751.1 3.773180256e-05
28763.1 3.817666170e-05
28775.1 3.668911534e-05
28787.2 3.233232543e-05
28799.2 3.332719003e-05
28811.2 3.331864196e-05
28823.2 3.225144120e-05
28835.2 3.079324397e-05
28847.2 3.064750643e-05
28859.2 2.934145604e-05
28871.2 3.132054146e-05
28883.2 3.251443503e-05
28895.2 3.587669215e-05
28907.2 3.492540038e-05
28919.3 3.475261581e-05
28931.3 3.052787482e-05
28943.3 2.970487006e-05
28955.3 3.040641189e-05
28967.3 3.192547146e-05
28979.3 3.023852910e-05
28991.3 2.486307105e-05
29003.3 2.711914437e-05
29015.3 3.007775398e-05
29027.3 2.434730452e-05
29039.4 2.354068232e-05
29051.4 2.501417969e-05
29063.4 2.529636889e-05
29075.4 2.729498813e-05
29087.4 2.724670943e-05
29099.4 2.294307106e-05
29111.4 1.910948126e-05
29123.4 2.031216088e-05
29135.4 2.163133597e-05
29147.4 2.000598613e-05
29159.5 1.746350865e-05
29171.5 1.788882018e-05
29183.5 2.006565430e-05
29195.5 2.225699903e-05
29207.5 1.999669500e-05
29219.5 2.001849557e-05
29231.5 1.682874266e-05
29243.5 1.774127720e-05
29255.5 2.093179686e-05
29267.5 2.056817701e-05
29279.5 1.688441874e-05
29291.6 2.012923669e-05
29303.6 2.041635853e-05
29315.6 2.225030689e-05
29327.6 2.226390336e-05
29339.6 2.320148885e-05
29351.6 1.705472829e-05
29363.6 1.758814831e-05
29375.6 1.955122041e-05
29387.6 1.942778251e-05
29399.6 1.856822970e-05
29411.7 2.026140070e-05
29423.7 2.140896023e-05
29435.7 2.013686210e-05
29447.7 2.056702068e-05
29459.7 2.057776021e-05
29471.7 1.974044199e-05
29483.7 2.095980700e-05
29495.7 2.245341750e-05
29507.7 2.418533305e-05
29519.7 2.197617272e-05
29531.8 2.140920129e-05
29543.8 2.140538388e-05
29555.8 2.231531926e-05
29567.8 2.209839203e-05
29579.8 2.423411488e-05
29591.8 2.452015616e-05
29603.8 2.423219603e-05
29615.8 2.431337607e-05
29627.8 2.654588904e-05
29639.8 2.491345569e-05
29651.8 2.498663756e-05
29663.9 2.489189553e-05
29675.9 2.640959881e-05
29687.9 2.759093256e-05
29699.9 2.750286315e-05
29711.9 2.286052400e-05
29723.9 2.206444422e-05
29735.9 2.251044635e-05
29747.9 2.640147039e-05
29759.9 2.763356757e-05
29771.9 2.650672405e-05
29784.0 2.804117526e-05
29796.0 2.942396383e-05
29808.0 2.801901013e-05
29820.0 2.464626381e-05
29832.0 2.525657562e-05
29844.0 2.911852645e-05
29856.0 3.214872826e-05
29868.0 2.902920574e-05
29880.0 2.873604139e-05
29892.0 2.633549638e-05
29904.1 2.480515720e-05
29916.1 2.448473462e-05
29928.1 2.665856854e-05
29940.1 2.528343338e-05
29952.1 2.762613457e-05
29964.1 2.779633649e-05
29976.1 2.607193112e-05
29988.1 2.228490318e-05
30000.1 2.491046622e-05
30012.1 2.500628065e-05
30024.1 2.682123745e-05
30036.2 2.526204355e-05
30048.2 2.414895077e-05
30060.2 2.273413543e-05
30072.2 2.403829036e-05
30084.2 2.334292416e-05
30096.2 2.510919669e-05
30108.2 2.419711636e-05
30120.2 1.896775687e-05
30132.2 2.083343815e-05
30144.2 2.352240659e-05
30156.3 2.407919892e-05
30168.3 2.259144164e-05
30180.3 2.241315382e-05
30192.3 2.197689360e-05
30204.3 2.114258940e-05
30216.3 1.798237694e-05
30228.3 1.699356321e-05
30240.3 1.597494145e-05
30252.3 1.889479836e-05
30264.3 2.127618051e-05
30276.4 2.164549433e-05
30288.4 2.142484042e-05
30300.4 2.334040045e-05
30312.4 2.118988106e-05
30324.4 2.099046112e-05
30336.4 1.830157955e-05
30348.4 1.689469365e-05
30360.4 1.730136446e-05
30372.4 1.556916306e-05
30384.4 1.442052201e-05
30396.4 1.375632272e-05
30408.5 1.567539728e-05
30420.5 1.897530184e-05
30432.5 1.956904974e-05
30444.5 1.732971263e-05
30456.5 1.882100004e-05
30468.5 1.832997728e-05
30480.5 1.721821942e-05
30492.5 1.423927959e-05
30504.5 1.593012891e-05
30516.5 1.603230319e-05
30528.6 1.344947675e-05
30540.6 1.087600748e-05
30552.6 9.154282258e-06
30564.6 9.933891496e-06
30576.6 1.281065349e-05
30588.6 1.477949991e-05
30600.6 1.165545875e-05
30612.6 1.019390553e-05
30624.6 1.214657494e-05
30636.6 1.480002903e-05
30648.7 1.180919791e-05
30660.7 1.266479251e-05
30672.7 1.058453695e-05
30684.7 9.097361315e-06
30696.7 9.204508052e-06
30708.7 7.485158033e-06
30720.7 8.110952109e-06
30732.7 8.016567508e-06
30744.7 1.188781534e-05
30756.7 8.399424337e-06
30768.7 7.655040457e-06
30780.8 6.714481826e-06
30792.8 7.432493139e-06
30804.8 1.070563813e-05
30816.8 1.142011500e-05
30828.8 9.700493086e-06
30840.8 1.023375870e-05
30852.8 1.282871050e-05
30864.8 1.059301260e-05
30876.8 9.609784163e-06
30888.8 9.643823980e-06
30900.9 9.619567061e-06
30912.9 9.204816798e-06
30924.9 9.430166943e-06
30936.9 1.010022170e-05
30948.9 1.080254274e-05
30960.9 1.242306516e-05
30972.9 1.570881969e-05
30984.9 1.578518099e-05
30996.9 1.190836651e-05
31008.9 1.068854332e-05
31021.0 1.083390361e-05
31033.0 1.258519166e-05
31045.0 1.341674244e-05
31057.0 1.843567565e-05
31069.0 1.915199115e-05
31081.0 1.835637802e-05
31093.0 2.102275098e-05
31105.0 2.160877959e-05
31117.0 2.180989707e-05
31129.0 2.165855741e-05
31141.0 2.504217365e-05
31153.1 2.686007565e-05
31165.1 2.935141030e-05
31177.1 2.674089797e-05
31189.1 2.502546964e-05
31201.1 2.559679899e-05
31213.1 2.517109448e-05
31225.1 2.794745715e-05
31237.1 3.025243380e-05
31249.1 3.139677946e-05
31261.1 3.046843276e-05
31273.2 3.104114207e-05
31285.2 3.030998353e-05
31297.2 3.215668635e-05
31309.2 3.676832758e-05
31321.2 3.866308959e-05
31333.2 4.041399781e-05
31345.2 3.919354753e-05
31357.2 4.165522570e-05
31369.2 4.215019311e-05
31381.2 3.981572650e-05
31393.2 3.955825552e-05
31405.3 4.040539777e-05
31417.3 3.900196711e-05
31429.3 3.642415436e-05
31441.3 3.677340453e-05
31453.3 3.573384260e-05
31465.3 3.435651168e-05
31477.3 2.967933174e-05
31489.3 2.771661098e-05
31501.3 2.998898472e-05
31513.3 2.800552740e-05
31525.4 2.556055309e-05
31537.4 2.399162355e-05
31549.4 2.164773974e-05
31561.4 1.812373170e-05
31573.4 1.801716609e-05
31585.4 1.664532475e-05
31597.4 1.523202421e-05
31609.4 1.384475764e-05
31621.4 1.141873249e-05
31633.4 1.215218341e-05
31645.5 1.098966908e-05
31657.5 1.200234372e-05
31669.5 1.274091868e-05
31681.5 1.091841390e-05
31693.5 1.170211889e-05
31705.5 9.925940460e-06
31717.5 7.761564933e-06
31729.5 8.433720758e-06
31741.5 1.110013341e-05
31753.5 1.144153755e-05
31765.5 1.019604035e-05
31777.6 1.051825177e-05
31789.6 8.162101241e-06
31801.6 8.360788971e-06
31813.6 1.025868456e-05
31825.6 1.224225129e-05
31837.6 1.125541641e-05
31849.6 8.163358161e-06
31861.6 7.809337996e-06
31873.6 9.794402813e-06
31885.6 9.121561030e-06
31897.7 6.130010791e-06
31909.7 6.097679893e-06
31921.7 5.540322617e-06
31933.7 4.882192875e-06
31945.7 5.921418710e-06
31957.7 5.683541368e-06
31969.7 5.137597196e-06
31981.7 3.835882706e-06
31993.7 3.692047351e-06
32005.7 3.362821179e-06
32017.8 3.737492488e-06
32029.8 2.500343806e-06
32041.8 1.003428183e-06
32053.8 1.356735335e-06
32065.8 4.646983739e-07
32077.8 1.125234170e-06
32089.8 1.634616625e-06
32101.8 2.287669993e-06
32113.8 2.949205789e-06
32125.8 1.515456347e-06
32137.8 2.178702843e-06
32149.9 2.755281889e-06
32161.9 2.829577320e-06
32173.9 3.418757260e-06
32185.9 2.645171643e-06
32197.9 3.556538702e-06
32209.9 3.116738684e-06
32221.9 1.927118771e-06
32233.9 7.701307974e-07
32245.9 2.161077875e-07
32257.9 1.650464433e-07
32270.0 2.745122434e-07
32282.0 1.756919036e-07
32294.0 1.260714043e-07
32306.0 6.688259110e-07
32318.0 1.056548689e-06
32330.0 1.463801542e-06
32342.0 2.353889361e-06
32354.0 1.245936469e-06
32366.0 3.998872937e-08
32378.0 5.692910061e-09
32390.1 5.692881409e-09
32402.1 6.122178067e-07
32414.1 2.714828700e-06
32426.1 1.343427145e-06
32438.1 2.245569370e-07
32450.1 2.378233050e-07
32462.1 4.214361758e-07
32474.1 7.135329230e-07
32486.1 1.228855314e-06
32498.1 9.192294293e-08
32510.1 5.697519163e-09
32522.2 1.078051345e-07
32534.2 1.626727024e-06
32546.2 2.592008634e-06
32558.2 2.293414855e-06
32570.2 2.530670431e-06
32582.2 1.529489136e-06
32594.2 1.555611289e-06
32606.2 2.156019967e-06
32618.2 1.101196515e-06
32630.2 6.742996938e-07
32642.3 8.989220412e-08
32654.3 8.898142632e-07
32666.3 2.364506837e-06
32678.3 2.981672660e-06
32690.3 1.524025193e-06
32702.3 2.079805442e-06
32714.3 2.408357253e-06
32726.3 2.408310388e-06
32738.3 2.345580483e-06
32750.3 1.693815312e-06
32762.4 3.815609197e-07
32774.4 6.059377904e-07
32786.4 2.465146834e-06
32798.4 2.753322666e-06
32810.4 2.067854543e-06
32822.4 6.792346512e-07
32834.4 1.620138658e-07
32846.4 1.761312686e-06
32858.4 1.912345707e-06
32870.4 1.872682499e-06
32882.4 1.452441699e-06
32894.5 1.147821805e-06
32906.5 1.745481123e-06
32918.5 2.399860155e-06
32930.5 2.417235360e-06
32942.5 1.659053888e-06
32954.5 1.581417555e-06
32966.5 2.704638264e-06
32978.5 1.458509011e-06
32990.5 1.128324006e-06
33002.5 6.044840244e-07
33014.6 1.326074596e-06
33026.6 2.293161667e-06
33038.6 1.688186354e-06
33050.6 1.359947828e-06
33062.6 1.202113124e-06
33074.6 1.994522498e-07
33086.6 1.638704631e-07
33098.6 5.722180226e-09
33110.6 1.784861460e-08
33122.6 9.792879143e-07
33134.7 1.700189987e-06
33146.7 1.546549784e-06
33158.7 3.216645968e-07
33170.7 8.193604574e-07
33182.7 3.125001896e-07
33194.7 8.576477421e-09
33206.7 2.324621732e-07
33218.7 5.225917096e-07
33230.7 9.792801908e-08
33242.7 5.128097480e-07
33254.7 1.879365129e-07
33266.8 7.380549888e-08
33278.8 6.248096153e-07
33290.8 6.906201332e-08
33302.8 1.984464972e-08
33314.8 2.328323480e-08
33326.8 5.774762727e-09
33338.8 5.777667608e-09
33350.8 5.787402814e-09
33362.8 5.790367463e-09
33374.8 5.793353396e-09
33386.9 5.796357527e-09
33398.9 5.799376751e-09
33410.9 5.802408501e-09
33422.9 5.805449289e-09
33434.9 5.808495102e-09
33446.9 5.811542885e-09
33458.9 5.814589598e-09
33470.9 5.817631756e-09
33482.9 5.820665782e-09
33494.9 5.823689131e-09
33506.9 5.826698955e-09
33519.0 5.829692456e-09
33531.0 5.832665420e-09
33543.0 5.835614591e-09
33555.0 5.838538881e-09
33567.0 5.841435824e-09
33579.0 5.844303041e-09
33591.0 5.847135780e-09
33603.0 9.313613198e-09
33615.0 4.102034021e-07
33627.0 3.168881988e-08
33639.1 5.858090699e-09
33651.1 5.860725013e-09
33663.1 5.863312319e-09
33675.1 5.865854048e-09
33687.1 5.868348901e-09
33699.1 6.146897703e-09
33711.1 3.762965863e-07
33723.1 4.596863523e-07
33735.1 5.904334655e-07
33747.1 2.188152449e-06
33759.2 1.308447010e-06
33771.2 8.234061169e-08
33783.2 1.899084076e-07
33795.2 8.333844172e-09
33807.2 4.128998739e-07
33819.2 6.290741962e-07
33831.2 6.327290395e-09
33843.2 4.458599380e-07
33855.2 4.547744366e-07
33867.2 8.022147501e-07
33879.2 8.754178119e-07
33891.3 5.645417196e-07
33903.3 4.427147418e-07
33915.3 1.664795428e-06
33927.3 2.333304952e-06
33939.3 2.306289242e-06
33951.3 9.960730105e-07
33963.3 8.617784521e-07
33975.3 1.703479570e-06
33987.3 2.966334092e-06
33999.3 3.330971530e-06
34011.4 1.199679534e-06
34023.4 2.175037330e-07
34035.4 1.146614118e-06
34047.4 2.877917870e-06
34059.4 3.675620038e-06
34071.4 2.795265664e-06
34083.4 1.521828495e-06
34095.4 2.483805451e-06
34107.4 3.820787125e-06
34119.4 7.146865548e-06
34131.5 8.962457546e-06
34143.5 7.439711863e-06
34155.5 5.132540149e-06
34167.5 3.651553308e-06
34179.5 2.376783561e-06
34191.5 2.246110158e-06
34203.5 3.244398506e-06
34215.5 3.964196152e-06
34227.5 2.776593994e-06
34239.5 2.045744389e-06
34251.5 3.185457486e-06
34263.6 3.459891964e-06
34275.6 4.166236248e-06
34287.6 5.606720752e-06
34299.6 4.482650940e-06
34311.6 3.949489499e-06
34323.6 5.056013809e-06
34335.6 5.942318926e-06
34347.6 5.751010823e-06
34359.6 9.288632304e-07
34371.6 4.568300004e-07
34383.7 2.171763207e-06
34395.7 4.037537799e-06
34407.7 4.355905173e-06
34419.7 3.402588612e-06
34431.7 3.908704139e-06
34443.7 3.989703455e-06
34455.7 4.101734807e-06
34467.7 4.124550959e-06
34479.7 4.747473520e-06
34491.7 3.982220423e-06
34503.8 3.557314818e-06
34515.8 4.004959203e-06
34527.8 4.638729869e-06
34539.8 3.235927563e-06
34551.8 1.973639471e-06
34563.8 1.231072454e-06
34575.8 1.760041634e-06
34587.8 2.035718703e-06
34599.8 1.392603986e-06
34611.8 9.857872630e-07
34623.8 2.264124020e-06
34635.9 1.979295300e-06
34647.9 1.415846963e-06
34659.9 1.881176148e-06
34671.9 2.928141614e-06
34683.9 3.374673284e-06
34695.9 3.388542199e-06
34707.9 4.301797368e-06
34719.9 4.858595707e-06
34731.9 4.955772454e-06
34743.9 5.131396814e-06
34756.0 3.625793098e-06
34768.0 1.717445331e-06
34780.0 1.726474785e-06
34792.0 9.292490406e-07
34804.0 2.044806891e-06
34816.0 3.348580681e-06
34828.0 4.725832686e-06
34840.0 3.966705010e-06
34852.0 2.744129909e-06
34864.0 3.395431317e-06
34876.1 4.315409317e-06
34888.1 4.430217635e-06
34900.1 4.344921728e-06
34912.1 5.686904981e-06
34924.1 5.175867793e-06
34936.1 3.931399935e-06
34948.1 5.034976097e-06
34960.1 3.700173523e-06
34972.1 3.540373694e-06
34984.1 3.749271851e-06
34996.1 3.730451082e-06
35008.2 2.844967651e-06
35020.2 1.773929297e-06
35032.2 2.495296075e-06
35044.2 2.927793699e-06
35056.2 2.507016680e-06
35068.2 2.348387900e-06
35080.2 1.887300450e-06
35092.2 3.599202039e-07
35104.2 1.101205189e-06
35116.2 1.752358721e-06
35128.3 3.067922683e-06
35140.3 3.472747914e-06
35152.3 3.504508422e-06
35164.3 4.360910310e-06
35176.3 5.197469719e-06
35188.3 4.778437038e-06
35200.3 2.287445193e-06
35212.3 1.114101870e-06
35224.3 9.406358727e-07
35236.3 1.654323366e-06
35248.4 2.907920509e-06
35260.4 3.387667880e-06
35272.4 3.146701926e-06
35284.4 2.475468322e-06
35296.4 2.533194714e-06
35308.4 1.140384131e-06
35320.4 1.282605390e-06
35332.4 1.237521649e-06
35344.4 1.726896490e-06
35356.4 1.945766358e-06
35368.4 1.379457321e-06
35380.5 1.626277807e-06
35392.5 3.181745923e-06
35404.5 2.698043694e-06
35416.5 2.249508980e-06
35428.5 3.215929319e-06
35440.5 4.422750091e-06
35452.5 4.474172334e-06
35464.5 5.150175820e-06
35476.5 5.195810891e-06
35488.5 3.619792664e-06
35500.6 1.987133491e-06
35512.6 8.385451143e-07
35524.6 5.153701719e-07
35536.6 7.694751680e-08
35548.6 6.881073284e-07
35560.6 4.346447003e-07
35572.6 6.141037384e-09
35584.6 6.141189254e-09
35596.6 6.634537310e-09
35608.6 4.865108682e-07
35620.6 7.296649866e-07
35632.7 6.189593301e-09
35644.7 5.764610655e-07
35656.7 1.936531796e-06
35668.7 2.199866926e-06
35680.7 1.550446792e-06
35692.7 1.283987584e-06
35704.7 1.333930421e-06
35716.7 6.274715188e-07
35728.7 1.345087789e-06
35740.7 2.335371708e-06
35752.8 1.907489537e-06
35764.8 9.562594274e-07
35776.8 6.711194327e-07
35788.8 1.631134978e-07
35800.8 9.653741904e-09
35812.8 4.850195566e-08
35824.8 1.554686646e-07
35836.8 1.203257862e-07
35848.8 5.300972962e-07
35860.8 2.023057659e-06
35872.9 1.904173214e-06
35884.9 1.256091006e-06
35896.9 1.427928379e-06
35908.9 1.137497011e-06
35920.9 5.454202532e-07
35932.9 2.096238156e-07
35944.9 2.695232177e-07
35956.9 1.377743348e-06
35968.9 2.488266054e-06
35980.9 2.889502583e-06
35992.9 3.535310801e-06
36005.0 2.094652856e-06
36017.0 1.094200748e-06
36029.0 1.069594698e-06
36041.0 2.704060810e-06
36053.0 3.646332631e-06
36065.0 3.209735749e-06
36077.0 2.375178167e-06
36089.0 2.393250536e-06
36101.0 2.918443374e-06
36113.0 4.791038196e-06
36125.1 4.229290313e-06
36137.1 3.316969703e-06
36149.1 2.264504385e-06
36161.1 2.078564931e-06
36173.1 2.105367699e-06
36185.1 1.449947629e-06
36197.1 1.346937394e-06
36209.1 1.421154631e-06
36221.1 2.078295506e-06
36233.1 1.728024323e-06
36245.2 1.404380014e-06
36257.2 1.865355656e-06
36269.2 2.255918217e-06
36281.2 1.896833330e-06
36293.2 1.136805194e-06
36305.2 1.328450009e-06
36317.2 2.909203359e-06
36329.2 3.126517287e-06
36341.2 2.199640409e-06
36353.2 1.706279158e-06
36365.2 1.180110862e-06
36377.3 1.349689738e-06
36389.3 9.359298519e-07
36401.3 5.361374718e-07
36413.3 4.036356427e-07
36425.3 1.103915411e-06
36437.3 2.314194861e-06
36449.3 3.168025361e-06
36461.3 4.256347051e-06
36473.3 4.501445043e-06
36485.3 4.158409941e-06
36497.4 2.749713750e-06
36509.4 8.380220099e-07
36521.4 6.447306153e-07
36533.4 3.928258604e-07
36545.4 1.180379207e-08
36557.4 6.236995083e-09
36569.4 4.907351315e-08
36581.4 1.148479927e-06
36593.4 1.179140096e-06
36605.4 5.074887117e-07
36617.5 5.065609365e-08
36629.5 6.240729011e-09
36641.5 6.241303031e-09
36653.5 6.241863735e-09
36665.5 6.242411799e-09
36677.5 1.841006600e-07
36689.5 1.441705880e-06
36701.5 2.801484033e-06
36713.5 3.038539539e-06
36725.5 2.646378127e-06
36737.5 2.320975925e-06
36749.6 1.429142933e-06
36761.6 9.851680333e-07
36773.6 1.187349073e-06
36785.6 1.812831057e-06
36797.6 1.777055408e-06
36809.6 1.745937437e-06
36821.6 1.543703557e-06
36833.6 2.014216771e-06
36845.6 2.021462107e-06
36857.6 7.028630218e-07
36869.7 1.342038795e-07
36881.7 1.407090057e-06
36893.7 2.637554476e-06
36905.7 2.759234503e-06
36917.7 2.990192775e-06
36929.7 2.241042200e-06
36941.7 1.863316744e-06
36953.7 1.868867081e-06
36965.7 3.264008059e-06
36977.7 3.472545963e-06
36989.8 2.577362204e-06
37001.8 2.047265384e-06
37013.8 1.678060939e-06
37025.8 1.403866955e-06
37037.8 1.496446191e-06
37049.8 2.578233216e-06
37061.8 2.847669775e-06
37073.8 2.601701034e-06
37085.8 2.317114833e-06
37097.8 2.519205432e-06
37109.8 2.745792561e-06
37121.9 2.755813890e-06
37133.9 1.433561292e-06
37145.9 1.115469016e-06
37157.9 7.684513032e-07
37169.9 5.444696837e-07
37181.9 1.466316858e-06
37193.9 1.487333149e-06
37205.9 6.613070892e-07
37217.9 6.623999281e-09
37229.9 6.276579574e-09
37242.0 6.277071223e-09
37254.0 6.277570419e-09
37266.0 6.278077080e-09
37278.0 6.278591149e-09
37290.0 1.489746858e-08
37302.0 9.074764777e-07
37314.0 5.271837637e-07
37326.0 6.280722886e-09
37338.0 6.281273139e-09
37350.0 6.281859250e-09
37362.1 6.289673263e-09
37374.1 6.290243415e-09
37386.1 6.290818940e-09
37398.1 1.845654278e-08
37410.1 3.939308746e-07
37422.1 1.227279745e-07
37434.1 6.602848664e-09
37446.1 2.581809055e-07
37458.1 1.230591865e-06
37470.1 8.238979559e-07
37482.1 1.903150399e-08
37494.2 6.303188913e-09
37506.2 6.303795360e-09
37518.2 6.304401693e-09
37530.2 6.305007312e-09
37542.2 6.305611597e-09
37554.2 6.306213762e-09
37566.2 6.306813169e-09
37578.2 6.307409160e-09
37590.2 6.308001021e-09
37602.2 6.308587683e-09
37614.3 1.044161438e-08
37626.3 1.939646823e-07
37638.3 1.206872302e-07
37650.3 6.607082196e-09
37662.3 6.311422003e-09
37674.3 6.311963474e-09
37686.3 6.312495006e-09
37698.3 6.313015900e-09
37710.3 6.313525234e-09
37722.3 6.314021256e-09
37734.3 6.314504419e-09
37746.4 6.314974785e-09
37758.4 6.315431610e-09
37770.4 1.289276795e-07
37782.4 4.021445550e-07
37794.4 2.562264909e-08
37806.4 6.324408811e-09
37818.4 8.159774711e-09
37830.4 2.482158957e-07
37842.4 8.076193829e-07
37854.4 3.753463206e-07
37866.5 1.182495758e-08
37878.5 6.326362438e-09
37890.5 1.360284328e-08
37902.5 4.856846749e-08
37914.5 6.327057779e-09
37926.5 6.365446771e-09
37938.5 8.174938834e-08
37950.5 9.189998865e-09
37962.5 6.327667765e-09
37974.5 6.327760434e-09
37986.6 6.327829433e-09
37998.6 8.881509672e-09
38010.6 4.092532461e-07
38022.6 7.099543590e-09
38034.6 6.327857664e-09
38046.6 6.327802592e-09
38058.6 6.327723064e-09
38070.6 6.327618104e-09
38082.6 6.327486511e-09
38094.6 6.327330549e-09
38106.6 6.327150316e-09
38118.7 6.326945930e-09
38130.7 6.326716536e-09
38142.7 6.326461323e-09
38154.7 6.326182595e-09
38166.7 6.325880619e-09
38178.7 6.331922925e-09
38190.7 6.332519482e-09
38202.7 6.332146419e-09
38214.7 6.331751545e-09
38226.7 6.331335283e-09
38238.8 6.330898082e-09
38250.8 6.330439462e-09
38262.8 6.329959422e-09
38274.8 6.329460099e-09
38286.8 6.328942058e-09
38298.8 6.328405892e-09
38310.8 6.327851364e-09
38322.8 6.327278838e-09
38334.8 6.326690251e-09
38346.8 6.326086280e-09
38358.9 6.325467633e-09
38370.9 6.324834357e-09
38382.9 6.326199654e-09
38394.9 6.330523886e-09
38406.9 6.329821705e-09
38418.9 6.329108769e-09
38430.9 6.328385436e-09
38442.9 6.327652565e-09
38454.9 6.326911536e-09
38466.9 6.326174312e-09
38478.9 6.325438706e-09
38491.0 6.324697226e-09
38503.0 6.323950844e-09
38515.0 6.323200617e-09
38527.0 6.322447380e-09
38539.0 6.321691962e-09
38551.0 6.320935327e-09
38563.0 6.320178459e-09
38575.0 6.323089500e-09
38587.0 6.325963373e-09
38599.0 6.325209516e-09
38611.1 6.324459010e-09
38623.1 6.323712746e-09
38635.1 6.322971116e-09
38647.1 6.322234868e-09
38659.1 6.321504739e-09
38671.1 6.320782250e-09
38683.1 6.320068106e-09
38695.1 6.319362371e-09
38707.1 6.318665716e-09
38719.1 6.317978783e-09
38731.2 6.317303316e-09
38743.2 6.316639754e-09
38755.2 6.315987881e-09
38767.2 6.315348245e-09
38779.2 6.314721388e-09
38791.2 6.314109208e-09
38803.2 6.313511840e-09
38815.2 6.312928806e-09
38827.2 6.312360536e-09
38839.2 6.311807432e-09
38851.2 6.311271513e-09
38863.3 6.310752551e-09
38875.3 6.310249876e-09
38887.3 6.309763770e-09
38899.3 6.309294493e-09
38911.3 6.308844117e-09
38923.3 6.308412056e-09
38935.3 6.307997477e-09
38947.3 6.307600519e-09
38959.3 6.307221298e-09
38971.3 6.307839914e-09
38983.4 6.313795268e-09
38995.4 6.313472249e-09
39007.4 6.313167110e-09
39019.4 6.312879825e-09
39031.4 6.312612414e-09
39043.4 6.312363639e-09
39055.4 6.312132496e-09
39067.4 6.311918846e-09
39079.4 6.311722528e-09
39091.4 6.311545376e-09
39103.5 6.311385920e-09
39115.5 8.115562009e-09
39127.5 5.818580498e-07
39139.5 1.376639514e-08
39151.5 6.317926057e-09
39163.5 6.317849577e-09
39175.5 6.317788197e-09
39187.5 6.317741566e-09
39199.5 6.317709307e-09
39211.5 6.317692811e-09
39223.5 6.317688815e-09
39235.6 6.317694197e-09
39247.6 6.317712191e-09
39259.6 6.317742348e-09
39271.6 3.902133791e-08
39283.6 4.354167501e-07
39295.6 8.536316356e-07
39307.6 4.983679952e-07
39319.6 8.370716213e-09
39331.6 6.318163051e-09
39343.6 6.318267573e-09
39355.7 6.318380035e-09
39367.7 6.318499908e-09
39379.7 6.325668107e-09
39391.7 6.326040500e-09
39403.7 3.898154883e-08
39415.7 6.022798341e-07
39427.7 3.978248968e-07
39439.7 7.886446327e-09
39451.7 6.326788694e-09
39463.7 6.326950181e-09
39475.8 6.327114088e-09
39487.8 6.327279893e-09
39499.8 6.327447096e-09
39511.8 3.260795238e-08
39523.8 1.368506407e-07
39535.8 4.219677184e-08
39547.8 6.328121230e-09
39559.8 6.328288160e-09
39571.8 6.328453663e-09
39583.8 1.850762271e-08
39595.8 5.502050691e-08
39607.9 6.328936019e-09
39619.9 6.329090729e-09
39631.9 6.329241613e-09
39643.9 6.329388376e-09
39655.9 6.329530686e-09
39667.9 6.329668219e-09
39679.9 6.329800668e-09
39691.9 6.341441137e-08
39703.9 3.511015156e-07
39715.9 4.796037902e-08
39728.0 6.441069557e-09
39740.0 6.337400675e-09
39752.0 6.337496147e-09
39764.0 6.337584811e-09
39776.0 6.342036314e-09
39788.0 6.345034343e-09
39800.0 6.345101897e-09
39812.0 6.345161576e-09
39824.0 6.345213901e-09
39836.0 6.345258836e-09
39848.0 6.345296364e-09
39860.1 6.345326459e-09
39872.1 6.345348563e-09
39884.1 6.345363320e-09
39896.1 6.345370801e-09
39908.1 6.345371084e-09
39920.1 6.345364241e-09
39932.1 6.345349906e-09
39944.1 6.345328774e-09
39956.1 6.345301003e-09
39968.1 6.345266767e-09
39980.2 6.345226229e-09
39992.2 6.345179280e-09
40004.2 6.348395728e-09
40016.2 6.036143263e-08
40028.2 1.550184242e-08
40040.2 6.344368556e-09
40052.2 6.344126486e-09
40064.2 6.343880502e-09
40076.2 6.343630925e-09
40088.2 6.343378096e-09
40100.3 6.343122367e-09
40112.3 6.342864227e-09
40124.3 6.342603993e-09
40136.3 6.342342052e-09
40148.3 6.342078793e-09
40160.3 6.341814666e-09
40172.3 6.341550409e-09
40184.3 6.344434992e-09
40196.3 6.348310796e-09
40208.3 6.353916521e-09
40220.3 6.354822919e-09
40232.4 6.354562966e-09
40244.4 6.354305217e-09
40256.4 6.354050104e-09
40268.4 6.353798052e-09
40280.4 6.353549696e-09
40292.4 3.152668731e-08
40304.4 5.549651043e-07
40316.4 7.353910786e-07
40328.4 2.243964017e-07
40340.4 6.072425183e-07
40352.5 6.622235249e-07
40364.5 7.656421740e-07
40376.5 8.159898410e-07
40388.5 8.432123202e-07
40400.5 5.795894169e-07
40412.5 2.746953614e-07
40424.5 9.838051280e-07
40436.5 1.133468904e-06
40448.5 4.525747680e-08
40460.5 7.762517735e-09
40472.6 4.516406472e-08
40484.6 7.820181117e-09
40496.6 6.350217428e-09
40508.6 6.350119349e-09
40520.6 6.350032835e-09
40532.6 6.349959015e-09
40544.6 1.508548921e-08
40556.6 7.269463731e-08
40568.6 9.125746220e-08
40580.6 4.807591822e-08
40592.6 4.747458217e-08
40604.7 8.982479833e-08
40616.7 2.852211779e-07
40628.7 3.524264153e-07
40640.7 1.668199499e-08
40652.7 6.357184063e-09
40664.7 7.185930967e-09
40676.7 1.208046991e-07
40688.7 5.262860674e-07
40700.7 5.605797962e-07
40712.7 1.519968153e-07
40724.8 7.598683549e-09
40736.8 6.364946999e-09
40748.8 6.365144358e-09
40760.8 6.365370627e-09
40772.8 6.365610124e-09
40784.8 6.365861303e-09
40796.8 6.366123971e-09
40808.8 6.366397910e-09
40820.8 6.366682363e-09
40832.8 6.366960321e-09
40844.9 6.367248725e-09
40856.9 6.367547284e-09
40868.9 6.367855686e-09
40880.9 6.368174410e-09
40892.9 6.368503273e-09
40904.9 6.807694000e-09
40916.9 4.592311523e-08
40928.9 1.275998751e-08
40940.9 1.230981822e-08
40952.9 4.845377740e-07
40964.9 7.697074088e-07
40977.0 8.346859545e-07
40989.0 9.422129273e-07
41001.0 1.429561672e-06
41013.0 7.372166245e-07
41025.0 3.117140922e-08
41037.0 6.378143385e-09
41049.0 6.380741666e-09
41061.0 6.381154565e-09
41073.0 6.381569639e-09
41085.0 8.017725315e-09
41097.1 9.721931026e-08
41109.1 1.069177130e-08
41121.1 1.605207438e-08
41133.1 3.744279329e-07
41145.1 6.565658689e-07
41157.1 5.559351978e-07
41169.1 9.721866632e-07
41181.1 1.139687673e-06
41193.1 1.096277216e-06
41205.1 4.495820727e-07
41217.2 5.203570233e-08
41229.2 6.499961080e-09
41241.2 2.107011069e-07
41253.2 1.889609646e-06
41265.2 3.437859452e-06
41277.2 3.819659165e-06
41289.2 3.775477931e-06
41301.2 2.402165425e-06
41313.2 1.298276483e-06
41325.2 4.381462529e-07
41337.2 1.716761658e-08
41349.3 6.397264023e-09
41361.3 6.890230165e-09
41373.3 1.445798344e-07
41385.3 9.624948823e-07
41397.3 1.595835598e-06
41409.3 1.485395602e-06
41421.3 1.129764349e-06
41433.3 1.028219019e-06
41445.3 1.321507579e-06
41457.3 6.667974554e-07
41469.4 7.684998196e-07
41481.4 1.268629479e-06
41493.4 2.592006694e-06
41505.4 3.244204278e-06
41517.4 3.132328783e-06
41529.4 2.327916446e-06
41541.4 1.236314749e-06
41553.4 4.671797766e-07
41565.4 9.691071282e-08
41577.4 9.136052529e-07
41589.5 1.572085640e-06
41601.5 2.005311898e-06
41613.5 2.064876799e-06
41625.5 2.092261246e-06
41637.5 1.994063526e-06
41649.5 2.176784378e-06
41661.5 2.754870926e-06
41673.5 2.862610062e-06
41685.5 2.997561241e-06
41697.5 2.882305062e-06
41709.5 2.869352372e-06
41721.6 2.328393428e-06
41733.6 2.648487066e-06
41745.6 3.157448450e-06
41757.6 3.681760809e-06
41769.6 4.095014942e-06
41781.6 4.964224823e-06
41793.6 5.552121914e-06
41805.6 5.979450022e-06
41817.6 5.790159250e-06
41829.6 3.621066414e-06
41841.7 2.127937623e-06
41853.7 1.834270547e-06
41865.7 1.177063013e-06
41877.7 1.185775184e-06
41889.7 1.356401932e-06
41901.7 1.196557183e-06
41913.7 1.462278380e-06
41925.7 9.950086253e-07
41937.7 1.028979407e-06
41949.7 1.378446213e-06
41961.7 2.509055263e-06
41973.8 1.914357894e-06
41985.8 7.827725683e-07
41997.8 3.061190765e-07
42009.8 1.137668523e-06
42021.8 4.602570689e-06
42033.8 7.122081522e-06
42045.8 7.494580290e-06
42057.8 5.879670579e-06
42069.8 2.841681283e-06
42081.8 1.644571304e-06
42093.9 1.910725016e-06
42105.9 3.283655105e-06
42117.9 5.060451486e-06
42129.9 4.495062277e-06
42141.9 4.280969681e-06
42153.9 4.338178102e-06
42165.9 4.537801165e-06
42177.9 3.998795701e-06
42189.9 3.332043445e-06
42201.9 3.811534785e-06
42214.0 3.365537595e-06
42226.0 1.791245786e-06
42238.0 1.465875862e-06
42250.0 2.135778815e-06
42262.0 3.149758983e-06
42274.0 4.202123547e-06
42286.0 3.896576092e-06
42298.0 4.050950948e-06
42310.0 5.855296764e-06
42322.0 7.200341522e-06
42334.0 8.348876258e-06
42346.1 9.717704685e-06
42358.1 1.145164763e-05
42370.1 1.115424737e-05
42382.1 1.040618387e-05
42394.1 9.518257413e-06
42406.1 9.233643846e-06
42418.1 8.226641254e-06
42430.1 6.634781221e-06
42442.1 4.683756485e-06
42454.1 3.138508530e-06
42466.2 3.711200718e-06
42478.2 4.040622472e-06
42490.2 3.891313137e-06
42502.2 4.553097226e-06
42514.2 4.200977140e-06
42526.2 2.756312996e-06
42538.2 2.488942007e-06
42550.2 3.525096981e-06
42562.2 3.347808979e-06
42574.2 3.029931225e-06
42586.3 5.469910235e-06
42598.3 7.426832351e-06
42610.3 7.072155813e-06
42622.3 7.719873498e-06
42634.3 7.985065654e-06
42646.3 9.779409804e-06
42658.3 1.136180944e-05
42670.3 1.066079787e-05
42682.3 7.268172598e-06
42694.3 5.263885195e-06
42706.3 4.254841914e-06
42718.4 4.358322900e-06
42730.4 5.676846536e-06
42742.4 7.060422185e-06
42754.4 9.079720095e-06
42766.4 1.238362721e-05
42778.4 1.513564654e-05
42790.4 1.385890909e-05
42802.4 9.429585002e-06
42814.4 7.378350825e-06
42826.4 6.564988571e-06
42838.5 5.963449646e-06
42850.5 6.968742085e-06
42862.5 8.507139688e-06
42874.5 9.696129178e-06
42886.5 1.017594314e-05
42898.5 1.162568400e-05
42910.5 1.238255506e-05
42922.5 1.224810495e-05
42934.5 1.115517883e-05
42946.5 1.140145751e-05
42958.6 1.130536797e-05
42970.6 1.148625047e-05
42982.6 8.660714387e-06
42994.6 5.502596975e-06
43006.6 5.084969529e-06
43018.6 5.220540048e-06
43030.6 5.968582406e-06
43042.6 5.948717069e-06
43054.6 6.084207432e-06
43066.6 8.502523545e-06
43078.6 1.064682454e-05
43090.7 9.539506996e-06
43102.7 9.282792769e-06
43114.7 9.282994567e-06
43126.7 9.511290347e-06
43138.7 9.537641995e-06
43150.7 9.619687482e-06
43162.7 1.003545334e-05
43174.7 1.217768696e-05
43186.7 1.529416691e-05
43198.7 1.499945776e-05
43210.8 1.358235071e-05
43222.8 1.268654011e-05
43234.8 1.129549747e-05
43246.8 1.086334331e-05
43258.8 1.070776120e-05
43270.8 1.095528209e-05
43282.8 1.233936500e-05
43294.8 1.357034122e-05
43306.8 1.297483056e-05
43318.8 1.164592513e-05
43330.9 1.125616712e-05
43342.9 1.030613197e-05
43354.9 1.138075463e-05
43366.9 1.353670882e-05
43378.9 1.406456727e-05
43390.9 1.341774796e-05
43402.9 1.207869809e-05
43414.9 1.105883685e-05
43426.9 1.093505870e-05
43438.9 1.223827017e-05
43450.9 1.365309408e-05
43463.0 1.480938254e-05
43475.0 1.588426035e-05
43487.0 1.531049402e-05
43499.0 1.430228464e-05
43511.0 1.431725849e-05
43523.0 1.676594835e-05
43535.0 1.938025153e-05
43547.0 2.041705033e-05
43559.0 1.853690011e-05
43571.0 1.622164573e-05
43583.1 1.445075693e-05
43595.1 1.357733343e-05
43607.1 1.310783880e-05
43619.1 1.228494220e-05
43631.1 1.125226817e-05
43643.1 1.190949730e-05
43655.1 1.138503857e-05
43667.1 1.205619239e-05
43679.1 1.294207752e-05
43691.1 1.402029695e-05
43703.2 1.380137376e-05
43715.2 1.381596937e-05
43727.2 1.474057049e-05
43739.2 1.639444038e-05
43751.2 1.866615961e-05
43763.2 1.956672505e-05
43775.2 2.061347465e-05
43787.2 2.202001666e-05
43799.2 2.209620129e-05
43811.2 2.057122577e-05
43823.2 1.721331837e-05
43835.3 1.471450624e-05
43847.3 1.301839563e-05
43859.3 1.411459328e-05
43871.3 1.488427179e-05
43883.3 1.501738999e-05
43895.3 1.349613466e-05
43907.3 1.277524510e-05
43919.3 1.328961661e-05
43931.3 1.583101879e-05
43943.3 1.805072144e-05
43955.4 1.955550764e-05
43967.4 1.651514314e-05
43979.4 1.401262541e-05
43991.4 1.214216545e-05
44003.4 1.298035604e-05
44015.4 1.451703334e-05
44027.4 1.497710820e-05
44039.4 1.392569352e-05
44051.4 1.338443942e-05
44063.4 1.409069082e-05
44075.4 1.471660142e-05
44087.5 1.493775335e-05
44099.5 1.349157186e-05
44111.5 1.275667912e-05
44123.5 1.297007535e-05
44135.5 1.330030264e-05
44147.5 1.414073656e-05
44159.5 1.456667011e-05
44171.5 1.304005394e-05
44183.5 1.253616436e-05
44195.5 1.208425296e-05
44207.6 1.271069695e-05
44219.6 1.376188153e-05
44231.6 1.456006811e-05
44243.6 1.284645497e-05
44255.6 1.277815996e-05
44267.6 1.066699964e-05
44279.6 9.561503486e-06
44291.6 8.788280925e-06
44303.6 8.284048345e-06
44315.6 9.381140325e-06
44327.7 1.112263512e-05
44339.7 1.203649363e-05
44351.7 1.268664538e-05
44363.7 1.225545791e-05
44375.7 1.172541115e-05
44387.7 1.100738560e-05
44399.7 1.052203312e-05
44411.7 1.064405373e-05
44423.7 1.220390662e-05
44435.7 1.337042690e-05
44447.7 1.472704987e-05
44459.8 1.456642516e-05
44471.8 1.451450601e-05
44483.8 1.463188709e-05
44495.8 1.416262857e-05
44507.8 1.309228307e-05
44519.8 1.307084353e-05
44531.8 1.296956964e-05
44543.8 1.300314176e-05
44555.8 1.202008376e-05
44567.8 1.095651720e-05
44579.9 9.953217788e-06
44591.9 1.125035565e-05
44603.9 1.253938291e-05
44615.9 1.401168029e-05
44627.9 1.541305451e-05
44639.9 1.715763595e-05
44651.9 1.914015125e-05
44663.9 1.942006376e-05
44675.9 1.745010168e-05
44687.9 1.283561562e-05
44700.0 1.122080084e-05
44712.0 1.207994484e-05
44724.0 1.423281332e-05
44736.0 1.618553671e-05
44748.0 1.620279817e-05
44760.0 1.661922138e-05
44772.0 1.723372379e-05
44784.0 1.595853084e-05
44796.0 1.406267870e-05
44808.0 1.243673620e-05
44820.0 1.260821894e-05
44832.1 1.363769514e-05
44844.1 1.353013193e-05
44856.1 1.281490788e-05
44868.1 1.178358198e-05
44880.1 1.201179335e-05
44892.1 1.235535356e-05
44904.1 1.260165579e-05
44916.1 1.279006374e-05
44928.1 1.258346069e-05
44940.1 1.206378274e-05
44952.2 1.073744839e-05
44964.2 1.018441648e-05
44976.2 1.016617230e-05
44988.2 1.051191451e-05
45000.2 1.221576330e-05
45012.2 1.352319408e-05
45024.2 1.380033440e-05
45036.2 1.185517366e-05
45048.2 9.788920453e-06
45060.2 8.496439370e-06
45072.3 7.074902704e-06
45084.3 7.476187110e-06
45096.3 8.837609736e-06
45108.3 1.043101110e-05
45120.3 1.162812579e-05
45132.3 1.092454746e-05
45144.3 9.648278451e-06
45156.3 8.852287715e-06
45168.3 9.560936797e-06
45180.3 1.122687528e-05
45192.3 1.206225025e-05
45204.4 1.244832448e-05
45216.4 1.172874536e-05
45228.4 1.060784319e-05
45240.4 1.103335945e-05
45252.4 1.216624428e-05
45264.4 1.356500025e-05
45276.4 1.560295953e-05
45288.4 1.660224441e-05
45300.4 1.744499412e-05
45312.4 1.777427692e-05
45324.5 1.812865522e-05
45336.5 1.792901153e-05
45348.5 1.576951402e-05
45360.5 1.366476179e-05
45372.5 1.170214418e-05
45384.5 1.098163082e-05
45396.5 1.291474468e-05
45408.5 1.565897083e-05
45420.5 1.740562918e-05
45432.5 1.806866838e-05
45444.6 1.831976059e-05
45456.6 1.798633274e-05
45468.6 1.575309651e-05
45480.6 1.471379129e-05
45492.6 1.405697420e-05
45504.6 1.419887280e-05
45516.6 1.480313001e-05
45528.6 1.435142796e-05
45540.6 1.437580114e-05
45552.6 1.435967487e-05
45564.6 1.408601108e-05
45576.7 1.367673751e-05
45588.7 1.207992015e-05
45600.7 1.111053430e-05
45612.7 1.100662434e-05
45624.7 1.174600106e-05
45636.7 1.375829977e-05
45648.7 1.607831478e-05
45660.7 1.808295845e-05
45672.7 1.932674458e-05
45684.7 1.918861497e-05
45696.8 1.757354294e-05
45708.8 1.506060708e-05
45720.8 1.324432790e-05
45732.8 1.380145951e-05
45744.8 1.415918043e-05
45756.8 1.420309728e-05
45768.8 1.321079259e-05
45780.8 1.316024765e-05
45792.8 1.424717370e-05
45804.8 1.481140795e-05
45816.9 1.466999040e-05
45828.9 1.421367930e-05
45840.9 1.329226833e-05
45852.9 1.292387378e-05
45864.9 1.170839819e-05
45876.9 1.072845348e-05
45888.9 8.438937721e-06
45900.9 8.156823518e-06
45912.9 9.107513766e-06
45924.9 1.138555052e-05
45936.9 1.246327585e-05
45949.0 1.391402155e-05
45961.0 1.481238437e-05
45973.0 1.417211363e-05
45985.0 1.258780043e-05
45997.0 9.715608527e-06
46009.0 8.882120151e-06
46021.0 9.267864503e-06
46033.0 1.094529927e-05
46045.0 1.372735500e-05
46057.0 1.378527424e-05
46069.1 1.447493949e-05
46081.1 1.548587664e-05
46093.1 1.673142549e-05
46105.1 1.816512380e-05
46117.1 1.698342972e-05
46129.1 1.652029695e-05
46141.1 1.652826650e-05
46153.1 1.715079398e-05
46165.1 1.875800263e-05
46177.1 1.875106907e-05
46189.1 1.841780449e-05
46201.2 1.728687521e-05
46213.2 1.588781711e-05
46225.2 1.461056696e-05
46237.2 1.342631298e-05
46249.2 1.336153682e-05
46261.2 1.261804016e-05
46273.2 1.172901000e-05
46285.2 1.123219481e-05
46297.2 1.096792960e-05
46309.2 1.094868503e-05
46321.3 1.176807382e-05
46333.3 1.429193450e-05
46345.3 1.573409003e-05
46357.3 1.681032036e-05
46369.3 1.687498833e-05
46381.3 1.645999932e-05
46393.3 1.622419562e-05
46405.3 1.554833507e-05
46417.3 1.569000540e-05
46429.3 1.544204065e-05
46441.4 1.477705946e-05
46453.4 1.535317801e-05
46465.4 1.484410889e-05
46477.4 1.428328836e-05
46489.4 1.477875367e-05
46501.4 1.709204095e-05
46513.4 1.986575685e-05
46525.4 2.104548154e-05
46537.4 2.061987257e-05
46549.4 1.896367050e-05
46561.4 1.896833721e-05
46573.5 1.944161631e-05
46585.5 1.984570114e-05
46597.5 1.956379586e-05
46609.5 1.939511160e-05
46621.5 1.977101990e-05
46633.5 2.039298823e-05
46645.5 2.111029523e-05
46657.5 2.189363323e-05
46669.5 2.277062835e-05
46681.5 2.331030254e-05
46693.6 2.215937103e-05
46705.6 2.093132851e-05
46717.6 1.909809816e-05
46729.6 1.746645792e-05
46741.6 1.719244649e-05
46753.6 1.671903374e-05
46765.6 1.607083844e-05
46777.6 1.609194499e-05
46789.6 1.512054586e-05
46801.6 1.404413858e-05
46813.7 1.484820295e-05
46825.7 1.490726397e-05
46837.7 1.509079234e-05
46849.7 1.465335615e-05
46861.7 1.485666143e-05
46873.7 1.627378418e-05
46885.7 1.693743575e-05
46897.7 1.736671334e-05
46909.7 1.720304043e-05
46921.7 1.787110066e-05
46933.7 1.886547968e-05
46945.8 1.974234864e-05
46957.8 2.016300093e-05
46969.8 2.033998431e-05
46981.8 2.072867332e-05
46993.8 2.025977011e-05
47005.8 2.015180936e-05
47017.8 1.897733920e-05
47029.8 1.797580343e-05
47041.8 1.765263236e-05
47053.8 1.597132149e-05
47065.9 1.508560686e-05
47077.9 1.164503575e-05
47089.9 9.123158242e-06
47101.9 8.052923456e-06
47113.9 7.277602489e-06
47125.9 8.423534090e-06
47137.9 1.124149832e-05
47149.9 1.254530521e-05
47161.9 1.295570684e-05
47173.9 1.370810664e-05
47186.0 1.338678267e-05
47198.0 1.317910618e-05
47210.0 1.203423264e-05
47222.0 1.239453269e-05
47234.0 1.298558473e-05
47246.0 1.330768987e-05
47258.0 1.398168495e-05
47270.0 1.404972182e-05
47282.0 1.416631012e-05
47294.0 1.339031722e-05
47306.0 1.288644485e-05
47318.1 1.099154054e-05
47330.1 9.992170503e-06
47342.1 9.931643910e-06
47354.1 1.124655116e-05
47366.1 1.403780024e-05
47378.1 1.669802270e-05
47390.1 1.858198096e-05
47402.1 1.854182780e-05
47414.1 1.859284462e-05
47426.1 1.813283552e-05
47438.2 1.717820030e-05
47450.2 1.587007984e-05
47462.2 1.536234953e-05
47474.2 1.550574181e-05
47486.2 1.575861587e-05
47498.2 1.604950630e-05
47510.2 1.530610658e-05
47522.2 1.464112050e-05
47534.2 1.424886722e-05
47546.2 1.374401227e-05
47558.3 1.296726563e-05
47570.3 1.111576445e-05
47582.3 1.039485687e-05
47594.3 1.029636446e-05
47606.3 1.063395553e-05
47618.3 9.984403189e-06
47630.3 1.039333021e-05
47642.3 9.558081031e-06
47654.3 9.953499658e-06
47666.3 1.152522587e-05
47678.3 1.276171381e-05
47690.4 1.262582973e-05
47702.4 1.021319701e-05
47714.4 7.380279874e-06
47726.4 5.954213223e-06
47738.4 6.125315749e-06
47750.4 6.771302371e-06
47762.4 8.828812675e-06
47774.4 9.150128411e-06
47786.4 9.636258236e-06
47798.4 9.380100432e-06
47810.5 9.331575772e-06
47822.5 9.471531033e-06
47834.5 9.517717532e-06
47846.5 9.744382170e-06
47858.5 9.717536280e-06
47870.5 9.600510126e-06
47882.5 7.801951161e-06
47894.5 6.671062601e-06
47906.5 5.569135380e-06
47918.5 5.383506191e-06
47930.6 6.199188638e-06
47942.6 8.095650985e-06
47954.6 9.949273669e-06
47966.6 1.172313058e-05
47978.6 1.277823186e-05
47990.6 1.171383015e-05
48002.6 1.113719505e-05
48014.6 8.842356450e-06
48026.6 7.128710418e-06
48038.6 4.838752069e-06
48050.6 4.242272246e-06
48062.7 4.058480013e-06
48074.7 4.433948891e-06
48086.7 4.310369658e-06
48098.7 4.820936747e-06
48110.7 5.403722615e-06
48122.7 5.692840354e-06
48134.7 5.442181908e-06
48146.7 4.826296950e-06
48158.7 4.148637155e-06
48170.7 4.452838177e-06
48182.8 5.332022547e-06
48194.8 5.498327839e-06
48206.8 5.562513959e-06
48218.8 4.357375044e-06
48230.8 3.867241682e-06
48242.8 4.571390010e-06
48254.8 5.516757020e-06
48266.8 6.934190796e-06
48278.8 7.819591172e-06
48290.8 7.839312952e-06
48302.8 7.406004973e-06
48314.9 7.023546627e-06
48326.9 6.073212865e-06
48338.9 5.415511572e-06
48350.9 4.734878898e-06
48362.9 4.705984362e-06
48374.9 4.696516411e-06
48386.9 5.153164014e-06
48398.9 5.204457326e-06
48410.9 5.904177479e-06
48422.9 6.165432082e-06
48435.0 6.804696900e-06
48447.0 7.344667405e-06
48459.0 7.092792553e-06
48471.0 6.217393496e-06
48483.0 5.130243560e-06
48495.0 4.127289525e-06
48507.0 3.571080226e-06
48519.0 4.132243768e-06
48531.0 4.585358082e-06
48543.0 5.098534374e-06
48555.1 5.362080493e-06
48567.1 6.484563060e-06
48579.1 6.627749257e-06
48591.1 7.191497390e-06
48603.1 6.521150706e-06
48615.1 6.099616385e-06
48627.1 5.461284664e-06
48639.1 5.046938600e-06
48651.1 4.951394138e-06
48663.1 4.721379682e-06
48675.1 3.876356508e-06
48687.2 3.011684653e-06
48699.2 2.412407025e-06
48711.2 2.974557308e-06
48723.2 4.482421754e-06
48735.2 5.792533459e-06
48747.2 6.978136466e-06
48759.2 6.837235666e-06
48771.2 6.665435140e-06
48783.2 4.015423375e-06
48795.2 2.849295272e-06
48807.3 1.625975171e-06
48819.3 1.648464093e-06
48831.3 2.774618889e-06
48843.3 4.920787936e-06
48855.3 6.171210336e-06
48867.3 7.222845677e-06
48879.3 6.203271003e-06
48891.3 4.905521620e-06
48903.3 3.136967907e-06
48915.3 1.685627156e-06
48927.4 1.348297804e-06
48939.4 1.078030203e-06
48951.4 1.359654652e-06
48963.4 1.729410028e-06
48975.4 2.356593795e-06
48987.4 2.805431958e-06
48999.4 2.746179178e-06
49011.4 3.157245928e-06
49023.4 3.614517851e-06
49035.4 3.899187038e-06
49047.4 4.138123472e-06
49059.5 3.619610327e-06
49071.5 3.527176674e-06
49083.5 3.193976088e-06
49095.5 3.608704365e-06
49107.5 3.381474141e-06
49119.5 3.087342195e-06
49131.5 1.599464720e-06
49143.5 1.273054314e-06
49155.5 1.133187077e-06
49167.5 2.501709062e-06
49179.6 3.049039988e-06
49191.6 4.670229448e-06
49203.6 6.222881158e-06
49215.6 8.159133066e-06
49227.6 8.496460969e-06
49239.6 8.339431723e-06
49251.6 7.084825305e-06
49263.6 5.962503416e-06
49275.6 4.950559786e-06
49287.6 4.462409088e-06
49299.7 4.407963556e-06
49311.7 4.316641833e-06
49323.7 4.313228536e-06
49335.7 4.150857492e-06
49347.7 4.285690935e-06
49359.7 4.499619645e-06
49371.7 4.648994186e-06
49383.7 4.564989816e-06
49395.7 4.336090979e-06
49407.7 4.353658327e-06
49419.7 4.654845194e-06
49431.8 5.279587580e-06
49443.8 6.138898742e-06
49455.8 6.742113471e-06
49467.8 7.105012724e-06
49479.8 6.607174391e-06
49491.8 6.429694285e-06
49503.8 6.477332152e-06
49515.8 7.246026873e-06
49527.8 7.258110496e-06
49539.8 6.965437744e-06
49551.9 5.905095066e-06
49563.9 5.422402492e-06
49575.9 4.986551243e-06
49587.9 5.362613081e-06
49599.9 5.354672666e-06
49611.9 5.373400919e-06
49623.9 4.945259894e-06
49635.9 4.683649816e-06
49647.9 3.723927742e-06
49659.9 4.369144715e-06
49672.0 4.190388844e-06
49684.0 3.967671250e-06
49696.0 3.822395018e-06
49708.0 4.524931499e-06
49720.0 4.541198023e-06
49732.0 4.549761727e-06
49744.0 3.881372550e-06
49756.0 3.359083674e-06
49768.0 3.710937921e-06
49780.0 4.616332916e-06
49792.0 5.422596030e-06
49804.1 6.674943254e-06
49816.1 6.492599233e-06
49828.1 6.637109156e-06
49840.1 6.767364425e-06
49852.1 6.865235219e-06
49864.1 6.506253253e-06
49876.1 6.218259765e-06
49888.1 5.448188016e-06
49900.1 6.174337597e-06
49912.1 6.118978663e-06
49924.2 6.077159217e-06
49936.2 5.516742807e-06
49948.2 5.211089013e-06
49960.2 4.832442052e-06
49972.2 4.459248889e-06
49984.2 3.992787588e-06
49996.2 4.330461530e-06
50008.2 3.973617776e-06
50020.2 3.954017565e-06
50032.2 3.039463864e-06
50044.3 2.994575838e-06
50056.3 2.989567897e-06
50068.3 3.838339652e-06
50080.3 3.660767326e-06
50092.3 4.116250169e-06
50104.3 3.010018151e-06
50116.3 2.650970890e-06
50128.3 1.661715680e-06
50140.3 1.664817694e-06
50152.3 2.000589338e-06
50164.3 2.635702627e-06
50176.4 2.884285060e-06
50188.4 3.429802481e-06
50200.4 3.761263596e-06
50212.4 5.380765204e-06
50224.4 4.314203799e-06
50236.4 3.681737239e-06
50248.4 2.611799674e-06
50260.4 2.417917669e-06
50272.4 2.602896860e-06
50284.4 3.077110292e-06
50296.5 3.646565721e-06
50308.5 4.171039437e-06
50320.5 4.399705986e-06
50332.5 4.834141809e-06
50344.5 4.860822359e-06
50356.5 4.806654111e-06
50368.5 4.417632517e-06
50380.5 3.969533284e-06
50392.5 3.872801034e-06
50404.5 3.948712531e-06
50416.5 3.838440608e-06
50428.6 4.101883322e-06
50440.6 4.500118477e-06
50452.6 4.283588625e-06
50464.6 4.411288914e-06
50476.6 5.416847467e-06
50488.6 7.108675655e-06
50500.6 8.582144886e-06
50512.6 9.631559119e-06
50524.6 9.894195731e-06
50536.6 1.019899632e-05
50548.7 1.063355975e-05
50560.7 1.124060679e-05
50572.7 1.187903254e-05
50584.7 1.267624770e-05
50596.7 1.360204853e-05
50608.7 1.523172280e-05
50620.7 1.633380745e-05
50632.7 1.740996700e-05
50644.7 1.728807504e-05
50656.7 1.718148701e-05
50668.8 1.704704739e-05
50680.8 1.711500368e-05
50692.8 1.694484593e-05
50704.8 1.722757377e-05
50716.8 1.654677190e-05
50728.8 1.594894203e-05
50740.8 1.523725039e-05
50752.8 1.463968238e-05
50764.8 1.415710982e-05
50776.8 1.375666806e-05
50788.8 1.258011253e-05
50800.9 1.157186451e-05
50812.9 1.081949201e-05
50824.9 1.065310745e-05
50836.9 1.047404285e-05
50848.9 1.044983097e-05
50860.9 1.048893409e-05
50872.9 1.030598034e-05
50884.9 1.068074670e-05
50896.9 1.197430998e-05
50908.9 1.324289266e-05
50921.0 1.388824529e-05
50933.0 1.318296070e-05
50945.0 1.087078174e-05
50957.0 8.878246291e-06
50969.0 6.977576189e-06
50981.0 5.762868523e-06
50993.0 5.257645664e-06
