19409.7 0.000000000e+00
19425.8 0.000000000e+00
19441.8 0.000000000e+00
19457.9 0.000000000e+00
19474.0 0.000000000e+00
19490.1 0.000000000e+00
19506.2 0.000000000e+00
19522.2 0.000000000e+00
19538.3 0.000000000e+00
19554.4 0.000000000e+00
19570.5 0.000000000e+00
19586.6 0.000000000e+00
19602.6 0.000000000e+00
19618.7 0.000000000e+00
19634.8 0.000000000e+00
19650.9 0.000000000e+00
19667.0 0.000000000e+00
19683.0 0.000000000e+00
19699.1 0.000000000e+00
19715.2 0.000000000e+00
19731.3 0.000000000e+00
19747.4 0.000000000e+00
19763.5 0.000000000e+00
19779.5 0.000000000e+00
19795.6 0.000000000e+00
19811.7 0.000000000e+00
19827.8 0.000000000e+00
19843.9 0.000000000e+00
19859.9 0.000000000e+00
19876.0 0.000000000e+00
19892.1 0.000000000e+00
19908.2 0.000000000e+00
19924.3 0.000000000e+00
19940.3 0.000000000e+00
19956.4 0.000000000e+00
19972.5 0.000000000e+00
19988.6 0.000000000e+00
20004.7 5.059764325e-12
20020.7 5.146661632e-12
20036.8 4.940244583e-12
20052.9 4.449740085e-12
20069.0 4.060246015e-12
20085.1 3.692479210e-12
20101.1 3.251000294e-12
20117.2 2.846534864e-12
20133.3 2.599033603e-12
20149.4 2.519777118e-12
20165.5 2.534092815e-12
20181.6 2.594083099e-12
20197.6 2.547083972e-12
20213.7 2.549375608e-12
20229.8 2.646953848e-12
20245.9 2.636266818e-12
20262.0 2.523308343e-12
20278.0 2.380957526e-12
20294.1 2.362360754e-12
20310.2 2.352692251e-12
20326.3 2.303392529e-12
20342.4 2.263273728e-12
20358.4 2.336937046e-12
20374.5 2.423239213e-12
20390.6 2.504490437e-12
20406.7 2.582711988e-12
20422.8 2.550148058e-12
20438.8 2.529970862e-12
20454.9 2.578279001e-12
20471.0 2.577266061e-12
20487.1 2.475197853e-12
20503.2 2.432067477e-12
20519.3 2.521318920e-12
20535.3 2.632134966e-12
20551.4 2.598911748e-12
20567.5 2.629335146e-12
20583.6 2.859791397e-12
20599.7 3.218807633e-12
20615.7 3.541892459e-12
20631.8 3.863940360e-12
20647.9 4.204495906e-12
20664.0 4.681664282e-12
20680.1 5.350827456e-12
20696.1 5.987000769e-12
20712.2 6.315125308e-12
20728.3 6.649022211e-12
20744.4 7.305356903e-12
20760.5 8.001003445e-12
20776.5 8.000619588e-12
20792.6 7.742638218e-12
20808.7 7.574903920e-12
20824.8 7.769090080e-12
20840.9 7.531128074e-12
20857.0 7.026062941e-12
20873.0 6.282023576e-12
20889.1 6.513826133e-12
20905.2 7.635602675e-12
20921.3 8.949543925e-12
20937.4 9.312131331e-12
20953.4 8.275177932e-12
20969.5 8.680624373e-12
20985.6 9.989624336e-12
21001.7 1.039967025e-11
21017.8 7.157667637e-12
21033.8 4.357922618e-12
21049.9 1.980021645e-12
21066.0 1.872315549e-12
21082.1 2.053864644e-12
21098.2 2.100687399e-12
21114.2 1.189530708e-12
21130.3 2.999549593e-12
21146.4 3.348074016e-12
21162.5 3.521340119e-12
21178.6 3.552782260e-12
21194.7 4.180637588e-12
21210.7 6.235986602e-12
21226.8 9.318919734e-12
21242.9 1.030527947e-11
21259.0 7.788183435e-12
21275.1 7.472448606e-12
21291.1 7.706767715e-12
21307.2 8.895540967e-12
21323.3 7.921613967e-12
21339.4 6.014978902e-12
21355.5 3.337811852e-12
21371.5 2.154152505e-12
21387.6 1.973544686e-12
21403.7 1.883200721e-12
21419.8 1.457296693e-12
21435.9 2.007179106e-13
21451.9 1.367945959e-13
21468.0 1.356554869e-13
21484.1 1.352831438e-13
21500.2 1.352364402e-13
21516.3 1.355884625e-13
21532.4 1.363177504e-13
21548.4 1.371505733e-13
21564.5 1.385513859e-13
21580.6 1.398911363e-13
21596.7 1.419229804e-13
21612.8 1.444118977e-13
21628.8 1.466961875e-13
21644.9 1.496179672e-13
21661.0 1.529092145e-13
21677.1 1.565844240e-13
21693.2 1.606459705e-13
21709.2 1.647474692e-13
21725.3 1.698710934e-13
21741.4 1.753089236e-13
21757.5 1.813145487e-13
21773.6 1.888541324e-13
21789.6 2.633940808e-13
21805.7 1.378469880e-12
21821.8 1.667634414e-12
21837.9 1.758094147e-12
21854.0 1.859235988e-12
21870.1 2.146663478e-12
21886.1 3.197928843e-12
21902.2 3.458080241e-12
21918.3 3.569859001e-12
21934.4 2.204484859e-12
21950.5 3.987510579e-12
21966.5 1.294737582e-11
21982.6 2.462388004e-11
21998.7 3.949070933e-11
22014.8 5.762965545e-11
22030.9 8.283733032e-11
22046.9 1.164771089e-10
22063.0 1.611726196e-10
22079.1 2.085647753e-10
22095.2 2.445691561e-10
22111.3 2.805182715e-10
22127.3 3.291906207e-10
22143.4 3.983457756e-10
22159.5 4.678027057e-10
22175.6 7.936712187e-10
22191.7 1.230600131e-09
22207.7 1.650591665e-09
22217.9 2.052519922e-09
22229.9 2.597572505e-09
22241.9 3.296663057e-09
22253.9 4.066192542e-09
22265.9 4.928257877e-09
22277.9 5.138271810e-09
22289.9 5.460649470e-09
22301.9 5.948141568e-09
22313.9 6.506643786e-09
22326.0 7.232688704e-09
22338.0 7.912101605e-09
22350.0 8.384900176e-09
22362.0 9.173657179e-09
22374.0 9.878724844e-09
22386.0 1.051701311e-08
22398.0 1.164073528e-08
22410.0 1.277602390e-08
22422.0 1.380703209e-08
22434.0 1.462840191e-08
22446.1 1.626880306e-08
22458.1 1.783078488e-08
22470.1 2.014684768e-08
22482.1 2.315538314e-08
22494.1 2.652892007e-08
22506.1 2.955692133e-08
22518.1 3.475214825e-08
22530.1 4.235280998e-08
22542.1 4.977911565e-08
22554.1 5.768498225e-08
22566.1 6.735463613e-08
22578.2 7.755592757e-08
22590.2 8.723975725e-08
22602.2 1.027192876e-07
22614.2 1.175973314e-07
22626.2 1.338097611e-07
22638.2 1.514793281e-07
22650.2 1.707270422e-07
22662.2 1.851710355e-07
22674.2 2.012826009e-07
22686.2 2.189528512e-07
22698.3 2.374070567e-07
22710.3 2.458582983e-07
22722.3 2.523490901e-07
22734.3 2.615750115e-07
22746.3 2.701021480e-07
22758.3 2.891999628e-07
22770.3 3.063516571e-07
22782.3 3.172009741e-07
22794.3 3.194337282e-07
22806.3 3.400557978e-07
22818.4 3.617313356e-07
22830.4 3.818526683e-07
22842.4 4.066082960e-07
22854.4 4.343584788e-07
22866.4 4.643195050e-07
22878.4 5.083020731e-07
22890.4 5.674976071e-07
22902.4 6.274287795e-07
22914.4 7.025426987e-07
22926.4 7.847406578e-07
22938.4 8.890436584e-07
22950.5 9.958226328e-07
22962.5 1.119311449e-06
22974.5 1.265503221e-06
22986.5 1.443568955e-06
22998.5 1.637381212e-06
23010.5 1.853832319e-06
23022.5 2.123378000e-06
23034.5 2.423886575e-06
23046.5 2.768948968e-06
23058.5 3.170784862e-06
23070.6 3.619834565e-06
23082.6 4.113923910e-06
23094.6 4.745234750e-06
23106.6 5.475159645e-06
23118.6 6.317337891e-06
23130.6 7.285248141e-06
23142.6 8.460659739e-06
23154.6 9.901026674e-06
23166.6 1.166546623e-05
23178.6 1.368909736e-05
23190.7 1.590473456e-05
23202.7 1.854416086e-05
23214.7 2.173713129e-05
23226.7 2.540832140e-05
23238.7 2.947741419e-05
23250.7 3.385815266e-05
23262.7 3.861268333e-05
23274.7 4.421542231e-05
23286.7 5.059401869e-05
23298.7 5.773051849e-05
23310.7 6.533674779e-05
23322.8 7.400629184e-05
23334.8 8.417687162e-05
23346.8 9.607162915e-05
23358.8 1.095382483e-04
23370.8 1.248066619e-04
23382.8 1.429870768e-04
23394.8 1.633917924e-04
23406.8 1.868490609e-04
23418.8 2.131405853e-04
23430.8 2.431750995e-04
23442.9 2.775922805e-04
23454.9 3.180162925e-04
23466.9 3.652873692e-04
23478.9 4.202268553e-04
23490.9 4.868399652e-04
23502.9 5.670824715e-04
23514.9 6.650517171e-04
23526.9 7.836490531e-04
23538.9 9.289537779e-04
23550.9 1.105696292e-03
23563.0 1.321637288e-03
23575.0 1.583472377e-03
23587.0 1.895893466e-03
23599.0 2.269551743e-03
23611.0 2.710443825e-03
23623.0 3.218198688e-03
23635.0 3.799531358e-03
23647.0 4.452313334e-03
23659.0 5.170882863e-03
23671.0 5.951750509e-03
23683.0 6.788165664e-03
23695.1 7.675375239e-03
23707.1 8.596374633e-03
23719.1 9.553281345e-03
23731.1 1.054273872e-02
23743.1 1.155537799e-02
23755.1 1.254331163e-02
23767.1 1.361234289e-02
23779.1 1.477556260e-02
23791.1 1.605435028e-02
23803.1 1.748523799e-02
23815.2 1.910344926e-02
23827.2 2.092812205e-02
23839.2 2.301823229e-02
23851.2 2.541622513e-02
23863.2 2.819807028e-02
23875.2 3.145879372e-02
23887.2 3.526997380e-02
23899.2 3.970945115e-02
23911.2 4.490514482e-02
23923.2 5.097117047e-02
23935.3 5.802141642e-02
23947.3 6.621309665e-02
23959.3 7.554430821e-02
23971.3 8.605038270e-02
23983.3 9.771363114e-02
23995.3 1.104071697e-01
24007.3 1.239144553e-01
24019.3 1.379342685e-01
24031.3 1.521042351e-01
24043.3 1.660313382e-01
24055.3 1.793331956e-01
24067.4 1.916816471e-01
24079.4 2.028436181e-01
24091.4 2.127089010e-01
24103.4 2.212887252e-01
24115.4 2.287125576e-01
24127.4 2.352065691e-01
24139.4 2.410623302e-01
24151.4 2.465984360e-01
24163.4 2.521245349e-01
24175.4 2.579077464e-01
24187.5 2.641461719e-01
24199.5 2.710061431e-01
24211.5 2.785168715e-01
24223.5 2.867757399e-01
24235.5 2.951056484e-01
24247.5 3.035566541e-01
24259.5 3.118746547e-01
24271.5 3.198096281e-01
24283.5 3.271478306e-01
24295.5 3.337379947e-01
24307.6 3.395063065e-01
24319.6 3.444582346e-01
24331.6 3.486723519e-01
24343.6 3.522800379e-01
24355.6 3.554462816e-01
24367.6 3.583394165e-01
24379.6 3.611194869e-01
24391.6 3.639272222e-01
24403.6 3.668735457e-01
24415.6 3.700423382e-01
24427.6 3.734940079e-01
24439.7 3.772684364e-01
24451.7 3.813818214e-01
24463.7 3.858300650e-01
24475.7 3.903348657e-01
24487.7 3.951668880e-01
24499.7 4.001605602e-01
24511.7 4.052493056e-01
24523.7 4.104174842e-01
24535.7 4.155841336e-01
24547.7 4.206639006e-01
24559.8 4.255801290e-01
24571.8 4.302627259e-01
24583.8 4.346291652e-01
24595.8 4.386565044e-01
24607.8 4.423137384e-01
24619.8 4.455837986e-01
24631.8 4.484646620e-01
24643.8 4.509724654e-01
24655.8 4.531281964e-01
24667.8 4.549609173e-01
24679.8 4.565048387e-01
24691.9 4.579311011e-01
24703.9 4.590632258e-01
24715.9 4.600498976e-01
24727.9 4.609171765e-01
24739.9 4.621214848e-01
24751.9 4.628178416e-01
24763.9 4.633538811e-01
24775.9 4.638663031e-01
24787.9 4.643596046e-01
24799.9 4.648665987e-01
24812.0 4.650951213e-01
24824.0 4.650974597e-01
24836.0 4.654868083e-01
24848.0 4.657223154e-01
24860.0 4.659867420e-01
24872.0 4.662141792e-01
24884.0 4.663171142e-01
24896.0 4.663211266e-01
24908.0 4.663246833e-01
24920.0 4.662401820e-01
24932.1 4.660645383e-01
24944.1 4.657956739e-01
24956.1 4.654335904e-01
24968.1 4.649813855e-01
24980.1 4.644444590e-01
24992.1 4.638224167e-01
25004.1 4.631289156e-01
25016.1 4.623784545e-01
25028.1 4.615709283e-01
25040.1 4.606358582e-01
25052.1 4.596527977e-01
25064.2 4.586489902e-01
25076.2 4.576319121e-01
25088.2 4.566181802e-01
25100.2 4.556191170e-01
25112.2 4.546430312e-01
25124.2 4.537021752e-01
25136.2 4.528092179e-01
25148.2 4.519693482e-01
25160.2 4.511911525e-01
25172.2 4.504846950e-01
25184.3 4.498522643e-01
25196.3 4.492991330e-01
25208.3 4.488319479e-01
25220.3 4.484536538e-01
25232.3 4.481628318e-01
25244.3 4.479619942e-01
25256.3 4.478495089e-01
25268.3 4.478231724e-01
25280.3 4.478855404e-01
25292.3 4.480318082e-01
25304.4 4.482563919e-01
25316.4 4.485565501e-01
25328.4 4.489276453e-01
25340.4 4.493636245e-01
25352.4 4.498611712e-01
25364.4 4.504131807e-01
25376.4 4.510090743e-01
25388.4 4.516433937e-01
25400.4 4.523128196e-01
25412.4 4.530481934e-01
25424.4 4.538034007e-01
25436.5 4.545702944e-01
25448.5 4.553424663e-01
25460.5 4.561162666e-01
25472.5 4.568874928e-01
25484.5 4.576506662e-01
25496.5 4.584011594e-01
25508.5 4.591545883e-01
25520.5 4.598937937e-01
25532.5 4.606131640e-01
25544.5 4.613078110e-01
25556.6 4.619758378e-01
25568.6 4.626165023e-01
25580.6 4.632294086e-01
25592.6 4.638148242e-01
25604.6 4.643722896e-01
25616.6 4.649064384e-01
25628.6 4.654151905e-01
25640.6 4.659013678e-01
25652.6 4.663648410e-01
25664.6 4.668104878e-01
25676.7 4.672432466e-01
25688.7 4.676562880e-01
25700.7 4.680928020e-01
25712.7 4.689895229e-01
25724.7 4.693722554e-01
25736.7 4.697514818e-01
25748.7 4.701317126e-01
25760.7 4.705083272e-01
25772.7 4.707469905e-01
25784.7 4.707707926e-01
25796.7 4.711463924e-01
25808.8 4.715257789e-01
25820.8 4.719189890e-01
25832.8 4.723391455e-01
25844.8 4.727643373e-01
25856.8 4.731922062e-01
25868.8 4.736249828e-01
25880.8 4.740560456e-01
25892.8 4.744929511e-01
25904.8 4.749149215e-01
25916.8 4.753389403e-01
25928.9 4.757699790e-01
25940.9 4.761420927e-01
25952.9 4.760522279e-01
25964.9 4.764547612e-01
25976.9 4.772242092e-01
25988.9 4.777732840e-01
26000.9 4.781150890e-01
26012.9 4.780505865e-01
26024.9 4.779165410e-01
26036.9 4.777663911e-01
26049.0 4.775956408e-01
26061.0 4.774025001e-01
26073.0 4.771916386e-01
26085.0 4.769593645e-01
26097.0 4.767058651e-01
26109.0 4.764383865e-01
26121.0 4.761442524e-01
26133.0 4.756884610e-01
26145.0 4.751799545e-01
26157.0 4.751708909e-01
26169.0 4.751419970e-01
26181.1 4.756572601e-01
26193.1 4.756128146e-01
26205.1 4.755571750e-01
26217.1 4.754979494e-01
26229.1 4.754324347e-01
26241.1 4.753650918e-01
26253.1 4.752996690e-01
26265.1 4.752335166e-01
26277.1 4.751664668e-01
26289.1 4.751104328e-01
26301.2 4.750593850e-01
26313.2 4.750214504e-01
26325.2 4.749985592e-01
26337.2 4.749813787e-01
26349.2 4.754788920e-01
26361.2 4.755403527e-01
26373.2 4.755668633e-01
26385.2 4.756079900e-01
26397.2 4.756693085e-01
26409.2 4.757416333e-01
26421.3 4.758271844e-01
26433.3 4.759306010e-01
26445.3 4.760495348e-01
26457.3 4.761819253e-01
26469.3 4.763278805e-01
26481.3 4.764838075e-01
26493.3 4.766489590e-01
26505.3 4.765068165e-01
26517.3 4.763523040e-01
26529.3 4.769506615e-01
26541.3 4.770719533e-01
26553.4 4.771522866e-01
26565.4 4.772286246e-01
26577.4 4.773031907e-01
26589.4 4.773739072e-01
26601.4 4.773653276e-01
26613.4 4.767922869e-01
26625.4 4.764377601e-01
26637.4 4.764343569e-01
26649.4 4.764276411e-01
26661.4 4.763969392e-01
26673.5 4.763658267e-01
26685.5 4.766318641e-01
26697.5 4.768373857e-01
26709.5 4.767978826e-01
26721.5 4.761980892e-01
26733.5 4.761603284e-01
26745.5 4.761227124e-01
26757.5 4.760977877e-01
26769.5 4.760714367e-01
26781.5 4.760343754e-01
26793.5 4.759983892e-01
26805.6 4.759537879e-01
26817.6 4.759009324e-01
26829.6 4.753055297e-01
26841.6 4.752050599e-01
26853.6 4.751222808e-01
26865.6 4.753326471e-01
26877.6 4.754749258e-01
26889.6 4.753816917e-01
26901.6 4.752898194e-01
26913.6 4.752089004e-01
26925.7 4.748221408e-01
26937.7 4.745171637e-01
26949.7 4.744644813e-01
26961.7 4.744250879e-01
26973.7 4.743987938e-01
26985.7 4.743870687e-01
26997.7 4.748011670e-01
27009.7 4.750207453e-01
27021.7 4.750527954e-01
27033.7 4.749347441e-01
27045.8 4.754126233e-01
27057.8 4.755550844e-01
27069.8 4.756964824e-01
27081.8 4.758375844e-01
27093.8 4.759791727e-01
27105.8 4.761120399e-01
27117.8 4.762396226e-01
27129.8 4.763564791e-01
27141.8 4.759071259e-01
27153.8 4.760007003e-01
27165.8 4.760780433e-01
27177.9 4.761473660e-01
27189.9 4.762023600e-01
27201.9 4.762386251e-01
27213.9 4.764773474e-01
27225.9 4.768258726e-01
27237.9 4.763924019e-01
27249.9 4.762677470e-01
27261.9 4.762543783e-01
27273.9 4.762237695e-01
27285.9 4.761793033e-01
27298.0 4.761326696e-01
27310.0 4.760662790e-01
27322.0 4.759932441e-01
27334.0 4.756923468e-01
27346.0 4.752721095e-01
27358.0 4.751813746e-01
27370.0 4.750896027e-01
27382.0 4.750026069e-01
27394.0 4.749192529e-01
27406.0 4.751740270e-01
27418.1 4.753212987e-01
27430.1 4.752670951e-01
27442.1 4.751151982e-01
27454.1 4.746523640e-01
27466.1 4.746467188e-01
27478.1 4.746537982e-01
27490.1 4.746823900e-01
27502.1 4.746531553e-01
27514.1 4.742795121e-01
27526.1 4.735918881e-01
27538.1 4.730526733e-01
27550.2 4.727465612e-01
27562.2 4.723414636e-01
27574.2 4.716506059e-01
27586.2 4.714130198e-01
27598.2 4.716384950e-01
27610.2 4.715377977e-01
27622.2 4.709083779e-01
27634.2 4.711700043e-01
27646.2 4.713850722e-01
27658.2 4.716285046e-01
27670.3 4.713399648e-01
27682.3 4.716327380e-01
27694.3 4.719458068e-01
27706.3 4.719281191e-01
27718.3 4.720748366e-01
27730.3 4.724425943e-01
27742.3 4.728265343e-01
27754.3 4.729774746e-01
27766.3 4.730620112e-01
27778.3 4.734665708e-01
27790.4 4.744121347e-01
27802.4 4.746924482e-01
27814.4 4.746730371e-01
27826.4 4.750766791e-01
27838.4 4.754716932e-01
27850.4 4.758398929e-01
27862.4 4.756795743e-01
27874.4 4.760456341e-01
27886.4 4.763990374e-01
27898.4 4.767358082e-01
27910.4 4.764942492e-01
27922.5 4.767970114e-01
27934.5 4.770820220e-01
27946.5 4.769781586e-01
27958.5 4.770242465e-01
27970.5 4.772484838e-01
27982.5 4.775871659e-01
27994.5 4.779202655e-01
28006.5 4.777723777e-01
28018.5 4.779169135e-01
28030.5 4.780401872e-01
28042.6 4.780024332e-01
28054.6 4.776688905e-01
28066.6 4.777439100e-01
28078.6 4.778037850e-01
28090.6 4.778172976e-01
28102.6 4.773158111e-01
28114.6 4.773371259e-01
28126.6 4.773513516e-01
28138.6 4.773566242e-01
28150.6 4.767891752e-01
28162.7 4.767807388e-01
28174.7 4.767716960e-01
28186.7 4.771195027e-01
28198.7 4.767975273e-01
28210.7 4.767123596e-01
28222.7 4.767051244e-01
28234.7 4.767021717e-01
28246.7 4.767047240e-01
28258.7 4.767127900e-01
28270.7 4.767241554e-01
28282.7 4.767433930e-01
28294.8 4.767688465e-01
28306.8 4.768061675e-01
28318.8 4.768505695e-01
28330.8 4.769046389e-01
28342.8 4.769653056e-01
28354.8 4.770448425e-01
28366.8 4.767575330e-01
28378.8 4.766861976e-01
28390.8 4.768061573e-01
28402.8 4.770910408e-01
28414.9 4.776200188e-01
28426.9 4.777726868e-01
28438.9 4.779371815e-01
28450.9 4.781089881e-01
28462.9 4.782939319e-01
28474.9 4.784894868e-01
28486.9 4.786959627e-01
28498.9 4.789084620e-01
28510.9 4.791315667e-01
28522.9 4.793633519e-01
28535.0 4.796050072e-01
28547.0 4.798546275e-01
28559.0 4.801120852e-01
28571.0 4.803768914e-01
28583.0 4.806499396e-01
28595.0 4.809308276e-01
28607.0 4.808148332e-01
28619.0 4.809349557e-01
28631.0 4.812319245e-01
28643.0 4.817029238e-01
28655.0 4.823922631e-01
28667.1 4.827078146e-01
28679.1 4.830251239e-01
28691.1 4.833477881e-01
28703.1 4.836718557e-01
28715.1 4.839988993e-01
28727.1 4.843255005e-01
28739.1 4.846519272e-01
28751.1 4.849754786e-01
28763.1 4.852977279e-01
28775.1 4.856152873e-01
28787.2 4.859269250e-01
28799.2 4.862305184e-01
28811.2 4.865254427e-01
28823.2 4.868099502e-01
28835.2 4.870813248e-01
28847.2 4.873394698e-01
28859.2 4.870458324e-01
28871.2 4.872253937e-01
28883.2 4.874295169e-01
28895.2 4.876134787e-01
28907.2 4.877739612e-01
28919.3 4.879125634e-01
28931.3 4.885763852e-01
28943.3 4.886630804e-01
28955.3 4.887201904e-01
28967.3 4.887492714e-01
28979.3 4.887491238e-01
28991.3 4.887201184e-01
29003.3 4.886597158e-01
29015.3 4.885687217e-01
29027.3 4.884449789e-01
29039.4 4.882919609e-01
29051.4 4.881076748e-01
29063.4 4.878934675e-01
29075.4 4.876497051e-01
29087.4 4.873784369e-01
29099.4 4.870799255e-01
29111.4 4.861743307e-01
29123.4 4.858275669e-01
29135.4 4.854597943e-01
29147.4 4.850726516e-01
29159.5 4.846701423e-01
29171.5 4.842532905e-01
29183.5 4.838264559e-01
29195.5 4.833937538e-01
29207.5 4.829573021e-01
29219.5 4.825201694e-01
29231.5 4.820833999e-01
29243.5 4.816505084e-01
29255.5 4.812253094e-01
29267.5 4.812324043e-01
29279.5 4.809843476e-01
29291.6 4.806180638e-01
29303.6 4.802692097e-01
29315.6 4.799392311e-01
29327.6 4.796312839e-01
29339.6 4.793479294e-01
29351.6 4.790909092e-01
29363.6 4.788615435e-01
29375.6 4.783389277e-01
29387.6 4.779170920e-01
29399.6 4.777756230e-01
29411.7 4.776663817e-01
29423.7 4.775882674e-01
29435.7 4.778656997e-01
29447.7 4.780972569e-01
29459.7 4.781111775e-01
29471.7 4.781551003e-01
29483.7 4.782273735e-01
29495.7 4.783257135e-01
29507.7 4.788329105e-01
29519.7 4.790908154e-01
29531.8 4.792579300e-01
29543.8 4.794427783e-01
29555.8 4.796435750e-01
29567.8 4.798590885e-01
29579.8 4.800862396e-01
29591.8 4.803239766e-01
29603.8 4.805682363e-01
29615.8 4.808170592e-01
29627.8 4.810684376e-01
29639.8 4.813212473e-01
29651.8 4.815749896e-01
29663.9 4.818245977e-01
29675.9 4.820681250e-01
29687.9 4.823054861e-01
29699.9 4.825364858e-01
29711.9 4.827607913e-01
29723.9 4.829762476e-01
29735.9 4.831813485e-01
29747.9 4.833776649e-01
29759.9 4.846812813e-01
29771.9 4.848696253e-01
29784.0 4.850412534e-01
29796.0 4.852055271e-01
29808.0 4.853633483e-01
29820.0 4.855168323e-01
29832.0 4.856662858e-01
29844.0 4.858128590e-01
29856.0 4.859561059e-01
29868.0 4.861011097e-01
29880.0 4.862488553e-01
29892.0 4.869022204e-01
29904.1 4.870553281e-01
29916.1 4.872161656e-01
29928.1 4.873840804e-01
29940.1 4.875633619e-01
29952.1 4.877530853e-01
29964.1 4.879548228e-01
29976.1 4.881689825e-01
29988.1 4.883997535e-01
30000.1 4.886460978e-01
30012.1 4.890294309e-01
30024.1 4.897195982e-01
30036.2 4.900271694e-01
30048.2 4.903497201e-01
30060.2 4.906985759e-01
30072.2 4.916269817e-01
30084.2 4.919914514e-01
30096.2 4.923675002e-01
30108.2 4.927515474e-01
30120.2 4.931439052e-01
30132.2 4.935397381e-01
30144.2 4.939403673e-01
30156.3 4.943400345e-01
30168.3 4.947395773e-01
30180.3 4.951331579e-01
30192.3 4.955209612e-01
30204.3 4.958990935e-01
30216.3 4.962664623e-01
30228.3 4.966160625e-01
30240.3 4.969487177e-01
30252.3 4.972585337e-01
30264.3 4.975472174e-01
30276.4 4.978105005e-01
30288.4 4.980468674e-01
30300.4 4.982549228e-01
30312.4 4.984324444e-01
30324.4 4.985829701e-01
30336.4 4.987043557e-01
30348.4 4.987972043e-01
30360.4 4.988827812e-01
30372.4 4.994857563e-01
30384.4 4.994884605e-01
30396.4 4.994659480e-01
30408.5 4.994160462e-01
30420.5 4.993432627e-01
30432.5 4.992452321e-01
30444.5 4.991294098e-01
30456.5 4.989968594e-01
30468.5 4.988527151e-01
30480.5 4.987242157e-01
30492.5 4.990516084e-01
30504.5 4.988858995e-01
30516.5 4.987188412e-01
30528.6 4.985572482e-01
30540.6 4.984013200e-01
30552.6 4.982573209e-01
30564.6 4.981228953e-01
30576.6 4.980060208e-01
30588.6 4.979053407e-01
30600.6 4.978280023e-01
30612.6 4.977730447e-01
30624.6 4.977436114e-01
30636.6 4.977389618e-01
30648.7 4.977614209e-01
30660.7 4.984051620e-01
30672.7 4.984814133e-01
30684.7 4.988454976e-01
30696.7 4.992660011e-01
30708.7 4.994113537e-01
30720.7 4.995725241e-01
30732.7 4.997500911e-01
30744.7 4.999318419e-01
30756.7 5.001166162e-01
30768.7 5.002951337e-01
30780.8 5.004629725e-01
30792.8 5.006096696e-01
30804.8 5.007227870e-01
30816.8 5.007908547e-01
30828.8 5.007984032e-01
30840.8 5.007374416e-01
30852.8 5.005874252e-01
30864.8 5.003346101e-01
30876.8 4.999556307e-01
30888.8 4.994349621e-01
30900.9 4.987410406e-01
30912.9 4.978559480e-01
30924.9 4.967556206e-01
30936.9 4.958155757e-01
30948.9 4.943781691e-01
30960.9 4.924540167e-01
30972.9 4.901998663e-01
30984.9 4.875723412e-01
30996.9 4.845535900e-01
31008.9 4.811095021e-01
31021.0 4.772044282e-01
31033.0 4.728117013e-01
31045.0 4.679109974e-01
31057.0 4.624730243e-01
31069.0 4.564717750e-01
31081.0 4.499140511e-01
31093.0 4.427812608e-01
31105.0 4.350575882e-01
31117.0 4.267518341e-01
31129.0 4.178798047e-01
31141.0 4.084469593e-01
31153.1 3.984775248e-01
31165.1 3.880101050e-01
31177.1 3.770795023e-01
31189.1 3.657164479e-01
31201.1 3.540258878e-01
31213.1 3.423333161e-01
31225.1 3.299965444e-01
31237.1 3.174520094e-01
31249.1 3.047654993e-01
31261.1 2.919981763e-01
31273.2 2.792038434e-01
31285.2 2.664496512e-01
31297.2 2.537975264e-01
31309.2 2.412973740e-01
31321.2 2.290012742e-01
31333.2 2.169603640e-01
31345.2 2.052194179e-01
31357.2 1.938131254e-01
31369.2 1.827758177e-01
31381.2 1.721387624e-01
31393.2 1.619192465e-01
31405.3 1.521356204e-01
31417.3 1.427992010e-01
31429.3 1.339182370e-01
31441.3 1.254908770e-01
31453.3 1.175158101e-01
31465.3 1.099897631e-01
31477.3 1.029901179e-01
31489.3 9.635292071e-02
31501.3 9.009320385e-02
31513.3 8.423224519e-02
31525.4 7.875045926e-02
31537.4 7.363164312e-02
31549.4 6.885667989e-02
31561.4 6.440476661e-02
31573.4 6.025946897e-02
31585.4 5.640064777e-02
31597.4 5.281381537e-02
31609.4 4.947859277e-02
31621.4 4.637990165e-02
31633.4 4.350031453e-02
31645.5 4.082433555e-02
31657.5 3.834035454e-02
31669.5 3.603154092e-02
31681.5 3.388726639e-02
31693.5 3.189275368e-02
31705.5 3.003952462e-02
31717.5 2.831644738e-02
31729.5 2.674367493e-02
31741.5 2.525251092e-02
31753.5 2.386072237e-02
31765.5 2.256605617e-02
31777.6 2.135894194e-02
31789.6 2.023370607e-02
31801.6 1.918290637e-02
31813.6 1.820096371e-02
31825.6 1.728406960e-02
31837.6 1.642502110e-02
31849.6 1.562232641e-02
31861.6 1.486912965e-02
31873.6 1.416331584e-02
31885.6 1.350106358e-02
31897.7 1.287861081e-02
31909.7 1.229496248e-02
31921.7 1.174485806e-02
31933.7 1.122846398e-02
31945.7 1.074124787e-02
31957.7 1.028217336e-02
31969.7 9.848859180e-03
31981.7 9.449581041e-03
31993.7 9.061606384e-03
32005.7 8.691560770e-03
32017.8 8.340860200e-03
32029.8 8.006806231e-03
32041.8 7.688623920e-03
32053.8 7.385887353e-03
32065.8 7.095910354e-03
32077.8 6.820345349e-03
32089.8 6.556223738e-03
32101.8 6.304708736e-03
32113.8 6.063408501e-03
32125.8 5.827469828e-03
32137.8 5.603443064e-03
32149.9 5.389559196e-03
32161.9 5.184680063e-03
32173.9 4.985995641e-03
32185.9 4.793928589e-03
32197.9 4.608875449e-03
32209.9 4.429655567e-03
32221.9 4.262760575e-03
32233.9 4.094782391e-03
32245.9 3.932743432e-03
32257.9 3.775712290e-03
32270.0 3.623449511e-03
32282.0 3.476626623e-03
32294.0 3.332924877e-03
32306.0 3.194663748e-03
32318.0 3.059734984e-03
32330.0 2.928852885e-03
32342.0 2.802291342e-03
32354.0 2.678644242e-03
32366.0 2.559986602e-03
32378.0 2.444401680e-03
32390.1 2.332916238e-03
32402.1 2.224699337e-03
32414.1 2.119740736e-03
32426.1 2.019304868e-03
32438.1 1.921243246e-03
32450.1 1.829961347e-03
32462.1 1.739790614e-03
32474.1 1.652967364e-03
32486.1 1.570073411e-03
32498.1 1.489461177e-03
32510.1 1.412889159e-03
32522.2 1.338660287e-03
32534.2 1.267817394e-03
32546.2 1.200258680e-03
32558.2 1.134633405e-03
32570.2 1.072878270e-03
32582.2 1.013322450e-03
32594.2 9.567727267e-04
32606.2 9.029499701e-04
32618.2 8.514905545e-04
32630.2 8.035241349e-04
32642.3 7.567290232e-04
32654.3 7.123493860e-04
32666.3 6.701077356e-04
32678.3 6.301833223e-04
32690.3 5.927611768e-04
32702.3 5.566329373e-04
32714.3 5.228650907e-04
32726.3 4.906456817e-04
32738.3 4.600130370e-04
32750.3 4.320930417e-04
32762.4 4.050988882e-04
32774.4 3.806469106e-04
32786.4 3.576482971e-04
32798.4 3.353504131e-04
32810.4 3.151859405e-04
32822.4 2.956230984e-04
32834.4 2.777513912e-04
32846.4 2.605610139e-04
32858.4 2.444452537e-04
32870.4 2.302097141e-04
32882.4 2.160941588e-04
32894.5 2.037303469e-04
32906.5 1.919191061e-04
32918.5 1.807986847e-04
32930.5 1.710555452e-04
32942.5 1.613460347e-04
32954.5 1.527111795e-04
32966.5 1.441450218e-04
32978.5 1.360189822e-04
32990.5 1.289185986e-04
33002.5 1.215674827e-04
33014.6 1.149496083e-04
33026.6 1.086264698e-04
33038.6 1.026789421e-04
33050.6 9.775272036e-05
33062.6 9.268268547e-05
33074.6 8.831386088e-05
33086.6 8.419363991e-05
33098.6 8.028843221e-05
33110.6 7.716811763e-05
33122.6 7.398510479e-05
33134.7 7.132103964e-05
33146.7 6.880138181e-05
33158.7 6.627501220e-05
33170.7 6.460949577e-05
33182.7 6.253906926e-05
33194.7 6.065803961e-05
33206.7 5.880077700e-05
33218.7 5.699098258e-05
33230.7 5.606758786e-05
33242.7 5.473356095e-05
33254.7 5.314024412e-05
33266.8 5.175805188e-05
33278.8 5.059690764e-05
33290.8 4.996429425e-05
33302.8 4.923417674e-05
33314.8 4.794530976e-05
33326.8 4.674676077e-05
33338.8 4.518629961e-05
33350.8 4.399776861e-05
33362.8 4.239990423e-05
33374.8 4.070646082e-05
33386.9 3.929837275e-05
33398.9 3.787880391e-05
33410.9 3.719767612e-05
33422.9 3.649969274e-05
33434.9 3.546246626e-05
33446.9 3.479558878e-05
33458.9 3.413723759e-05
33470.9 3.340309669e-05
33482.9 3.265391231e-05
33494.9 3.170467728e-05
33506.9 3.105209521e-05
33519.0 3.040333302e-05
33531.0 2.993801879e-05
33543.0 2.963330543e-05
33555.0 2.914078972e-05
33567.0 2.874540225e-05
33579.0 2.832073738e-05
33591.0 2.773089891e-05
33603.0 2.731285554e-05
33615.0 2.686305781e-05
33627.0 2.657847684e-05
33639.1 2.644388744e-05
33651.1 2.625128777e-05
33663.1 2.632632605e-05
33675.1 2.663009833e-05
33687.1 2.689297519e-05
33699.1 2.709209271e-05
33711.1 2.692877370e-05
33723.1 2.678693959e-05
33735.1 2.675635521e-05
33747.1 2.675585387e-05
33759.2 2.682378929e-05
33771.2 2.687873097e-05
33783.2 2.695102701e-05
33795.2 2.744602480e-05
33807.2 2.805376135e-05
33819.2 2.856496166e-05
33831.2 2.892889607e-05
33843.2 2.898465113e-05
33855.2 2.912709587e-05
33867.2 2.932239802e-05
33879.2 2.954979347e-05
33891.3 2.966570156e-05
33903.3 2.947614923e-05
33915.3 2.939201826e-05
33927.3 2.994168231e-05
33939.3 3.064477161e-05
33951.3 3.132302566e-05
33963.3 3.199846984e-05
33975.3 3.290213338e-05
33987.3 3.397795162e-05
33999.3 3.529598674e-05
34011.4 3.667260434e-05
34023.4 3.756400338e-05
34035.4 3.832543152e-05
34047.4 3.910151945e-05
34059.4 3.974660607e-05
34071.4 4.015800610e-05
34083.4 4.083100110e-05
34095.4 4.187515022e-05
34107.4 4.283907843e-05
34119.4 4.431631338e-05
34131.5 4.615246471e-05
34143.5 4.757236535e-05
34155.5 4.868405376e-05
34167.5 4.982844153e-05
34179.5 5.070332325e-05
34191.5 5.171487927e-05
34203.5 5.266871507e-05
34215.5 5.299501627e-05
34227.5 5.319775287e-05
34239.5 5.382591519e-05
34251.5 5.515375892e-05
34263.6 5.618814506e-05
34275.6 5.638789458e-05
34287.6 5.623350441e-05
34299.6 5.602562969e-05
34311.6 5.651588161e-05
34323.6 5.749440941e-05
34335.6 5.773858088e-05
34347.6 5.755701440e-05
34359.6 5.786915029e-05
34371.6 5.825833612e-05
34383.7 5.880450934e-05
34395.7 5.946819522e-05
34407.7 5.935976648e-05
34419.7 5.935002248e-05
34431.7 5.980085119e-05
34443.7 6.049681588e-05
34455.7 6.098743147e-05
34467.7 6.118566088e-05
34479.7 6.183524480e-05
34491.7 6.267113332e-05
34503.8 6.287299959e-05
34515.8 6.315209743e-05
34527.8 6.267206495e-05
34539.8 6.164573141e-05
34551.8 6.133449331e-05
34563.8 6.093726891e-05
34575.8 5.999961708e-05
34587.8 5.933377353e-05
34599.8 5.867419496e-05
34611.8 5.814500863e-05
34623.8 5.849759765e-05
34635.9 5.866247220e-05
34647.9 5.918583309e-05
34659.9 6.006771139e-05
34671.9 6.044299600e-05
34683.9 6.078293218e-05
34695.9 6.085669340e-05
34707.9 6.057017819e-05
34719.9 6.035390675e-05
34731.9 5.989080530e-05
34743.9 5.894102675e-05
34756.0 5.779034848e-05
34768.0 5.634130659e-05
34780.0 5.519155715e-05
34792.0 5.437655569e-05
34804.0 5.328174228e-05
34816.0 5.265018321e-05
34828.0 5.204584082e-05
34840.0 5.149770747e-05
34852.0 5.175769542e-05
34864.0 5.139643235e-05
34876.1 5.058145642e-05
34888.1 5.016717826e-05
34900.1 4.908071750e-05
34912.1 4.829418616e-05
34924.1 4.822046583e-05
34936.1 4.728264169e-05
34948.1 4.674621753e-05
34960.1 4.720683988e-05
34972.1 4.731355007e-05
34984.1 4.796912879e-05
34996.1 4.858503115e-05
35008.2 4.774996985e-05
35020.2 4.727927965e-05
35032.2 4.709715714e-05
35044.2 4.615930552e-05
35056.2 4.594592540e-05
35068.2 4.568825690e-05
35080.2 4.534270220e-05
35092.2 4.651303245e-05
35104.2 4.757422359e-05
35116.2 4.794656661e-05
35128.3 4.850131577e-05
35140.3 4.822143161e-05
35152.3 4.777969310e-05
35164.3 4.780154977e-05
35176.3 4.662703711e-05
35188.3 4.482471012e-05
35200.3 4.381968897e-05
35212.3 4.270888932e-05
35224.3 4.227373776e-05
35236.3 4.228150763e-05
35248.4 4.190433701e-05
35260.4 4.218253659e-05
35272.4 4.251461415e-05
35284.4 4.229011367e-05
35296.4 4.247576617e-05
35308.4 4.231915944e-05
35320.4 4.141990710e-05
35332.4 4.122636776e-05
35344.4 4.064541557e-05
35356.4 3.960021097e-05
35368.4 3.936097858e-05
35380.5 3.908405165e-05
35392.5 3.929239765e-05
35404.5 4.072097424e-05
35416.5 4.145059089e-05
35428.5 4.198379423e-05
35440.5 4.320291727e-05
35452.5 4.376992139e-05
35464.5 4.465411428e-05
35476.5 4.601153628e-05
35488.5 4.574347498e-05
35500.6 4.520010008e-05
35512.6 4.526641941e-05
35524.6 4.443670738e-05
35536.6 4.383174153e-05
35548.6 4.364195070e-05
35560.6 4.276887946e-05
35572.6 4.292802120e-05
35584.6 4.330396375e-05
35596.6 4.249224798e-05
35608.6 4.261714531e-05
35620.6 4.321746461e-05
35632.7 4.340144036e-05
35644.7 4.440629135e-05
35656.7 4.469260289e-05
35668.7 4.367292164e-05
35680.7 4.364788556e-05
35692.7 4.379946452e-05
35704.7 4.344999686e-05
35716.7 4.396574412e-05
35728.7 4.379624846e-05
35740.7 4.302875383e-05
35752.8 4.342166994e-05
35764.8 4.343914183e-05
35776.8 4.307710688e-05
35788.8 4.349085683e-05
35800.8 4.310590831e-05
35812.8 4.230391120e-05
35824.8 4.229368653e-05
35836.8 4.137865082e-05
35848.8 4.014210450e-05
35860.8 3.991848453e-05
35872.9 3.937360137e-05
35884.9 3.877846689e-05
35896.9 3.936343331e-05
35908.9 3.934930576e-05
35920.9 3.898173400e-05
35932.9 3.977875459e-05
35944.9 4.006768303e-05
35956.9 4.009468283e-05
35968.9 4.116735395e-05
35980.9 4.131600691e-05
35992.9 4.094435647e-05
36005.0 4.193732268e-05
36017.0 4.244121670e-05
36029.0 4.265072034e-05
36041.0 4.362407656e-05
36053.0 4.371032814e-05
36065.0 4.347985042e-05
36077.0 4.446470834e-05
36089.0 4.465645252e-05
36101.0 4.391187691e-05
36113.0 4.391835798e-05
36125.1 4.354802645e-05
36137.1 4.338434876e-05
36149.1 4.455399453e-05
36161.1 4.505246646e-05
36173.1 4.512842730e-05
36185.1 4.636498411e-05
36197.1 4.730914610e-05
36209.1 4.800746610e-05
36221.1 4.949886622e-05
36233.1 4.995526941e-05
36245.2 4.985477231e-05
36257.2 5.105715503e-05
36269.2 5.166444664e-05
36281.2 5.190979828e-05
36293.2 5.327724177e-05
36305.2 5.418454269e-05
36317.2 5.429566375e-05
36329.2 5.526240908e-05
36341.2 5.573115127e-05
36353.2 5.513160546e-05
36365.2 5.575178204e-05
36377.3 5.623500381e-05
36389.3 5.585596300e-05
36401.3 5.672513175e-05
36413.3 5.779401811e-05
36425.3 5.817541726e-05
36437.3 5.975144433e-05
36449.3 6.129967294e-05
36461.3 6.187157886e-05
36473.3 6.355638574e-05
36485.3 6.528680895e-05
36497.4 6.578054099e-05
36509.4 6.662951547e-05
36521.4 6.784323752e-05
36533.4 6.796174903e-05
36545.4 6.854449257e-05
36557.4 6.983741675e-05
36569.4 6.956584834e-05
36581.4 6.936284994e-05
36593.4 7.000628237e-05
36605.4 6.967825757e-05
36617.5 6.977367148e-05
36629.5 7.079236790e-05
36641.5 7.038015165e-05
36653.5 6.953226368e-05
36665.5 6.928185668e-05
36677.5 6.843709355e-05
36689.5 6.734775835e-05
36701.5 6.724362329e-05
36713.5 6.656149116e-05
36725.5 6.528871381e-05
36737.5 6.561113034e-05
36749.6 6.571391230e-05
36761.6 6.488780510e-05
36773.6 6.505082317e-05
36785.6 6.494620467e-05
36797.6 6.418098220e-05
36809.6 6.413185380e-05
36821.6 6.369901712e-05
36833.6 6.230196636e-05
36845.6 6.153281943e-05
36857.6 6.136341980e-05
36869.7 6.001818067e-05
36881.7 5.876467678e-05
36893.7 5.817576867e-05
36905.7 5.668309061e-05
36917.7 5.601132439e-05
36929.7 5.638625311e-05
36941.7 5.572783541e-05
36953.7 5.526412836e-05
36965.7 5.586824252e-05
36977.7 5.615975525e-05
36989.8 5.609384745e-05
37001.8 5.687618611e-05
37013.8 5.713875187e-05
37025.8 5.629457889e-05
37037.8 5.660033032e-05
37049.8 5.631369045e-05
37061.8 5.473614326e-05
37073.8 5.446280361e-05
37085.8 5.443842188e-05
37097.8 5.340255587e-05
37109.8 5.244557648e-05
37121.9 5.193404509e-05
37133.9 5.071292841e-05
37145.9 5.001137653e-05
37157.9 5.089330952e-05
37169.9 5.035199633e-05
37181.9 4.953518418e-05
37193.9 4.998481802e-05
37205.9 4.963532758e-05
37217.9 4.877904971e-05
37229.9 4.858369310e-05
37242.0 4.848947257e-05
37254.0 4.749888138e-05
37266.0 4.725441861e-05
37278.0 4.725746882e-05
37290.0 4.575190447e-05
37302.0 4.533788399e-05
37314.0 4.560369193e-05
37326.0 4.490693506e-05
37338.0 4.413224950e-05
37350.0 4.391088729e-05
37362.1 4.333801435e-05
37374.1 4.240181338e-05
37386.1 4.306771059e-05
37398.1 4.349498895e-05
37410.1 4.309265444e-05
37422.1 4.354712662e-05
37434.1 4.369143414e-05
37446.1 4.340854191e-05
37458.1 4.384235504e-05
37470.1 4.474424869e-05
37482.1 4.417716117e-05
37494.2 4.309682542e-05
37506.2 4.315269140e-05
37518.2 4.227808523e-05
37530.2 4.165693844e-05
37542.2 4.167949359e-05
37554.2 4.091471704e-05
37566.2 3.954621747e-05
37578.2 3.914652653e-05
37590.2 3.934943440e-05
37602.2 3.844884328e-05
37614.3 3.846098327e-05
37626.3 3.875250877e-05
37638.3 3.774659475e-05
37650.3 3.697711822e-05
37662.3 3.693814935e-05
37674.3 3.679282667e-05
37686.3 3.638772586e-05
37698.3 3.717421794e-05
37710.3 3.743062502e-05
37722.3 3.670314092e-05
37734.3 3.730046477e-05
37746.4 3.826509096e-05
37758.4 3.859001392e-05
37770.4 3.875737113e-05
37782.4 3.925179565e-05
37794.4 3.867028952e-05
37806.4 3.814971963e-05
37818.4 3.881440863e-05
37830.4 3.850602069e-05
37842.4 3.751847702e-05
37854.4 3.688917244e-05
37866.5 3.634297597e-05
37878.5 3.499817636e-05
37890.5 3.463247087e-05
37902.5 3.517546543e-05
37914.5 3.463220319e-05
37926.5 3.452663784e-05
37938.5 3.507237210e-05
37950.5 3.533254215e-05
37962.5 3.510408666e-05
37974.5 3.618117294e-05
37986.6 3.711941092e-05
37998.6 3.649108579e-05
38010.6 3.663969326e-05
38022.6 3.728207041e-05
38034.6 3.769595369e-05
38046.6 3.800186911e-05
38058.6 3.891226366e-05
38070.6 3.820344294e-05
38082.6 3.642522892e-05
38094.6 3.598538879e-05
38106.6 3.588888531e-05
38118.7 3.543527128e-05
38130.7 3.524105992e-05
38142.7 3.594551435e-05
38154.7 3.544781932e-05
38166.7 3.529165958e-05
38178.7 3.629373235e-05
38190.7 3.670073051e-05
38202.7 3.621782266e-05
38214.7 3.586957894e-05
38226.7 3.599231674e-05
38238.8 3.491911664e-05
38250.8 3.510666789e-05
38262.8 3.616371091e-05
38274.8 3.649357564e-05
38286.8 3.635103495e-05
38298.8 3.681123795e-05
38310.8 3.739866653e-05
38322.8 3.678361916e-05
38334.8 3.717640632e-05
38346.8 3.771595228e-05
38358.9 3.762078265e-05
38370.9 3.744866401e-05
38382.9 3.819935153e-05
38394.9 3.825997625e-05
38406.9 3.729922045e-05
38418.9 3.704316880e-05
38430.9 3.649717173e-05
38442.9 3.526968321e-05
38454.9 3.416925585e-05
38466.9 3.413799545e-05
38478.9 3.309417142e-05
38491.0 3.221038008e-05
38503.0 3.216625439e-05
38515.0 3.226850786e-05
38527.0 3.191062483e-05
38539.0 3.196282698e-05
38551.0 3.265600262e-05
38563.0 3.227423651e-05
38575.0 3.244814866e-05
38587.0 3.325827254e-05
38599.0 3.410197940e-05
38611.1 3.397737405e-05
38623.1 3.437481454e-05
38635.1 3.488347978e-05
38647.1 3.444182317e-05
38659.1 3.399945909e-05
38671.1 3.392675222e-05
38683.1 3.373276749e-05
38695.1 3.289282281e-05
38707.1 3.283127234e-05
38719.1 3.258131886e-05
38731.2 3.173433078e-05
38743.2 3.094869585e-05
38755.2 3.120542392e-05
38767.2 3.127392584e-05
38779.2 3.085477377e-05
38791.2 3.093034974e-05
38803.2 3.102121239e-05
38815.2 3.064471835e-05
38827.2 3.028538016e-05
38839.2 3.072952613e-05
38851.2 3.048981695e-05
38863.3 2.986616063e-05
38875.3 2.953600906e-05
38887.3 2.948110989e-05
38899.3 2.874166551e-05
38911.3 2.830931509e-05
38923.3 2.829617298e-05
38935.3 2.760421749e-05
38947.3 2.644869844e-05
38959.3 2.570630593e-05
38971.3 2.518603272e-05
38983.4 2.392012874e-05
38995.4 2.293967733e-05
39007.4 2.239309815e-05
39019.4 2.208732239e-05
39031.4 2.148250824e-05
39043.4 2.164043200e-05
39055.4 2.200089569e-05
39067.4 2.187931736e-05
39079.4 2.193221097e-05
39091.4 2.259444012e-05
39103.5 2.301237925e-05
39115.5 2.279103616e-05
39127.5 2.304285549e-05
39139.5 2.337989766e-05
39151.5 2.296281696e-05
39163.5 2.247131004e-05
39175.5 2.263849813e-05
39187.5 2.247710461e-05
39199.5 2.183964354e-05
39211.5 2.127895117e-05
39223.5 2.108143558e-05
39235.6 2.029294806e-05
39247.6 1.973820556e-05
39259.6 1.955996113e-05
39271.6 1.937444160e-05
39283.6 1.841876882e-05
39295.6 1.787736982e-05
39307.6 1.783797985e-05
39319.6 1.753133234e-05
39331.6 1.725010027e-05
39343.6 1.756633847e-05
39355.7 1.831961234e-05
39367.7 1.852810431e-05
39379.7 1.931517745e-05
39391.7 2.026792876e-05
39403.7 2.087958601e-05
39415.7 2.087566635e-05
39427.7 2.095068993e-05
39439.7 2.095893053e-05
39451.7 2.025767827e-05
39463.7 1.923980530e-05
39475.8 1.877905472e-05
39487.8 1.806196456e-05
39499.8 1.720372467e-05
39511.8 1.672952702e-05
39523.8 1.685391032e-05
39535.8 1.673423789e-05
39547.8 1.651730208e-05
39559.8 1.674877488e-05
39571.8 1.689350664e-05
39583.8 1.680189823e-05
39595.8 1.686928278e-05
39607.9 1.726186600e-05
39619.9 1.710468098e-05
39631.9 1.663881553e-05
39643.9 1.656639587e-05
39655.9 1.663186118e-05
39667.9 1.629415473e-05
39679.9 1.614008367e-05
39691.9 1.658879242e-05
39703.9 1.712610634e-05
39715.9 1.697806571e-05
39728.0 1.690381476e-05
39740.0 1.692952461e-05
39752.0 1.695301837e-05
39764.0 1.676492395e-05
39776.0 1.682312026e-05
39788.0 1.678230749e-05
39800.0 1.640983836e-05
39812.0 1.623255646e-05
39824.0 1.635845410e-05
39836.0 1.625136948e-05
39848.0 1.573637466e-05
39860.1 1.529052675e-05
39872.1 1.535841501e-05
39884.1 1.509358536e-05
39896.1 1.456105153e-05
39908.1 1.437513056e-05
39920.1 1.456010275e-05
39932.1 1.436799620e-05
39944.1 1.428325600e-05
39956.1 1.445766314e-05
39968.1 1.443467595e-05
39980.2 1.373137973e-05
39992.2 1.336382934e-05
40004.2 1.346157746e-05
40016.2 1.354299352e-05
40028.2 1.369948710e-05
40040.2 1.403866540e-05
40052.2 1.438911220e-05
40064.2 1.422955100e-05
40076.2 1.419329609e-05
40088.2 1.435576927e-05
40100.3 1.440813963e-05
40112.3 1.396726465e-05
40124.3 1.372363770e-05
40136.3 1.397928810e-05
40148.3 1.429660961e-05
40160.3 1.433617205e-05
40172.3 1.443261384e-05
40184.3 1.451698433e-05
40196.3 1.435020742e-05
40208.3 1.390789078e-05
40220.3 1.347450098e-05
40232.4 1.298512064e-05
40244.4 1.203581361e-05
40256.4 1.117363751e-05
40268.4 1.075105827e-05
40280.4 1.076997124e-05
40292.4 1.067655134e-05
40304.4 1.054361309e-05
40316.4 1.054429944e-05
40328.4 1.026905005e-05
40340.4 1.015479308e-05
40352.5 1.032772404e-05
40364.5 1.059913825e-05
40376.5 1.048483195e-05
40388.5 1.037942792e-05
40400.5 1.083810240e-05
40412.5 1.155288839e-05
40424.5 1.209432228e-05
40436.5 1.235062755e-05
40448.5 1.273801620e-05
40460.5 1.313210203e-05
40472.6 1.321035474e-05
40484.6 1.307757310e-05
40496.6 1.276949408e-05
40508.6 1.227279920e-05
40520.6 1.176997026e-05
40532.6 1.162096933e-05
40544.6 1.161878437e-05
40556.6 1.170502624e-05
40568.6 1.175923401e-05
40580.6 1.197990319e-05
40592.6 1.229839452e-05
40604.7 1.242778842e-05
40616.7 1.242532374e-05
40628.7 1.248344893e-05
40640.7 1.265547641e-05
40652.7 1.233520259e-05
40664.7 1.174832614e-05
40676.7 1.116875277e-05
40688.7 1.073434328e-05
40700.7 1.026974982e-05
40712.7 9.864992313e-06
40724.8 9.617663558e-06
40736.8 9.330182863e-06
40748.8 9.137944339e-06
40760.8 9.240744503e-06
40772.8 9.707501227e-06
40784.8 1.004059198e-05
40796.8 1.014695343e-05
40808.8 1.017829126e-05
40820.8 1.024452960e-05
40832.8 1.008809737e-05
40844.9 9.715898920e-06
40856.9 9.346040453e-06
40868.9 9.126687096e-06
40880.9 8.824594139e-06
40892.9 8.479715494e-06
40904.9 8.157533836e-06
40916.9 7.980752758e-06
40928.9 7.842766898e-06
40940.9 7.821404598e-06
40952.9 7.879091046e-06
40964.9 7.852945487e-06
40977.0 7.798552923e-06
40989.0 8.130776446e-06
41001.0 8.658002855e-06
41013.0 9.280415236e-06
41025.0 9.325133575e-06
41037.0 9.310122289e-06
41049.0 9.268637948e-06
41061.0 9.536327011e-06
41073.0 9.618520420e-06
41085.0 9.563702692e-06
41097.1 9.378910974e-06
41109.1 8.987073782e-06
41121.1 8.663036192e-06
41133.1 8.460707132e-06
41145.1 8.218167028e-06
41157.1 7.648505420e-06
41169.1 7.260281193e-06
41181.1 7.103413320e-06
41193.1 7.230167245e-06
41205.1 7.365901070e-06
41217.2 7.828633875e-06
41229.2 8.417001811e-06
41241.2 9.202344561e-06
41253.2 9.839186492e-06
41265.2 1.029564706e-05
41277.2 1.054142919e-05
41289.2 1.071248801e-05
41301.2 1.054268125e-05
41313.2 1.021439522e-05
41325.2 9.776427098e-06
41337.2 9.469743351e-06
41349.3 9.160627848e-06
41361.3 8.848800059e-06
41373.3 8.474827861e-06
41385.3 8.214475059e-06
41397.3 8.023216634e-06
41409.3 7.963109034e-06
41421.3 8.035955786e-06
41433.3 8.009275020e-06
41445.3 7.995956476e-06
41457.3 7.932741016e-06
41469.4 8.063070033e-06
41481.4 8.080446124e-06
41493.4 8.267918115e-06
41505.4 8.255383125e-06
41517.4 8.220697815e-06
41529.4 8.122693317e-06
41541.4 8.146187990e-06
41553.4 8.049978285e-06
41565.4 7.857440858e-06
41577.4 7.527117484e-06
41589.5 7.332376063e-06
41601.5 7.085583621e-06
41613.5 6.824172092e-06
41625.5 6.524965729e-06
41637.5 6.140633516e-06
41649.5 5.874439565e-06
41661.5 5.650794082e-06
41673.5 5.552754378e-06
41685.5 5.267772537e-06
41697.5 5.210746981e-06
41709.5 5.150944694e-06
41721.6 5.213039857e-06
41733.6 5.195215637e-06
41745.6 5.122229737e-06
41757.6 5.071899325e-06
41769.6 5.096647994e-06
41781.6 5.272694607e-06
41793.6 5.362171784e-06
41805.6 5.365056480e-06
41817.6 5.370029848e-06
41829.6 5.579997414e-06
41841.7 5.962715608e-06
41853.7 6.394278120e-06
41865.7 6.735506983e-06
41877.7 7.127332160e-06
41889.7 7.399871636e-06
41901.7 7.699785887e-06
41913.7 7.811945824e-06
41925.7 7.874239389e-06
41937.7 7.575707594e-06
41949.7 7.174561504e-06
41961.7 6.702098563e-06
41973.8 6.214005482e-06
41985.8 6.032549673e-06
41997.8 5.945933744e-06
42009.8 5.994132695e-06
42021.8 6.005938380e-06
42033.8 6.335926724e-06
42045.8 6.474757155e-06
42057.8 6.593541159e-06
42069.8 6.519264842e-06
42081.8 6.411088136e-06
42093.9 6.083299793e-06
42105.9 5.804213377e-06
42117.9 6.029297945e-06
42129.9 6.420993852e-06
42141.9 6.658525620e-06
42153.9 6.878650096e-06
42165.9 7.414548279e-06
42177.9 7.923550604e-06
42189.9 8.523220184e-06
42201.9 8.744555479e-06
42214.0 8.478591084e-06
42226.0 8.018412252e-06
42238.0 7.789258489e-06
42250.0 7.452255586e-06
42262.0 6.961560083e-06
42274.0 6.759451895e-06
42286.0 6.591515363e-06
42298.0 6.664270712e-06
42310.0 6.749947175e-06
42322.0 7.162276064e-06
42334.0 7.354429737e-06
42346.1 7.420173925e-06
42358.1 7.199278875e-06
42370.1 6.917915087e-06
42382.1 6.763353681e-06
42394.1 6.510004241e-06
42406.1 6.412359067e-06
42418.1 6.446715101e-06
42430.1 6.727065963e-06
42442.1 6.899569621e-06
42454.1 7.144479726e-06
42466.2 7.173223182e-06
42478.2 7.113341569e-06
42490.2 6.660086177e-06
42502.2 5.920655997e-06
42514.2 5.020849650e-06
42526.2 4.482867806e-06
42538.2 4.324147085e-06
42550.2 4.140024794e-06
42562.2 4.202397859e-06
42574.2 4.360396159e-06
42586.3 4.761262914e-06
42598.3 4.903713118e-06
42610.3 5.040454951e-06
42622.3 5.267111764e-06
42634.3 5.447727799e-06
42646.3 5.657378302e-06
42658.3 5.770661691e-06
42670.3 6.231218098e-06
42682.3 6.657812495e-06
42694.3 7.025303759e-06
42706.3 7.001930355e-06
42718.4 6.830132983e-06
42730.4 6.613798418e-06
42742.4 6.235234297e-06
42754.4 5.755990099e-06
42766.4 5.128228253e-06
42778.4 5.098928833e-06
42790.4 5.081635229e-06
42802.4 5.292779668e-06
42814.4 5.672532842e-06
42826.4 6.383826091e-06
42838.5 6.846457811e-06
42850.5 7.120287410e-06
42862.5 7.390111682e-06
42874.5 7.542348102e-06
42886.5 7.898985780e-06
42898.5 7.958177017e-06
42910.5 7.645291994e-06
42922.5 7.163694248e-06
42934.5 7.145815207e-06
42946.5 7.019701693e-06
42958.6 6.693548323e-06
42970.6 6.575277539e-06
42982.6 6.380579824e-06
42994.6 6.205934384e-06
43006.6 5.841710933e-06
43018.6 5.657105400e-06
43030.6 5.679168494e-06
43042.6 6.023040284e-06
43054.6 5.902392137e-06
43066.6 5.325757350e-06
43078.6 5.363495750e-06
43090.7 5.458549732e-06
43102.7 5.856581570e-06
43114.7 6.002040483e-06
43126.7 6.002301847e-06
43138.7 5.784716039e-06
43150.7 5.845004358e-06
43162.7 5.803016410e-06
43174.7 5.314168085e-06
43186.7 5.400280194e-06
43198.7 5.233456644e-06
43210.8 5.043754853e-06
43222.8 4.922268240e-06
43234.8 5.134893649e-06
43246.8 5.451259557e-06
43258.8 5.507887409e-06
43270.8 5.620720636e-06
43282.8 5.722413431e-06
43294.8 6.243669928e-06
43306.8 6.154292948e-06
43318.8 5.850941884e-06
43330.9 5.614890697e-06
43342.9 5.690369618e-06
43354.9 6.050251948e-06
43366.9 6.041278128e-06
43378.9 5.917771237e-06
43390.9 5.830864375e-06
43402.9 6.349102426e-06
43414.9 6.562471996e-06
43426.9 6.485553478e-06
43438.9 6.726012543e-06
43450.9 7.135078209e-06
43463.0 7.717205784e-06
43475.0 7.929423498e-06
43487.0 8.180790118e-06
43499.0 8.569754141e-06
43511.0 8.982845067e-06
43523.0 9.139315860e-06
43535.0 8.816208761e-06
43547.0 8.837821972e-06
43559.0 8.909214968e-06
43571.0 8.927215731e-06
43583.1 8.804009733e-06
43595.1 8.778585737e-06
43607.1 9.275704573e-06
43619.1 9.584682171e-06
43631.1 9.616801355e-06
43643.1 9.184700182e-06
43655.1 9.094790889e-06
43667.1 9.231890039e-06
43679.1 9.009400932e-06
43691.1 8.449513662e-06
43703.2 7.587673169e-06
43715.2 7.382089757e-06
43727.2 6.885067381e-06
43739.2 6.419625682e-06
43751.2 6.060523504e-06
43763.2 6.104272918e-06
43775.2 6.688123689e-06
43787.2 6.965404444e-06
43799.2 7.302299402e-06
43811.2 7.618987110e-06
43823.2 8.296264567e-06
43835.3 8.349146259e-06
43847.3 7.949624465e-06
43859.3 7.408733225e-06
43871.3 6.782803255e-06
43883.3 6.549429710e-06
43895.3 6.206399361e-06
43907.3 5.781118372e-06
43919.3 6.062266465e-06
43931.3 6.834381492e-06
43943.3 7.362038268e-06
43955.4 7.391617325e-06
43967.4 7.498330412e-06
43979.4 8.113596389e-06
43991.4 8.805410374e-06
44003.4 9.299004765e-06
44015.4 9.253356202e-06
44027.4 9.546794805e-06
44039.4 9.890395938e-06
44051.4 1.018521855e-05
44063.4 1.027167092e-05
44075.4 1.005331272e-05
44087.5 1.053244227e-05
44099.5 1.078630924e-05
44111.5 1.074227526e-05
44123.5 1.049057069e-05
44135.5 1.066609301e-05
44147.5 1.104170026e-05
44159.5 1.103860854e-05
44171.5 1.082555782e-05
44183.5 1.013344948e-05
44195.5 9.936380195e-06
44207.6 9.799116289e-06
44219.6 9.383624229e-06
44231.6 8.929101737e-06
44243.6 8.757227500e-06
44255.6 9.113939715e-06
44267.6 9.188461459e-06
44279.6 8.962156978e-06
44291.6 8.835803017e-06
44303.6 9.058863367e-06
44315.6 9.595336206e-06
44327.7 9.493186035e-06
44339.7 9.173746827e-06
44351.7 9.059178546e-06
44363.7 9.305962260e-06
44375.7 9.752687822e-06
44387.7 9.940429373e-06
44399.7 1.017458582e-05
44411.7 1.077332097e-05
44423.7 1.170467428e-05
44435.7 1.252029715e-05
44447.7 1.289780693e-05
44459.8 1.349457640e-05
44471.8 1.398069243e-05
44483.8 1.408773897e-05
44495.8 1.384109307e-05
44507.8 1.321590448e-05
44519.8 1.324887287e-05
44531.8 1.337134455e-05
44543.8 1.347544845e-05
44555.8 1.322665963e-05
44567.8 1.301844622e-05
44579.9 1.343249235e-05
44591.9 1.340858725e-05
44603.9 1.303663386e-05
44615.9 1.231225291e-05
44627.9 1.169786808e-05
44639.9 1.117684703e-05
44651.9 1.028650659e-05
44663.9 9.404021482e-06
44675.9 8.794021349e-06
44687.9 8.981321124e-06
44700.0 9.470130858e-06
44712.0 9.392992944e-06
44724.0 9.310297627e-06
44736.0 9.613581828e-06
44748.0 1.045097402e-05
44760.0 1.111772226e-05
44772.0 1.096831964e-05
44784.0 1.080005263e-05
44796.0 1.107238963e-05
44808.0 1.178387162e-05
44820.0 1.223660615e-05
44832.1 1.211749383e-05
44844.1 1.245979522e-05
44856.1 1.342894717e-05
44868.1 1.456667547e-05
44880.1 1.516371222e-05
44892.1 1.514366028e-05
44904.1 1.553014942e-05
44916.1 1.613374831e-05
44928.1 1.654820004e-05
44940.1 1.615871523e-05
44952.2 1.529131876e-05
44964.2 1.507698631e-05
44976.2 1.521333863e-05
44988.2 1.537655696e-05
45000.2 1.515583051e-05
45012.2 1.496730161e-05
45024.2 1.527143193e-05
45036.2 1.550848190e-05
45048.2 1.545193408e-05
45060.2 1.492555169e-05
45072.3 1.448765054e-05
45084.3 1.442255323e-05
45096.3 1.414315076e-05
45108.3 1.368163523e-05
45120.3 1.334001403e-05
45132.3 1.355251867e-05
45144.3 1.427608286e-05
45156.3 1.459345002e-05
45168.3 1.468999178e-05
45180.3 1.502363298e-05
45192.3 1.584385409e-05
45204.4 1.689771655e-05
45216.4 1.707486728e-05
45228.4 1.689186733e-05
45240.4 1.674318700e-05
45252.4 1.706935881e-05
45264.4 1.751976734e-05
45276.4 1.715538172e-05
45288.4 1.643668636e-05
45300.4 1.586249827e-05
45312.4 1.595414454e-05
45324.5 1.600683414e-05
45336.5 1.550360688e-05
45348.5 1.485298468e-05
45360.5 1.445424937e-05
45372.5 1.419987056e-05
45384.5 1.380298486e-05
45396.5 1.317305914e-05
45408.5 1.275470770e-05
45420.5 1.325300065e-05
45432.5 1.406346171e-05
45444.6 1.475551220e-05
45456.6 1.514292870e-05
45468.6 1.596100615e-05
45480.6 1.750298371e-05
45492.6 1.881145552e-05
45504.6 1.958818781e-05
45516.6 1.957883515e-05
45528.6 1.969732579e-05
45540.6 2.023253230e-05
45552.6 2.041994690e-05
45564.6 2.010373412e-05
45576.7 1.943750910e-05
45588.7 1.920386385e-05
45600.7 1.955911423e-05
45612.7 1.955508520e-05
45624.7 1.940676910e-05
45636.7 1.926036911e-05
45648.7 1.964954050e-05
45660.7 2.038294377e-05
45672.7 2.061962720e-05
45684.7 2.030076874e-05
45696.8 1.973222046e-05
45708.8 1.948556808e-05
45720.8 1.910533795e-05
45732.8 1.813469286e-05
45744.8 1.684262847e-05
45756.8 1.603373338e-05
45768.8 1.605128700e-05
45780.8 1.639185886e-05
45792.8 1.632600923e-05
45804.8 1.600259422e-05
45816.9 1.613736576e-05
45828.9 1.670303102e-05
45840.9 1.724446339e-05
45852.9 1.711002443e-05
45864.9 1.644933267e-05
45876.9 1.616973629e-05
45888.9 1.670383070e-05
45900.9 1.741897361e-05
45912.9 1.768724655e-05
45924.9 1.768967175e-05
45936.9 1.801550492e-05
45949.0 1.851478910e-05
45961.0 1.857665010e-05
45973.0 1.807624420e-05
45985.0 1.716922094e-05
45997.0 1.677362284e-05
46009.0 1.701268820e-05
46021.0 1.708789571e-05
46033.0 1.697311711e-05
46045.0 1.705700787e-05
46057.0 1.794795455e-05
46069.1 1.940719803e-05
46081.1 2.032766152e-05
46093.1 2.059159625e-05
46105.1 2.044284573e-05
46117.1 2.061989820e-05
46129.1 2.088985254e-05
46141.1 2.041002005e-05
46153.1 1.928946985e-05
46165.1 1.796897248e-05
46177.1 1.731638358e-05
46189.1 1.716627501e-05
46201.2 1.702857351e-05
46213.2 1.685100273e-05
46225.2 1.707691879e-05
46237.2 1.812650912e-05
46249.2 1.923877476e-05
46261.2 1.966535086e-05
46273.2 1.935439526e-05
46285.2 1.894578053e-05
46297.2 1.877881593e-05
46309.2 1.854838034e-05
46321.3 1.781357523e-05
46333.3 1.671696586e-05
46345.3 1.616680645e-05
46357.3 1.668173992e-05
46369.3 1.763627847e-05
46381.3 1.838153682e-05
46393.3 1.882189213e-05
46405.3 1.948544116e-05
46417.3 2.060981498e-05
46429.3 2.155879185e-05
46441.4 2.181681911e-05
46453.4 2.142698148e-05
46465.4 2.116528490e-05
46477.4 2.144333049e-05
46489.4 2.184280708e-05
46501.4 2.187689593e-05
46513.4 2.154088565e-05
46525.4 2.151509901e-05
46537.4 2.205672250e-05
46549.4 2.265399807e-05
46561.4 2.274343429e-05
46573.5 2.222448628e-05
46585.5 2.161604506e-05
46597.5 2.119467789e-05
46609.5 2.069381963e-05
46621.5 1.963298541e-05
46633.5 1.825378659e-05
46645.5 1.722018685e-05
46657.5 1.698877512e-05
46669.5 1.712936027e-05
46681.5 1.709477930e-05
46693.6 1.693101025e-05
46705.6 1.726183012e-05
46717.6 1.843171284e-05
46729.6 1.979203354e-05
46741.6 2.072913022e-05
46753.6 2.110177184e-05
46765.6 2.149058422e-05
46777.6 2.238382933e-05
46789.6 2.303808259e-05
46801.6 2.289091780e-05
46813.7 2.196466554e-05
46825.7 2.103601291e-05
46837.7 2.071447605e-05
46849.7 2.062622545e-05
46861.7 2.017324285e-05
46873.7 1.915025169e-05
46885.7 1.848000755e-05
46897.7 1.865410293e-05
46909.7 1.946323921e-05
46921.7 2.007228841e-05
46933.7 2.006363119e-05
46945.8 1.992880058e-05
46957.8 2.017286808e-05
46969.8 2.085858296e-05
46981.8 2.133330440e-05
46993.8 2.124722409e-05
47005.8 2.112371483e-05
47017.8 2.140267692e-05
47029.8 2.222972439e-05
47041.8 2.269912321e-05
47053.8 2.254391715e-05
47065.9 2.219500994e-05
47077.9 2.219952308e-05
47089.9 2.247372965e-05
47101.9 2.235019973e-05
47113.9 2.161471198e-05
47125.9 2.048190593e-05
47137.9 2.000552527e-05
47149.9 2.011330818e-05
47161.9 2.037895435e-05
47173.9 2.030180199e-05
47186.0 1.996962150e-05
47198.0 2.016701053e-05
47210.0 2.088683055e-05
47222.0 2.155717139e-05
47234.0 2.171223089e-05
47246.0 2.131522799e-05
47258.0 2.099129969e-05
47270.0 2.126198281e-05
47282.0 2.148440977e-05
47294.0 2.126084473e-05
47306.0 2.061237508e-05
47318.1 2.012208027e-05
47330.1 2.047125448e-05
47342.1 2.135519647e-05
47354.1 2.205675337e-05
47366.1 2.229493015e-05
47378.1 2.262622093e-05
47390.1 2.342780142e-05
47402.1 2.457843590e-05
47414.1 2.519545935e-05
47426.1 2.491457749e-05
47438.2 2.411158318e-05
47450.2 2.331132250e-05
47462.2 2.295722460e-05
47474.2 2.232495847e-05
47486.2 2.121359494e-05
47498.2 2.018507207e-05
47510.2 1.978394336e-05
47522.2 2.020338433e-05
47534.2 2.106901136e-05
47546.2 2.155611690e-05
47558.3 2.155116254e-05
47570.3 2.175500361e-05
47582.3 2.211977554e-05
47594.3 2.242845021e-05
47606.3 2.193593664e-05
47618.3 2.086451108e-05
47630.3 1.992303415e-05
47642.3 1.954109477e-05
47654.3 1.955484351e-05
47666.3 1.967656561e-05
47678.3 1.949238150e-05
47690.4 1.923498232e-05
47702.4 1.975479565e-05
47714.4 2.051213427e-05
47726.4 2.109563138e-05
47738.4 2.113777894e-05
47750.4 2.082553263e-05
47762.4 2.080245813e-05
47774.4 2.134769507e-05
47786.4 2.184975440e-05
47798.4 2.189889802e-05
47810.5 2.151587866e-05
47822.5 2.114593427e-05
47834.5 2.132118009e-05
47846.5 2.154672476e-05
47858.5 2.136976176e-05
47870.5 2.071657539e-05
47882.5 1.999713211e-05
47894.5 1.981071948e-05
47906.5 2.005015838e-05
47918.5 1.986662043e-05
47930.6 1.914808493e-05
47942.6 1.825944971e-05
47954.6 1.760791063e-05
47966.6 1.755319133e-05
47978.6 1.743567629e-05
47990.6 1.690336771e-05
48002.6 1.619811264e-05
48014.6 1.580357092e-05
48026.6 1.587823123e-05
48038.6 1.652668667e-05
48050.6 1.682592824e-05
48062.7 1.669695507e-05
48074.7 1.691070269e-05
48086.7 1.755708135e-05
48098.7 1.863883225e-05
48110.7 1.962786099e-05
48122.7 2.016793307e-05
48134.7 2.033371250e-05
48146.7 2.074675049e-05
48158.7 2.123776156e-05
48170.7 2.172751159e-05
48182.8 2.134546080e-05
48194.8 2.031881486e-05
48206.8 1.955651851e-05
48218.8 1.920570514e-05
48230.8 1.894768484e-05
48242.8 1.850995495e-05
48254.8 1.773624727e-05
48266.8 1.677370828e-05
48278.8 1.662341446e-05
48290.8 1.674529674e-05
48302.8 1.672025585e-05
48314.9 1.641636528e-05
48326.9 1.593070629e-05
48338.9 1.584177971e-05
48350.9 1.652352015e-05
48362.9 1.714255711e-05
48374.9 1.744759420e-05
48386.9 1.756135296e-05
48398.9 1.767487536e-05
48410.9 1.823936954e-05
48422.9 1.889069500e-05
48435.0 1.904244137e-05
48447.0 1.841788098e-05
48459.0 1.756058744e-05
48471.0 1.680085130e-05
48483.0 1.649493192e-05
48495.0 1.614093284e-05
48507.0 1.523235332e-05
48519.0 1.423004550e-05
48531.0 1.337622566e-05
48543.0 1.322332103e-05
48555.1 1.378646150e-05
48567.1 1.429453724e-05
48579.1 1.455873749e-05
48591.1 1.501277968e-05
48603.1 1.589186506e-05
48615.1 1.719477418e-05
48627.1 1.862414187e-05
48639.1 1.933477325e-05
48651.1 1.947971879e-05
48663.1 1.966311662e-05
48675.1 2.000486859e-05
48687.2 2.045864621e-05
48699.2 2.047887001e-05
48711.2 1.996539895e-05
48723.2 1.941237197e-05
48735.2 1.930227127e-05
48747.2 1.932536291e-05
48759.2 1.932763423e-05
48771.2 1.867542717e-05
48783.2 1.748147359e-05
48795.2 1.676696181e-05
48807.3 1.663059516e-05
48819.3 1.648283128e-05
48831.3 1.611188801e-05
48843.3 1.540321171e-05
48855.3 1.458974013e-05
48867.3 1.447179317e-05
48879.3 1.478478325e-05
48891.3 1.492882165e-05
48903.3 1.466080538e-05
48915.3 1.419479688e-05
48927.4 1.382271201e-05
48939.4 1.394567186e-05
48951.4 1.413770379e-05
48963.4 1.392073560e-05
48975.4 1.336212559e-05
48987.4 1.264161795e-05
48999.4 1.217753436e-05
49011.4 1.229810128e-05
49023.4 1.238824539e-05
49035.4 1.221779703e-05
49047.4 1.197565063e-05
49059.5 1.185971628e-05
49071.5 1.212854255e-05
49083.5 1.275273232e-05
49095.5 1.319340520e-05
49107.5 1.328935002e-05
49119.5 1.357187979e-05
49131.5 1.411095732e-05
49143.5 1.493901514e-05
49155.5 1.602966775e-05
49167.5 1.651919233e-05
49179.6 1.650820478e-05
49191.6 1.649515930e-05
49203.6 1.651854097e-05
49215.6 1.659510642e-05
49227.6 1.652507196e-05
49239.6 1.595472325e-05
49251.6 1.509599458e-05
49263.6 1.472476058e-05
49275.6 1.471715718e-05
49287.6 1.484337600e-05
49299.7 1.487851135e-05
49311.7 1.461712366e-05
49323.7 1.447011192e-05
49335.7 1.501054245e-05
49347.7 1.587010123e-05
49359.7 1.668822985e-05
49371.7 1.711577642e-05
49383.7 1.707023468e-05
49395.7 1.701166546e-05
49407.7 1.722595092e-05
49419.7 1.734641838e-05
49431.8 1.701153449e-05
49443.8 1.600404795e-05
49455.8 1.472897571e-05
49467.8 1.374932865e-05
49479.8 1.328417484e-05
49491.8 1.298876097e-05
49503.8 1.266066090e-05
49515.8 1.235814453e-05
49527.8 1.214437061e-05
49539.8 1.260963157e-05
49551.9 1.358726879e-05
49563.9 1.425548902e-05
49575.9 1.449717310e-05
49587.9 1.420803730e-05
49599.9 1.361964460e-05
49611.9 1.308027832e-05
49623.9 1.279152324e-05
49635.9 1.205469473e-05
49647.9 1.087355616e-05
49659.9 9.960249430e-06
49672.0 9.328432242e-06
49684.0 9.234356247e-06
49696.0 9.515887298e-06
49708.0 9.470467677e-06
49720.0 9.036422651e-06
49732.0 8.874665485e-06
49744.0 8.939695643e-06
49756.0 9.179039316e-06
49768.0 9.649455932e-06
49780.0 9.728564561e-06
49792.0 9.464674420e-06
49804.1 9.540566522e-06
49816.1 9.897179731e-06
49828.1 1.032903738e-05
49840.1 1.077176307e-05
49852.1 1.072918263e-05
49864.1 1.020672191e-05
49876.1 9.841703893e-06
49888.1 9.694216530e-06
49900.1 9.490213066e-06
49912.1 9.190472515e-06
49924.2 8.653111375e-06
49936.2 7.962725690e-06
49948.2 7.731068707e-06
49960.2 8.197798489e-06
49972.2 8.722002195e-06
49984.2 9.089039718e-06
49996.2 9.066773399e-06
50008.2 8.893972970e-06
50020.2 9.086199233e-06
50032.2 9.724911173e-06
50044.3 1.018389853e-05
50056.3 1.014844360e-05
50068.3 9.817814673e-06
50080.3 9.391167562e-06
50092.3 9.415059673e-06
50104.3 9.765817287e-06
50116.3 9.833248595e-06
50128.3 9.478517279e-06
50140.3 9.087482263e-06
50152.3 8.744447844e-06
50164.3 8.958508791e-06
50176.4 9.639606974e-06
50188.4 9.907102307e-06
50200.4 9.838880757e-06
50212.4 9.768067761e-06
50224.4 9.731501767e-06
50236.4 9.863251862e-06
50248.4 1.021224942e-05
50260.4 1.032051524e-05
50272.4 9.991357361e-06
50284.4 9.877304251e-06
50296.5 9.791145411e-06
50308.5 9.746428219e-06
50320.5 9.729164711e-06
50332.5 9.366383676e-06
50344.5 8.586360989e-06
50356.5 7.829178158e-06
50368.5 7.317812787e-06
50380.5 7.054522396e-06
50392.5 7.032784569e-06
50404.5 6.889833329e-06
50416.5 6.628498304e-06
50428.6 6.622441454e-06
50440.6 6.864003276e-06
50452.6 7.157262627e-06
50464.6 7.415896713e-06
50476.6 7.639226622e-06
50488.6 7.602563524e-06
50500.6 7.726072476e-06
50512.6 8.158721670e-06
50524.6 8.757631407e-06
50536.6 9.317615378e-06
50548.7 9.731580604e-06
50560.7 9.827484107e-06
50572.7 9.722691935e-06
50584.7 9.822240307e-06
50596.7 9.970800184e-06
50608.7 9.846145865e-06
50620.7 9.467840488e-06
50632.7 8.944417809e-06
50644.7 8.499339485e-06
50656.7 8.545734445e-06
50668.8 9.070834501e-06
50680.8 9.408335450e-06
50692.8 9.586529414e-06
50704.8 9.523254956e-06
50716.8 9.356192999e-06
50728.8 9.366036550e-06
50740.8 9.550490179e-06
50752.8 9.375229680e-06
50764.8 8.723780695e-06
50776.8 8.028364853e-06
50788.8 7.350274657e-06
50800.9 7.032169154e-06
50812.9 7.068321117e-06
50824.9 7.086173899e-06
50836.9 6.897028554e-06
50848.9 6.760179896e-06
50860.9 6.691293353e-06
50872.9 6.774917719e-06
50884.9 6.977955421e-06
50896.9 7.179891925e-06
50908.9 7.123341674e-06
50921.0 6.989799097e-06
50933.0 6.929592354e-06
50945.0 7.028438107e-06
50957.0 7.257231824e-06
50969.0 7.667918318e-06
50981.0 7.781721873e-06
50993.0 7.719605549e-06
