13845.7 0.000000000e+00
13861.8 0.000000000e+00
13877.8 0.000000000e+00
13893.9 0.000000000e+00
13910.0 0.000000000e+00
13926.1 0.000000000e+00
13942.2 0.000000000e+00
13958.2 0.000000000e+00
13974.3 0.000000000e+00
13990.4 0.000000000e+00
14006.5 0.000000000e+00
14022.6 0.000000000e+00
14038.6 0.000000000e+00
14054.7 0.000000000e+00
14070.8 0.000000000e+00
14086.9 0.000000000e+00
14103.0 0.000000000e+00
14119.0 0.000000000e+00
14135.1 0.000000000e+00
14151.2 0.000000000e+00
14167.3 0.000000000e+00
14183.4 0.000000000e+00
14199.5 0.000000000e+00
14215.5 0.000000000e+00
14231.6 0.000000000e+00
14247.7 0.000000000e+00
14263.8 0.000000000e+00
14279.9 0.000000000e+00
14295.9 0.000000000e+00
14312.0 0.000000000e+00
14328.1 0.000000000e+00
14344.2 0.000000000e+00
14360.3 0.000000000e+00
14376.3 0.000000000e+00
14392.4 0.000000000e+00
14408.5 0.000000000e+00
14424.6 0.000000000e+00
14440.7 0.000000000e+00
14456.7 0.000000000e+00
14472.8 0.000000000e+00
14488.9 0.000000000e+00
14505.0 0.000000000e+00
14521.1 0.000000000e+00
14537.2 0.000000000e+00
14553.2 0.000000000e+00
14569.3 0.000000000e+00
14585.4 0.000000000e+00
14601.5 0.000000000e+00
14617.6 0.000000000e+00
14633.6 0.000000000e+00
14649.7 0.000000000e+00
14665.8 0.000000000e+00
14681.9 0.000000000e+00
14698.0 0.000000000e+00
14714.0 0.000000000e+00
14730.1 0.000000000e+00
14746.2 0.000000000e+00
14762.3 0.000000000e+00
14778.4 0.000000000e+00
14794.4 0.000000000e+00
14810.5 0.000000000e+00
14826.6 0.000000000e+00
14842.7 0.000000000e+00
14858.8 0.000000000e+00
14874.9 0.000000000e+00
14890.9 0.000000000e+00
14907.0 0.000000000e+00
14923.1 0.000000000e+00
14939.2 0.000000000e+00
14955.3 0.000000000e+00
14971.3 0.000000000e+00
14987.4 0.000000000e+00
15003.5 0.000000000e+00
15019.6 0.000000000e+00
15035.7 0.000000000e+00
15051.7 0.000000000e+00
15067.8 0.000000000e+00
15083.9 0.000000000e+00
15100.0 0.000000000e+00
15116.1 0.000000000e+00
15132.1 0.000000000e+00
15148.2 0.000000000e+00
15164.3 0.000000000e+00
15180.4 0.000000000e+00
15196.5 0.000000000e+00
15212.5 0.000000000e+00
15228.6 0.000000000e+00
15244.7 0.000000000e+00
15260.8 0.000000000e+00
15276.9 0.000000000e+00
15293.0 0.000000000e+00
15309.0 0.000000000e+00
15325.1 0.000000000e+00
15341.2 0.000000000e+00
15357.3 0.000000000e+00
15373.4 0.000000000e+00
15389.4 0.000000000e+00
15405.5 0.000000000e+00
15421.6 0.000000000e+00
15437.7 0.000000000e+00
15453.8 0.000000000e+00
15469.8 0.000000000e+00
15485.9 0.000000000e+00
15502.0 0.000000000e+00
15518.1 0.000000000e+00
15534.2 0.000000000e+00
15550.2 0.000000000e+00
15566.3 0.000000000e+00
15582.4 0.000000000e+00
15598.5 0.000000000e+00
15614.6 0.000000000e+00
15630.7 0.000000000e+00
15646.7 0.000000000e+00
15662.8 0.000000000e+00
15678.9 0.000000000e+00
15695.0 0.000000000e+00
15711.1 0.000000000e+00
15727.1 0.000000000e+00
15743.2 0.000000000e+00
15759.3 0.000000000e+00
15775.4 0.000000000e+00
15791.5 0.000000000e+00
15807.5 0.000000000e+00
15823.6 0.000000000e+00
15839.7 0.000000000e+00
15855.8 0.000000000e+00
15871.9 0.000000000e+00
15887.9 0.000000000e+00
15904.0 0.000000000e+00
15920.1 0.000000000e+00
15936.2 0.000000000e+00
15952.3 0.000000000e+00
15968.4 0.000000000e+00
15984.4 0.000000000e+00
16000.5 0.000000000e+00
16016.6 0.000000000e+00
16032.7 0.000000000e+00
16048.8 0.000000000e+00
16064.8 0.000000000e+00
16080.9 0.000000000e+00
16097.0 0.000000000e+00
16113.1 0.000000000e+00
16129.2 0.000000000e+00
16145.2 0.000000000e+00
16161.3 0.000000000e+00
16177.4 0.000000000e+00
16193.5 0.000000000e+00
16209.6 0.000000000e+00
16225.6 0.000000000e+00
16241.7 0.000000000e+00
16257.8 0.000000000e+00
16273.9 0.000000000e+00
16290.0 0.000000000e+00
16306.1 0.000000000e+00
16322.1 0.000000000e+00
16338.2 0.000000000e+00
16354.3 0.000000000e+00
16370.4 0.000000000e+00
16386.5 0.000000000e+00
16402.5 0.000000000e+00
16418.6 0.000000000e+00
16434.7 0.000000000e+00
16450.8 0.000000000e+00
16466.9 0.000000000e+00
16482.9 0.000000000e+00
16499.0 0.000000000e+00
16515.1 0.000000000e+00
16531.2 0.000000000e+00
16547.3 0.000000000e+00
16563.3 0.000000000e+00
16579.4 0.000000000e+00
16595.5 0.000000000e+00
16611.6 0.000000000e+00
16627.7 0.000000000e+00
16643.8 0.000000000e+00
16659.8 0.000000000e+00
16675.9 0.000000000e+00
16692.0 0.000000000e+00
16708.1 0.000000000e+00
16724.2 0.000000000e+00
16740.2 0.000000000e+00
16756.3 0.000000000e+00
16772.4 0.000000000e+00
16788.5 0.000000000e+00
16804.6 0.000000000e+00
16820.6 0.000000000e+00
16836.7 0.000000000e+00
16852.8 0.000000000e+00
16868.9 0.000000000e+00
16885.0 0.000000000e+00
16901.0 0.000000000e+00
16917.1 0.000000000e+00
16933.2 0.000000000e+00
16949.3 0.000000000e+00
16965.4 0.000000000e+00
16981.5 0.000000000e+00
16997.5 0.000000000e+00
17013.6 0.000000000e+00
17029.7 0.000000000e+00
17045.8 0.000000000e+00
17061.9 0.000000000e+00
17077.9 0.000000000e+00
17094.0 0.000000000e+00
17110.1 0.000000000e+00
17126.2 0.000000000e+00
17142.3 0.000000000e+00
17158.3 0.000000000e+00
17174.4 0.000000000e+00
17190.5 0.000000000e+00
17206.6 0.000000000e+00
17222.7 0.000000000e+00
17238.7 0.000000000e+00
17254.8 0.000000000e+00
17270.9 0.000000000e+00
17287.0 0.000000000e+00
17303.1 0.000000000e+00
17319.2 0.000000000e+00
17335.2 0.000000000e+00
17351.3 0.000000000e+00
17367.4 0.000000000e+00
17383.5 0.000000000e+00
17399.6 0.000000000e+00
17415.6 0.000000000e+00
17431.7 0.000000000e+00
17447.8 0.000000000e+00
17463.9 0.000000000e+00
17480.0 0.000000000e+00
17496.0 0.000000000e+00
17512.1 0.000000000e+00
17528.2 0.000000000e+00
17544.3 0.000000000e+00
17560.4 0.000000000e+00
17576.4 0.000000000e+00
17592.5 0.000000000e+00
17608.6 0.000000000e+00
17624.7 0.000000000e+00
17640.8 0.000000000e+00
17656.8 0.000000000e+00
17672.9 0.000000000e+00
17689.0 0.000000000e+00
17705.1 0.000000000e+00
17721.2 0.000000000e+00
17737.3 0.000000000e+00
17753.3 0.000000000e+00
17769.4 0.000000000e+00
17785.5 0.000000000e+00
17801.6 0.000000000e+00
17817.7 0.000000000e+00
17833.7 0.000000000e+00
17849.8 0.000000000e+00
17865.9 0.000000000e+00
17882.0 0.000000000e+00
17898.1 0.000000000e+00
17914.1 0.000000000e+00
17930.2 0.000000000e+00
17946.3 0.000000000e+00
17962.4 0.000000000e+00
17978.5 0.000000000e+00
17994.5 0.000000000e+00
18010.6 0.000000000e+00
18026.7 0.000000000e+00
18042.8 0.000000000e+00
18058.9 0.000000000e+00
18075.0 0.000000000e+00
18091.0 0.000000000e+00
18107.1 0.000000000e+00
18123.2 0.000000000e+00
18139.3 0.000000000e+00
18155.4 0.000000000e+00
18171.4 0.000000000e+00
18187.5 0.000000000e+00
18203.6 0.000000000e+00
18219.7 0.000000000e+00
18235.8 0.000000000e+00
18251.8 0.000000000e+00
18267.9 0.000000000e+00
18284.0 0.000000000e+00
18300.1 0.000000000e+00
18316.2 0.000000000e+00
18332.2 0.000000000e+00
18348.3 0.000000000e+00
18364.4 0.000000000e+00
18380.5 0.000000000e+00
18396.6 0.000000000e+00
18412.7 0.000000000e+00
18428.7 0.000000000e+00
18444.8 0.000000000e+00
18460.9 0.000000000e+00
18477.0 0.000000000e+00
18493.1 0.000000000e+00
18509.1 0.000000000e+00
18525.2 0.000000000e+00
18541.3 0.000000000e+00
18557.4 0.000000000e+00
18573.5 0.000000000e+00
18589.5 0.000000000e+00
18605.6 0.000000000e+00
18621.7 0.000000000e+00
18637.8 0.000000000e+00
18653.9 0.000000000e+00
18669.9 0.000000000e+00
18686.0 0.000000000e+00
18702.1 0.000000000e+00
18718.2 0.000000000e+00
18734.3 0.000000000e+00
18750.4 0.000000000e+00
18766.4 0.000000000e+00
18782.5 0.000000000e+00
18798.6 0.000000000e+00
18814.7 0.000000000e+00
18830.8 0.000000000e+00
18846.8 0.000000000e+00
18862.9 0.000000000e+00
18879.0 0.000000000e+00
18895.1 0.000000000e+00
18911.2 0.000000000e+00
18927.2 0.000000000e+00
18943.3 0.000000000e+00
18959.4 0.000000000e+00
18975.5 0.000000000e+00
18991.6 0.000000000e+00
19007.6 0.000000000e+00
19023.7 0.000000000e+00
19039.8 0.000000000e+00
19055.9 0.000000000e+00
19072.0 0.000000000e+00
19088.1 0.000000000e+00
19104.1 0.000000000e+00
19120.2 0.000000000e+00
19136.3 0.000000000e+00
19152.4 0.000000000e+00
19168.5 0.000000000e+00
19184.5 0.000000000e+00
19200.6 0.000000000e+00
19216.7 0.000000000e+00
19232.8 0.000000000e+00
19248.9 0.000000000e+00
19264.9 0.000000000e+00
19281.0 0.000000000e+00
19297.1 0.000000000e+00
19313.2 0.000000000e+00
19329.3 0.000000000e+00
19345.3 0.000000000e+00
19361.4 0.000000000e+00
19377.5 0.000000000e+00
19393.6 0.000000000e+00
19409.7 0.000000000e+00
19425.8 0.000000000e+00
19441.8 0.000000000e+00
19457.9 0.000000000e+00
19474.0 0.000000000e+00
19490.1 0.000000000e+00
19506.2 0.000000000e+00
19522.2 0.000000000e+00
19538.3 0.000000000e+00
19554.4 0.000000000e+00
19570.5 0.000000000e+00
19586.6 0.000000000e+00
19602.6 0.000000000e+00
19618.7 0.000000000e+00
19634.8 0.000000000e+00
19650.9 0.000000000e+00
19667.0 0.000000000e+00
19683.0 0.000000000e+00
19699.1 0.000000000e+00
19715.2 0.000000000e+00
19731.3 0.000000000e+00
19747.4 0.000000000e+00
19763.5 0.000000000e+00
19779.5 0.000000000e+00
19795.6 0.000000000e+00
19811.7 0.000000000e+00
19827.8 0.000000000e+00
19843.9 0.000000000e+00
19859.9 0.000000000e+00
19876.0 0.000000000e+00
19892.1 0.000000000e+00
19908.2 0.000000000e+00
19924.3 0.000000000e+00
19940.3 0.000000000e+00
19956.4 0.000000000e+00
19972.5 0.000000000e+00
19988.6 0.000000000e+00
20004.7 4.228160669e-12
20020.7 4.378827975e-12
20036.8 4.912565195e-12
20052.9 5.564972163e-12
20069.0 6.283319164e-12
20085.1 5.503128377e-12
20101.1 4.663402055e-12
20117.2 4.115489177e-12
20133.3 3.668250699e-12
20149.4 3.235715907e-12
20165.5 3.013667906e-12
20181.6 3.020742038e-12
20197.6 3.235373983e-12
20213.7 3.753399881e-12
20229.8 4.004617230e-12
20245.9 3.965614025e-12
20262.0 3.868725747e-12
20278.0 3.713680553e-12
20294.1 3.225127937e-12
20310.2 2.715107089e-12
20326.3 2.483717704e-12
20342.4 2.377820251e-12
20358.4 2.259503780e-12
20374.5 2.189282121e-12
20390.6 2.320964255e-12
20406.7 2.590280143e-12
20422.8 2.796692163e-12
20438.8 2.998153007e-12
20454.9 2.905106909e-12
20471.0 2.707949301e-12
20487.1 2.678406361e-12
20503.2 2.897879307e-12
20519.3 2.976180725e-12
20535.3 2.788078707e-12
20551.4 2.794518342e-12
20567.5 3.231364526e-12
20583.6 3.709491030e-12
20599.7 4.253029368e-12
20615.7 4.673622093e-12
20631.8 5.096639275e-12
20647.9 5.614252576e-12
20664.0 6.191348118e-12
20680.1 6.729869368e-12
20696.1 7.261433870e-12
20712.2 8.202425143e-12
20728.3 9.570677162e-12
20744.4 1.142886212e-11
20760.5 1.246388739e-11
20776.5 1.419033389e-11
20792.6 1.715218763e-11
20808.7 1.969883977e-11
20824.8 1.913591794e-11
20840.9 2.072028544e-11
20857.0 2.280737948e-11
20873.0 2.552722186e-11
20889.1 2.618784574e-11
20905.2 2.912615082e-11
20921.3 3.142694478e-11
20937.4 3.779153473e-11
20953.4 4.717520144e-11
20969.5 5.891122966e-11
20985.6 7.064102163e-11
21001.7 8.680300475e-11
21017.8 1.166045187e-10
21033.8 1.559009457e-10
21049.9 1.828084699e-10
21066.0 1.951705996e-10
21082.1 2.154842096e-10
21098.2 2.452750008e-10
21114.2 2.763338943e-10
21130.3 3.073911546e-10
21146.4 3.528694282e-10
21162.5 3.681223549e-10
21178.6 3.833540830e-10
21194.7 3.596689826e-10
21210.7 3.459926025e-10
21226.8 2.944835958e-10
21242.9 2.493773424e-10
21259.0 2.417167074e-10
21275.1 2.514536078e-10
21291.1 2.477151570e-10
21307.2 2.338693048e-10
21323.3 2.284097122e-10
21339.4 2.300953187e-10
21355.5 2.288656701e-10
21371.5 2.039765805e-10
21387.6 1.836643172e-10
21403.7 1.804741173e-10
21419.8 1.807365186e-10
21435.9 1.910767307e-10
21451.9 2.073171399e-10
21468.0 2.063167930e-10
21484.1 1.996864752e-10
21500.2 1.897191230e-10
21516.3 1.716872608e-10
21532.4 1.540763030e-10
21548.4 1.303312917e-10
21564.5 1.227106179e-10
21580.6 1.442413642e-10
21596.7 1.810419433e-10
21612.8 2.045867826e-10
21628.8 2.152164099e-10
21644.9 2.164979661e-10
21661.0 2.091363685e-10
21677.1 2.090712388e-10
21693.2 2.082595342e-10
21709.2 2.195766070e-10
21725.3 1.965161161e-10
21741.4 1.890513748e-10
21757.5 1.852592883e-10
21773.6 1.824448493e-10
21789.6 1.849152277e-10
21805.7 1.930807070e-10
21821.8 2.377494552e-10
21837.9 2.925605566e-10
21854.0 3.704637939e-10
21870.1 3.337555772e-10
21886.1 3.115930496e-10
21902.2 3.076228182e-10
21918.3 3.169866660e-10
21934.4 3.366009510e-10
21950.5 3.989114548e-10
21966.5 4.831546096e-10
21982.6 5.524485299e-10
21998.7 6.383637160e-10
22014.8 7.053686606e-10
22030.9 7.501184881e-10
22046.9 7.962048591e-10
22063.0 8.136416670e-10
22079.1 8.492542024e-10
22095.2 9.480779555e-10
22111.3 1.131968240e-09
22127.3 1.302096621e-09
22143.4 1.382453814e-09
22159.5 1.547186174e-09
22175.6 1.888447931e-09
22191.7 2.384627485e-09
22207.7 2.544243888e-09
22223.8 2.687524246e-09
22239.9 3.015559171e-09
22256.0 3.597747341e-09
22272.1 4.326423222e-09
22288.2 4.914350302e-09
22304.2 5.641193910e-09
22320.3 5.744784224e-09
22336.4 5.577795041e-09
22352.5 5.643151348e-09
22368.6 6.229992807e-09
22384.6 7.161542512e-09
22400.7 6.910071553e-09
22416.8 6.838890185e-09
22432.9 7.054224114e-09
22449.0 7.743464442e-09
22465.0 9.281341668e-09
22481.1 1.118112170e-08
22497.2 1.389741220e-08
22513.3 1.652564450e-08
22529.4 1.915125855e-08
22545.4 2.139327937e-08
22561.5 2.135182169e-08
22577.6 2.147352266e-08
22593.7 2.141371404e-08
22609.8 2.381141212e-08
22625.9 2.866135775e-08
22641.9 3.581700936e-08
22658.0 4.777769145e-08
22674.1 5.383715964e-08
22690.2 6.130851203e-08
22706.3 6.952402976e-08
22722.3 7.624779336e-08
22738.4 8.418175553e-08
22754.5 7.285535855e-08
22770.6 6.310414593e-08
22786.7 5.720479751e-08
22802.7 5.495662548e-08
22818.8 5.360066636e-08
22834.9 5.239995696e-08
22851.0 5.604132268e-08
22867.1 6.184377606e-08
22883.1 6.505591005e-08
22899.2 7.301701941e-08
22915.3 7.951912708e-08
22931.4 8.769641187e-08
22947.5 9.789635072e-08
22963.6 1.112395935e-07
22979.6 1.300107950e-07
22995.7 1.536704795e-07
23011.8 1.885408695e-07
23027.9 2.032542754e-07
23044.0 1.950546135e-07
23060.0 2.017587749e-07
23076.1 2.331316651e-07
23092.2 2.798649676e-07
23108.3 3.500083109e-07
23124.4 4.498628992e-07
23140.4 5.883502521e-07
23156.5 7.830894526e-07
23172.6 1.052149734e-06
23188.7 1.404918291e-06
23204.8 1.720596025e-06
23220.8 2.103821076e-06
23236.9 2.435689871e-06
23253.0 2.682017976e-06
23269.1 3.058401954e-06
23285.2 3.515084339e-06
23301.3 4.062971060e-06
23317.3 4.485546635e-06
23333.4 4.560386084e-06
23349.5 4.761411993e-06
23365.6 4.704389422e-06
23381.7 4.799931408e-06
23397.7 4.911421141e-06
23413.8 4.579638975e-06
23429.9 4.249468253e-06
23446.0 3.988146441e-06
23462.1 3.804021082e-06
23478.1 3.633979550e-06
23494.2 3.624669856e-06
23510.3 3.660170481e-06
23526.4 3.658670756e-06
23542.5 3.453796257e-06
23558.5 3.289638401e-06
23574.6 3.178632949e-06
23590.7 3.123774971e-06
23606.8 3.123963130e-06
23622.9 3.250610948e-06
23639.0 3.518073899e-06
23655.0 3.934167175e-06
23671.1 4.771072514e-06
23687.2 6.019670196e-06
23703.3 6.747371810e-06
23719.4 6.569694967e-06
23735.4 6.368251025e-06
23751.5 5.824249474e-06
23767.6 5.277567066e-06
23783.7 4.884638489e-06
23799.8 4.674815763e-06
23815.8 4.575909378e-06
23831.9 4.644638456e-06
23848.0 4.949748475e-06
23864.1 5.400333586e-06
23880.2 5.612890113e-06
23896.2 5.977020900e-06
23912.3 6.536448543e-06
23928.4 5.920348506e-06
23944.5 5.279447215e-06
23960.6 4.791186327e-06
23976.7 4.693062758e-06
23992.7 4.688020099e-06
24008.8 4.659618204e-06
24024.9 4.520732753e-06
24041.0 4.451329203e-06
24057.1 4.503891744e-06
24073.1 4.655963191e-06
24089.2 4.883265622e-06
24105.3 4.567921579e-06
24121.4 4.324030061e-06
24137.5 4.520390726e-06
24153.5 4.806693720e-06
24169.6 5.262938593e-06
24185.7 5.363335384e-06
24201.8 5.097779819e-06
24217.9 5.418056125e-06
24233.9 5.340193384e-06
24250.0 4.713300485e-06
24266.1 4.195184209e-06
24282.2 3.837268978e-06
24298.3 3.692908209e-06
24314.4 4.053269372e-06
24330.4 3.970869091e-06
24346.5 3.890170314e-06
24362.6 3.876995055e-06
24378.7 4.021960418e-06
24394.8 4.264371384e-06
24410.8 4.505263045e-06
24426.9 4.178266773e-06
24443.0 4.003077463e-06
24459.1 3.545086017e-06
24475.2 2.929594845e-06
24491.2 2.866284003e-06
24507.3 3.072846434e-06
24523.4 3.168578378e-06
24539.5 3.280394515e-06
24555.6 2.831146299e-06
24571.6 2.601024365e-06
24587.7 2.612737864e-06
24603.8 2.642280199e-06
24619.9 2.665267510e-06
24636.0 2.688422558e-06
24652.0 2.502142530e-06
24668.1 2.236712627e-06
24684.2 1.999689440e-06
24700.3 1.869905992e-06
24716.4 1.807611249e-06
24732.5 2.061855972e-06
24748.5 2.279780455e-06
24764.6 2.363415998e-06
24780.7 2.501581013e-06
24796.8 2.625941293e-06
24812.9 2.754906704e-06
24828.9 2.896977522e-06
24845.0 2.937286644e-06
24861.1 2.968581316e-06
24877.2 3.000188485e-06
24893.3 2.818896226e-06
24909.3 2.644692868e-06
24925.4 2.485309229e-06
24941.5 2.409301828e-06
24957.6 2.382577931e-06
24973.7 2.400080492e-06
24989.7 1.719424978e-06
24997.8 5.293994306e-09
25011.3 7.402940299e-09
25024.8 9.899040135e-07
25038.3 6.348576459e-07
25051.8 5.562643724e-09
25065.3 5.290808051e-09
25078.9 5.289404867e-09
25092.4 5.287940782e-09
25105.9 7.871268901e-08
25119.4 2.518466380e-07
25132.9 8.446087742e-07
25146.4 3.208509225e-08
25159.9 7.994918663e-09
25173.4 1.047365710e-06
25187.0 5.313482756e-08
25200.5 7.679101507e-08
25214.0 5.272704271e-09
25227.5 5.270863409e-09
25241.0 5.269014756e-09
25254.5 6.757673314e-09
25268.0 1.424337292e-06
25281.5 4.836710547e-07
25295.1 9.677613629e-08
25308.6 2.171504172e-06
25322.1 2.613010454e-06
25335.6 2.759591905e-06
25349.1 1.993411547e-06
25362.6 1.505265539e-06
25376.1 1.860312551e-06
25389.6 2.955804606e-06
25403.2 2.124892401e-06
25416.7 8.670490614e-07
25430.2 4.877267087e-06
25443.7 4.903722149e-06
25457.2 3.143061667e-06
25470.7 3.743888509e-06
25484.2 4.458541590e-06
25497.7 3.667111766e-06
25511.2 4.071515925e-06
25524.8 4.287831696e-06
25538.3 5.490253702e-06
25551.8 8.682463730e-06
25565.3 6.592445689e-06
25578.8 7.590423605e-06
25592.3 6.603765558e-06
25605.8 9.503243546e-06
25619.3 7.326517007e-06
25632.9 1.029694037e-05
25646.4 1.286917600e-05
25659.9 9.668994954e-06
25673.4 1.040379995e-05
25686.9 1.149619855e-05
25700.4 1.019832325e-05
25713.9 7.377408800e-06
25727.4 7.711143801e-06
25741.0 5.730498502e-06
25754.5 4.124340060e-06
25768.0 5.063077244e-06
25781.5 6.411485401e-06
25795.0 8.208979774e-06
25808.5 5.499779529e-06
25822.0 6.569180237e-06
25835.5 3.912257564e-06
25849.1 4.124020143e-06
25862.6 7.595862187e-06
25876.1 9.535587233e-06
25889.6 7.165020854e-06
25903.1 8.468129585e-06
25916.6 7.833346153e-06
25930.1 1.211525307e-05
25943.6 9.536597322e-06
25957.2 8.312659926e-06
25970.7 6.225342077e-06
25984.2 8.284843349e-06
25997.7 7.114554983e-06
26011.2 8.040043022e-06
26024.7 7.600289163e-06
26038.2 7.357974380e-06
26051.7 5.136068205e-06
26065.3 9.004053157e-06
26078.8 9.082200186e-06
26092.3 7.837515767e-06
26105.8 1.021864152e-05
26119.3 9.209262137e-06
26132.8 8.676214412e-06
26146.3 8.087505881e-06
26159.8 8.007976719e-06
26173.4 6.769331700e-06
26186.9 6.561462495e-06
26200.4 6.265364344e-06
26213.9 6.342699192e-06
26227.4 5.308428630e-06
26240.9 3.857452924e-06
26254.4 6.343061857e-06
26267.9 2.225884285e-06
26281.5 2.150553234e-06
26295.0 2.395207049e-06
26308.5 2.460998953e-06
26322.0 2.118542115e-06
26335.5 3.722954412e-06
26349.0 3.942429592e-06
26362.5 2.185298746e-06
26376.0 2.761081218e-06
26389.5 3.116382097e-06
26403.1 2.799272653e-06
26416.6 4.787356152e-06
26430.1 4.737150433e-06
26443.6 4.911303963e-06
26457.1 4.952849715e-06
26470.6 3.869150115e-06
26484.1 5.727309110e-06
26497.6 3.579199994e-06
26511.2 3.650586842e-06
26524.7 7.104379481e-06
26538.2 6.346960383e-06
26551.7 2.484176072e-06
26565.2 4.794125951e-06
26578.7 1.084398787e-05
26592.2 1.312941688e-05
26605.7 1.205903295e-05
26619.3 1.536480416e-05
26632.8 1.943786224e-05
26646.3 1.863243070e-05
26659.8 2.129741713e-05
26673.3 2.171558835e-05
26686.8 2.265836697e-05
26700.3 2.821509020e-05
26713.8 2.975216543e-05
26727.4 2.965635155e-05
26740.9 3.169069270e-05
26754.4 3.700979672e-05
26767.9 4.098128926e-05
26781.4 4.506171503e-05
26794.9 4.770362149e-05
26808.4 4.547248153e-05
26821.9 5.064306841e-05
26835.5 5.630663957e-05
26849.0 6.304537474e-05
26862.5 6.483551703e-05
26876.0 7.265568118e-05
26889.5 7.528532602e-05
26903.0 7.856634794e-05
26916.5 8.366352984e-05
26930.0 9.221325652e-05
26943.6 9.533700690e-05
26957.1 9.886423277e-05
26970.6 1.032289089e-04
26984.1 1.079575455e-04
26997.6 1.159003195e-04
27011.1 1.221610533e-04
27024.6 1.262764365e-04
27038.1 1.318759936e-04
27051.7 1.392491375e-04
27065.2 1.466670431e-04
27078.7 1.519090400e-04
27092.2 1.588364434e-04
27105.7 1.650197920e-04
27119.2 1.766030525e-04
27132.7 1.865108742e-04
27146.2 1.927467063e-04
27159.8 2.005579006e-04
27173.3 2.124248475e-04
27186.8 2.252990883e-04
27200.3 2.362223748e-04
27213.8 2.511063403e-04
27227.3 2.663776583e-04
27240.8 2.821890820e-04
27254.3 2.987455243e-04
27267.9 3.141893479e-04
27281.4 3.347870020e-04
27294.9 3.596482206e-04
27308.4 3.858482417e-04
27321.9 4.144381348e-04
27335.4 4.433947038e-04
27348.9 4.761292838e-04
27362.4 5.185387941e-04
27375.9 5.557291484e-04
27389.5 6.017040482e-04
27403.0 6.556797912e-04
27416.5 7.172576019e-04
27430.0 7.824141264e-04
27443.5 8.522693029e-04
27457.0 9.324318464e-04
27470.5 1.022422607e-03
27484.0 1.121780553e-03
27497.6 1.226886004e-03
27511.1 1.346132821e-03
27524.6 1.473627495e-03
27538.1 1.610683113e-03
27551.6 1.770885245e-03
27565.1 1.940473627e-03
27578.6 2.123648800e-03
27592.1 2.324317835e-03
27605.7 2.545075031e-03
27619.2 2.781181874e-03
27632.7 3.037256568e-03
27646.2 3.314712422e-03
27659.7 3.615990857e-03
27673.2 3.936030432e-03
27686.7 4.280048459e-03
27700.2 4.648727823e-03
27713.8 5.040594864e-03
27727.3 5.460998501e-03
27740.8 5.906784012e-03
27754.3 6.380890955e-03
27767.8 6.898491294e-03
27781.3 7.453282634e-03
27794.8 8.051255730e-03
27808.3 8.682179243e-03
27821.9 9.367970217e-03
27835.4 1.010867223e-02
27848.9 1.091261854e-02
27862.4 1.177583824e-02
27875.9 1.273300335e-02
27889.4 1.377547395e-02
27902.9 1.491369989e-02
27916.4 1.616293229e-02
27930.0 1.755248596e-02
27943.5 1.908147449e-02
27957.0 2.076913571e-02
27970.5 2.266283018e-02
27984.0 2.478489450e-02
27997.5 2.714135778e-02
28011.0 2.977064608e-02
28024.5 3.272682386e-02
28038.1 3.603692444e-02
28051.6 3.969776926e-02
28065.1 4.386208934e-02
28078.6 4.854252102e-02
28092.1 5.378947542e-02
28105.6 5.962992807e-02
28119.1 6.622973311e-02
28132.6 7.361179364e-02
28146.2 8.180254379e-02
28159.7 9.092574911e-02
28173.2 1.010630474e-01
28186.7 1.123337640e-01
28200.2 1.244989534e-01
28213.7 1.378095456e-01
28227.2 1.521688434e-01
28240.7 1.675189432e-01
28254.2 1.837738684e-01
28267.8 2.007664622e-01
28281.3 2.183163784e-01
28294.8 2.362343487e-01
28308.3 2.543013248e-01
28321.8 2.722091920e-01
28335.3 2.897418342e-01
28348.8 3.067110405e-01
28362.3 3.228707850e-01
28375.9 3.378044786e-01
28389.4 3.519983797e-01
28402.9 3.652336431e-01
28416.4 3.775763051e-01
28429.9 3.884461248e-01
28443.4 3.982728159e-01
28456.9 4.071330002e-01
28470.4 4.150591796e-01
28484.0 4.220596067e-01
28497.5 4.283122389e-01
28511.0 4.338537571e-01
28524.5 4.387683455e-01
28538.0 4.431177185e-01
28551.5 4.469451984e-01
28565.0 4.503154321e-01
28578.5 4.532234648e-01
28592.1 4.557763431e-01
28605.6 4.577054595e-01
28619.1 4.593717087e-01
28632.6 4.610078919e-01
28646.1 4.627083449e-01
28659.6 4.640825378e-01
28673.1 4.650533023e-01
28686.6 4.658633993e-01
28700.2 4.665453796e-01
28713.7 4.670905750e-01
28727.2 4.675416147e-01
28740.7 4.679006590e-01
28754.2 4.681889620e-01
28767.7 4.684504085e-01
28781.2 4.686714253e-01
28794.7 4.688865369e-01
28808.3 4.690802731e-01
28821.8 4.692760734e-01
28835.3 4.694679842e-01
28848.8 4.696587132e-01
28862.3 4.693221635e-01
28875.8 4.695545930e-01
28889.3 4.697979866e-01
28902.8 4.700434968e-01
28916.4 4.702885119e-01
28929.9 4.710682831e-01
28943.4 4.713311576e-01
28956.9 4.715974449e-01
28970.4 4.718478594e-01
28983.9 4.720811931e-01
28997.4 4.722988310e-01
29010.9 4.724958618e-01
29024.5 4.726701984e-01
29038.0 4.728130645e-01
29051.5 4.729481900e-01
29065.0 4.730496206e-01
29078.5 4.731103014e-01
29092.0 4.731439604e-01
29105.5 4.728420869e-01
29119.0 4.725969596e-01
29132.5 4.725692648e-01
29146.1 4.725374042e-01
29159.6 4.724869539e-01
29173.1 4.724080930e-01
29186.6 4.723313190e-01
29200.1 4.722495977e-01
29213.6 4.721828084e-01
29227.1 4.721087794e-01
29240.6 4.720289853e-01
29254.2 4.719418857e-01
29267.7 4.722769301e-01
29281.2 4.723511475e-01
29294.7 4.723024279e-01
29308.2 4.722683703e-01
29321.7 4.722219353e-01
29335.2 4.721820181e-01
29348.7 4.721360753e-01
29362.3 4.720872567e-01
29375.8 4.717166071e-01
29389.3 4.714285452e-01
29402.8 4.713893298e-01
29416.3 4.713285423e-01
29429.8 4.712665891e-01
29443.3 4.717624769e-01
29456.8 4.716868408e-01
29470.4 4.716146616e-01
29483.9 4.715341475e-01
29497.4 4.714466165e-01
29510.9 4.718456222e-01
29524.4 4.717685291e-01
29537.9 4.716878891e-01
29551.4 4.716266803e-01
29564.9 4.715702535e-01
29578.5 4.715335383e-01
29592.0 4.715206975e-01
29605.5 4.715246737e-01
29619.0 4.715585021e-01
29632.5 4.716205441e-01
29646.0 4.717231261e-01
29659.5 4.718636305e-01
29673.0 4.720611331e-01
29686.6 4.722803711e-01
29700.1 4.725397781e-01
29713.6 4.728390368e-01
29727.1 4.731924033e-01
29740.6 4.736020105e-01
29754.1 4.745032136e-01
29767.6 4.756502387e-01
29781.1 4.761740914e-01
29794.7 4.767409614e-01
29808.2 4.773324330e-01
29821.7 4.779544266e-01
29835.2 4.786038997e-01
29848.7 4.792780918e-01
29862.2 4.799615411e-01
29875.7 4.806505824e-01
29889.2 4.818168678e-01
29902.8 4.825479140e-01
29916.3 4.832366499e-01
29929.8 4.839109169e-01
29943.3 4.845784996e-01
29956.8 4.852114254e-01
29970.3 4.858301400e-01
29983.8 4.864187558e-01
29997.3 4.869768346e-01
30010.9 4.875618717e-01
30024.4 4.885453650e-01
30037.9 4.890416659e-01
30051.4 4.894919056e-01
30064.9 4.901982318e-01
30078.4 4.908747873e-01
30091.9 4.912318849e-01
30105.4 4.915520596e-01
30118.9 4.918625193e-01
30132.5 4.921424485e-01
30146.0 4.923935555e-01
30159.5 4.926204997e-01
30173.0 4.928422693e-01
30186.5 4.930428057e-01
30200.0 4.932252576e-01
30213.5 4.933942243e-01
30227.0 4.935555222e-01
30240.6 4.937061676e-01
30254.1 4.938386149e-01
30267.6 4.939609441e-01
30281.1 4.940655350e-01
30294.6 4.941718678e-01
30308.1 4.942659477e-01
30321.6 4.943495134e-01
30335.1 4.944069963e-01
30348.7 4.944548863e-01
30362.2 4.946072219e-01
30375.7 4.950799253e-01
30389.2 4.950670678e-01
30402.7 4.950355193e-01
30416.2 4.949770957e-01
30429.7 4.948973372e-01
30443.2 4.947944944e-01
30456.8 4.946685975e-01
30470.3 4.945222945e-01
30483.8 4.945520698e-01
30497.3 4.946960868e-01
30510.8 4.945028362e-01
30524.3 4.943021918e-01
30537.8 4.940902457e-01
30551.3 4.938821339e-01
30564.9 4.936730482e-01
30578.4 4.934768067e-01
30591.9 4.932902657e-01
30605.4 4.931244149e-01
30618.9 4.929681732e-01
30632.4 4.928467195e-01
30645.9 4.927557581e-01
30659.4 4.932608357e-01
30673.0 4.932801990e-01
30686.5 4.936657675e-01
30700.0 4.939288805e-01
30713.5 4.940435942e-01
30727.0 4.941890024e-01
30740.5 4.943777282e-01
30754.0 4.946116408e-01
30767.5 4.948784245e-01
30781.1 4.951769224e-01
30794.6 4.955102120e-01
30808.1 4.958623446e-01
30821.6 4.962216531e-01
30835.1 4.965833021e-01
30848.6 4.969480231e-01
30862.1 4.973131686e-01
30875.6 4.976623542e-01
30889.2 4.979921663e-01
30902.7 4.982877538e-01
30916.2 4.985634741e-01
30929.7 4.987920501e-01
30943.2 4.995862322e-01
30956.7 4.997373144e-01
30970.2 4.998503868e-01
30983.7 4.999158742e-01
30997.2 4.999548516e-01
31010.8 4.999566115e-01
31024.3 4.999408146e-01
31037.8 4.999130856e-01
31051.3 4.998801165e-01
31064.8 4.998491494e-01
31078.3 4.998488723e-01
31091.8 4.998620859e-01
31105.3 4.999112957e-01
31118.9 4.999924413e-01
31132.4 5.001232120e-01
31145.9 5.002899960e-01
31159.4 5.004931380e-01
31172.9 5.007256073e-01
31186.4 5.009564055e-01
31199.9 5.011478082e-01
31213.4 5.018766435e-01
31227.0 5.018782817e-01
31240.5 5.017253610e-01
31254.0 5.012976937e-01
31267.5 5.005435457e-01
31281.0 4.993315182e-01
31294.5 4.975468959e-01
31308.0 4.951275828e-01
31321.5 4.918060234e-01
31335.1 4.876137481e-01
31348.6 4.822686282e-01
31362.1 4.757759146e-01
31375.6 4.679957874e-01
31389.1 4.587907586e-01
31402.6 4.482995338e-01
31416.1 4.361922042e-01
31429.6 4.228647282e-01
31443.2 4.081589096e-01
31456.7 3.923187080e-01
31470.2 3.755210980e-01
31483.7 3.582076104e-01
31497.2 3.399837974e-01
31510.7 3.212562509e-01
31524.2 3.024506126e-01
31537.7 2.837326608e-01
31551.3 2.652666671e-01
31564.8 2.473293309e-01
31578.3 2.299364165e-01
31591.8 2.133244791e-01
31605.3 1.975406691e-01
31618.8 1.826525733e-01
31632.3 1.687125682e-01
31645.8 1.556988273e-01
31659.4 1.436310896e-01
31672.9 1.324767475e-01
31686.4 1.221988326e-01
31699.9 1.127462298e-01
31713.4 1.040860370e-01
31726.9 9.623214369e-02
31740.4 8.900835291e-02
31753.9 8.238002787e-02
31767.5 7.632263548e-02
31781.0 7.080184575e-02
31794.5 6.575856947e-02
31808.0 6.115014782e-02
31821.5 5.694514141e-02
31835.0 5.309811510e-02
31848.5 4.958533210e-02
31862.0 4.636742619e-02
31875.5 4.341707468e-02
31889.1 4.071599749e-02
31902.6 3.823091595e-02
31916.1 3.594772220e-02
31929.6 3.384948400e-02
31943.1 3.191164229e-02
31956.6 3.012733137e-02
31970.1 2.848068172e-02
31983.6 2.698191260e-02
31997.2 2.556161293e-02
32010.7 2.424385895e-02
32024.2 2.301969628e-02
32037.7 2.188291135e-02
32051.2 2.082155063e-02
32064.7 1.982659748e-02
32078.2 1.889330666e-02
32091.7 1.801681314e-02
32105.3 1.719856053e-02
32118.8 1.642886567e-02
32132.3 1.568055956e-02
32145.8 1.499441908e-02
32159.3 1.434494571e-02
32172.8 1.372688432e-02
32186.3 1.314062586e-02
32199.8 1.258314130e-02
32213.4 1.205354996e-02
32226.9 1.154789473e-02
32240.4 1.105375432e-02
32253.9 1.058097540e-02
32267.4 1.012917623e-02
32280.9 9.694600678e-03
32294.4 9.278425779e-03
32307.9 8.875736169e-03
32321.5 8.488546269e-03
32335.0 8.117690199e-03
32348.5 7.757189901e-03
32362.0 7.407286346e-03
32375.5 7.063871887e-03
32389.0 6.728644868e-03
32402.5 6.406579058e-03
32416.0 6.096102207e-03
32429.6 5.795869698e-03
32443.1 5.505391853e-03
32456.6 5.225086871e-03
32470.1 4.952605358e-03
32483.6 4.688231769e-03
32497.1 4.430134287e-03
32510.6 4.181300246e-03
32524.1 3.943247685e-03
32537.7 3.717138353e-03
32551.2 3.502723144e-03
32564.7 3.293163439e-03
32578.2 3.088517821e-03
32591.7 2.894800275e-03
32605.2 2.711027953e-03
32618.7 2.539590225e-03
32632.2 2.378334153e-03
32645.8 2.220172473e-03
32659.3 2.066534612e-03
32672.8 1.924502025e-03
32686.3 1.792329109e-03
32699.8 1.666051791e-03
32713.3 1.548960032e-03
32726.8 1.441115662e-03
32740.3 1.338032024e-03
32753.9 1.239666282e-03
32767.4 1.150728264e-03
32780.9 1.067962873e-03
32794.4 9.879999099e-04
32807.9 9.147011872e-04
32821.4 8.483435796e-04
32834.9 7.834568950e-04
32848.4 7.233243221e-04
32861.9 6.698543216e-04
32875.5 6.197914187e-04
32889.0 5.717242998e-04
32902.5 5.282349952e-04
32916.0 4.873267873e-04
32929.5 4.485226239e-04
32943.0 4.139743255e-04
32956.5 3.824452867e-04
32970.0 3.519032985e-04
32983.6 3.244425947e-04
32997.1 3.013605038e-04
33010.6 2.777249560e-04
33024.1 2.563597606e-04
33037.6 2.382622103e-04
33051.1 2.191036312e-04
33064.6 1.998754901e-04
33078.1 1.822938271e-04
33091.7 1.687564634e-04
33105.2 1.566603419e-04
33118.7 1.434784406e-04
33132.2 1.306877175e-04
33145.7 1.211955112e-04
33159.2 1.128180730e-04
33172.7 1.025884321e-04
33186.2 9.490814377e-05
33199.8 9.035373948e-05
33213.3 8.687306224e-05
33226.8 8.094987455e-05
33240.3 7.669028954e-05
33253.8 7.334316684e-05
33267.3 6.951697764e-05
33280.8 6.700567747e-05
33294.3 6.405618278e-05
33307.9 6.060379591e-05
33321.4 5.652158932e-05
33334.9 5.180047252e-05
33348.4 4.899984954e-05
33361.9 4.989544145e-05
33375.4 4.871884780e-05
33388.9 4.500304184e-05
33402.4 4.161827603e-05
33416.0 3.842624667e-05
33429.5 3.731532622e-05
33443.0 3.742983909e-05
33456.5 3.924554915e-05
33470.0 3.981359432e-05
33483.5 4.031196846e-05
33497.0 4.129793393e-05
33510.5 4.000735224e-05
33524.1 4.012587050e-05
33537.6 3.914652387e-05
33551.1 3.740211701e-05
33564.6 3.503334001e-05
33578.1 3.344350229e-05
33591.6 3.479075137e-05
33605.1 3.626761440e-05
33618.6 3.663123125e-05
33632.2 3.544445709e-05
33645.7 3.288337364e-05
33659.2 3.250344029e-05
33672.7 3.344743335e-05
33686.2 3.222974316e-05
33699.7 3.040983208e-05
33713.2 3.054521138e-05
33726.7 3.125619703e-05
33740.2 3.147339178e-05
33753.8 2.942049330e-05
33767.3 2.914633345e-05
33780.8 3.047072033e-05
33794.3 3.068961860e-05
33807.8 3.033429055e-05
33821.3 2.896199352e-05
33834.8 3.022447784e-05
33848.3 3.004878011e-05
33861.9 2.894209696e-05
33875.4 2.544718932e-05
33888.9 2.297385091e-05
33902.4 2.369190473e-05
33915.9 2.547704439e-05
33929.4 2.729364802e-05
33942.9 3.002184153e-05
33956.4 3.108266009e-05
33970.0 3.151171514e-05
33983.5 3.076020337e-05
33997.0 2.966688854e-05
34010.5 3.027833833e-05
34024.0 3.272845399e-05
34037.5 3.496378089e-05
34051.0 3.470674513e-05
34064.5 3.347311867e-05
34078.1 3.193479198e-05
34091.6 3.149226021e-05
34105.1 3.082036566e-05
34118.6 3.012426201e-05
34132.1 3.116136236e-05
34145.6 3.034149217e-05
34159.1 3.155676417e-05
34172.6 3.272435428e-05
34186.2 3.528381049e-05
34199.7 3.656750458e-05
34213.2 3.617757252e-05
34226.7 3.514182933e-05
34240.2 3.614132769e-05
34253.7 3.863086071e-05
34267.2 3.870961306e-05
34280.7 3.686859734e-05
34294.3 3.392225781e-05
34307.8 3.268533453e-05
34321.3 3.529039985e-05
34334.8 3.784935122e-05
34348.3 3.967892323e-05
34361.8 4.076055353e-05
34375.3 3.940926818e-05
34388.8 3.781849136e-05
34402.4 3.660716378e-05
34415.9 3.657226931e-05
34429.4 3.663048386e-05
34442.9 3.883240484e-05
34456.4 4.172211826e-05
34469.9 4.283984817e-05
34483.4 4.325420978e-05
34496.9 4.346205204e-05
34510.5 4.413977487e-05
34524.0 4.194661119e-05
34537.5 4.042698521e-05
34551.0 4.478139947e-05
34564.5 4.787856405e-05
34578.0 4.852166021e-05
34591.5 4.848662404e-05
34605.0 4.698084378e-05
34618.5 4.508495273e-05
34632.1 4.183848917e-05
34645.6 3.885997626e-05
34659.1 3.778428492e-05
34672.6 3.990804224e-05
34686.1 4.229307699e-05
34699.6 4.063701801e-05
34713.1 3.968532795e-05
34726.6 3.914823382e-05
34740.2 3.712230272e-05
34753.7 3.570447070e-05
34767.2 3.608999812e-05
34780.7 3.659114425e-05
34794.2 3.467833493e-05
34807.7 3.463545341e-05
34821.2 3.854365623e-05
34834.7 4.006898492e-05
34848.3 4.100276525e-05
34861.8 4.143882792e-05
34875.3 4.133890511e-05
34888.8 4.275934673e-05
34902.3 4.227380545e-05
34915.8 4.082109158e-05
34929.3 3.853329585e-05
34942.8 3.905012563e-05
34956.4 4.255726733e-05
34969.9 4.289120248e-05
34983.4 4.288262458e-05
34996.9 4.106948947e-05
35010.4 3.700661978e-05
35023.9 3.601813456e-05
35037.4 3.551777457e-05
35050.9 3.487875643e-05
35064.5 3.339536126e-05
35078.0 3.049633097e-05
35091.5 3.011245622e-05
35105.0 2.999486853e-05
35118.5 2.971790980e-05
35132.0 2.963061869e-05
35145.5 2.703678815e-05
35159.0 2.525017610e-05
35172.6 2.322906328e-05
35186.1 2.122838968e-05
35199.6 2.026169315e-05
35213.1 1.965649533e-05
35226.6 1.887905530e-05
35240.1 1.685127485e-05
35253.6 1.407492038e-05
35267.1 1.406035731e-05
35280.7 1.517592533e-05
35294.2 1.464888328e-05
35307.7 1.193118213e-05
35321.2 1.133544393e-05
35334.7 1.131740624e-05
35348.2 1.169583738e-05
35361.7 1.149348532e-05
35375.2 1.111996952e-05
35388.8 1.188716961e-05
35402.3 1.321935298e-05
35415.8 1.203804663e-05
35429.3 9.823350876e-06
35442.8 8.347091436e-06
35456.3 8.112408646e-06
35469.8 1.009959106e-05
35483.3 1.400086231e-05
35496.8 1.455627060e-05
35510.4 1.313224646e-05
35523.9 1.022666787e-05
35537.4 1.022295316e-05
35550.9 1.283404136e-05
35564.4 1.472346632e-05
35577.9 1.443425198e-05
35591.4 1.325769987e-05
35604.9 1.440237311e-05
35618.5 1.609181277e-05
35632.0 1.602687258e-05
35645.5 1.616714400e-05
35659.0 1.621252569e-05
35672.5 1.717604242e-05
35686.0 1.857515210e-05
35699.5 1.898186182e-05
35713.0 1.924953872e-05
35726.6 1.849681309e-05
35740.1 1.835564717e-05
35753.6 1.939128481e-05
35767.1 2.047727908e-05
35780.6 2.098452401e-05
35794.1 2.031594032e-05
35807.6 1.882064346e-05
35821.1 2.083191608e-05
35834.7 2.276565430e-05
35848.2 2.337809746e-05
35861.7 2.365529868e-05
35875.2 2.289521770e-05
35888.7 2.269007180e-05
35902.2 2.305670674e-05
35915.7 2.291071890e-05
35929.2 2.356642305e-05
35942.8 2.384497781e-05
35956.3 2.515092020e-05
35969.8 2.788006816e-05
35983.3 2.784219181e-05
35996.8 2.697752819e-05
36010.3 2.699512419e-05
36023.8 2.654980869e-05
36037.3 2.548775179e-05
36050.9 2.460606028e-05
36064.4 2.283239543e-05
36077.9 2.243086664e-05
36091.4 2.243996481e-05
36104.9 2.547968708e-05
36118.4 2.929993880e-05
36131.9 2.928512848e-05
36145.4 2.967839652e-05
36159.0 2.955668485e-05
36172.5 2.880404999e-05
36186.0 3.018059980e-05
36199.5 3.088984280e-05
36213.0 2.965817204e-05
36226.5 2.934225717e-05
36240.0 2.987831512e-05
36253.5 3.094295450e-05
36267.1 3.235459950e-05
36280.6 3.508187759e-05
36294.1 3.841973513e-05
36307.6 3.973194976e-05
36321.1 4.024693667e-05
36334.6 3.897916093e-05
36348.1 3.647072044e-05
36361.6 3.714545957e-05
36375.2 3.798483314e-05
36388.7 3.738548396e-05
36402.2 3.915833949e-05
36415.7 4.050698062e-05
36429.2 3.984111670e-05
36442.7 4.041687721e-05
36456.2 4.075570421e-05
36469.7 4.048270870e-05
36483.2 4.079795163e-05
36496.8 4.012482931e-05
36510.3 3.894995067e-05
36523.8 3.759705709e-05
36537.3 3.779718084e-05
36550.8 4.018124263e-05
36564.3 3.937572916e-05
36577.8 3.763369135e-05
36591.3 3.995424213e-05
36604.9 4.276090025e-05
36618.4 4.455855169e-05
36631.9 4.681779986e-05
36645.4 4.756590364e-05
36658.9 4.755856557e-05
36672.4 4.824834179e-05
36685.9 4.840555084e-05
36699.4 4.861064529e-05
36713.0 4.949126857e-05
36726.5 5.117887807e-05
36740.0 5.227781109e-05
36753.5 5.124269926e-05
36767.0 4.961826760e-05
36780.5 4.878672738e-05
36794.0 4.722154317e-05
36807.5 4.460492984e-05
36821.1 4.238717838e-05
36834.6 4.449544799e-05
36848.1 5.071524807e-05
36861.6 5.333858204e-05
36875.1 5.279267725e-05
36888.6 5.309109422e-05
36902.1 5.140128329e-05
36915.6 4.948269075e-05
36929.2 5.061824436e-05
36942.7 5.275690873e-05
36956.2 5.514625576e-05
36969.7 5.618938475e-05
36983.2 5.367652147e-05
36996.7 5.085126658e-05
37010.2 4.908030829e-05
37023.7 4.793721125e-05
37037.3 4.944206282e-05
37050.8 5.222539442e-05
37064.3 5.386314612e-05
37077.8 5.470295496e-05
37091.3 5.448665632e-05
37104.8 5.376129647e-05
37118.3 5.292683989e-05
37131.8 5.112202149e-05
37145.4 4.941953771e-05
37158.9 4.766283560e-05
37172.4 4.557921158e-05
37185.9 4.681376320e-05
37199.4 5.064970252e-05
37212.9 5.252837435e-05
37226.4 5.275668328e-05
37239.9 5.031914354e-05
37253.5 4.616155784e-05
37267.0 4.562493510e-05
37280.5 4.792964735e-05
37294.0 4.951264057e-05
37307.5 5.127474092e-05
37321.0 5.333148464e-05
37334.5 5.437455796e-05
37348.0 5.487341915e-05
37361.5 5.373501870e-05
37375.1 5.126428179e-05
37388.6 4.901773370e-05
37402.1 4.705935546e-05
37415.6 4.677535120e-05
37429.1 4.711929686e-05
37442.6 4.666458096e-05
37456.1 4.868574449e-05
37469.6 5.274130773e-05
37483.2 5.375008805e-05
37496.7 5.187308270e-05
37510.2 5.021194947e-05
37523.7 5.004713299e-05
37537.2 5.161067046e-05
37550.7 5.226974292e-05
37564.2 5.080383030e-05
37577.7 4.924322232e-05
37591.3 4.733831100e-05
37604.8 4.518498664e-05
37618.3 4.470420309e-05
37631.8 4.478242586e-05
37645.3 4.362562417e-05
37658.8 4.126804412e-05
37672.3 3.796512916e-05
37685.8 3.651841239e-05
37699.4 3.904462639e-05
37712.9 4.149731149e-05
37726.4 4.048467594e-05
37739.9 3.912631348e-05
37753.4 3.903610502e-05
37766.9 3.942602220e-05
37780.4 3.995938768e-05
37793.9 4.006235028e-05
37807.5 3.953425376e-05
37821.0 3.886126090e-05
37834.5 3.756127942e-05
37848.0 3.671524253e-05
37861.5 3.714072988e-05
37875.0 3.621032379e-05
37888.5 3.429443838e-05
37902.0 3.437323557e-05
37915.6 3.571792172e-05
37929.1 3.652026246e-05
37942.6 3.804896691e-05
37956.1 3.920797279e-05
37969.6 4.009335591e-05
37983.1 4.055959682e-05
37996.6 3.986750536e-05
38010.1 3.855975817e-05
38023.7 3.780891033e-05
38037.2 3.784789425e-05
38050.7 3.771731211e-05
38064.2 3.571965601e-05
38077.7 3.398273199e-05
38091.2 3.560636997e-05
38104.7 3.823611748e-05
38118.2 3.912391562e-05
38131.8 3.805498064e-05
38145.3 3.545884956e-05
38158.8 3.381490271e-05
38172.3 3.462336714e-05
38185.8 3.487342357e-05
38199.3 3.343814142e-05
38212.8 3.374066662e-05
38226.3 3.537768875e-05
38239.8 3.510517529e-05
38253.4 3.373349379e-05
38266.9 3.336560940e-05
38280.4 3.332350825e-05
38293.9 3.276676487e-05
38307.4 3.095660158e-05
38320.9 2.832406999e-05
38334.4 2.846515400e-05
38347.9 3.058731252e-05
38361.5 3.109349466e-05
38375.0 3.222614412e-05
38388.5 3.312682344e-05
38402.0 3.169218209e-05
38415.5 3.169442000e-05
38429.0 3.248136012e-05
38442.5 3.183153402e-05
38456.0 3.211666033e-05
38469.6 3.322598843e-05
38483.1 3.232199512e-05
38496.6 2.988360065e-05
38510.1 2.884242672e-05
38523.6 2.918055268e-05
38537.1 2.891994797e-05
38550.6 2.817520620e-05
38564.1 2.722037084e-05
38577.7 2.658071982e-05
38591.2 2.576084638e-05
38604.7 2.377831423e-05
38618.2 2.517361309e-05
38631.7 3.006878605e-05
38645.2 3.127430092e-05
38658.7 3.018066629e-05
38672.2 3.067513984e-05
38685.8 3.065574193e-05
38699.3 2.989635801e-05
38712.8 3.024051833e-05
38726.3 3.131160568e-05
38739.8 3.033592766e-05
38753.3 2.850258899e-05
38766.8 2.795457329e-05
38780.3 2.871513428e-05
38793.9 2.931048746e-05
38807.4 2.889363547e-05
38820.9 2.848873252e-05
38834.4 2.977300736e-05
38847.9 3.033333855e-05
38861.4 2.995152937e-05
38874.9 3.062190215e-05
38888.4 3.160398455e-05
38902.0 3.168199462e-05
38915.5 3.167844089e-05
38929.0 3.144565654e-05
38942.5 3.084110301e-05
38956.0 3.100200830e-05
38969.5 3.243706812e-05
38983.0 3.281721636e-05
38996.5 3.206860511e-05
39010.1 3.278538562e-05
39023.6 3.321188150e-05
39037.1 3.144270571e-05
39050.6 2.936326596e-05
39064.1 2.959105250e-05
39077.6 3.234064699e-05
39091.1 3.490094542e-05
39104.6 3.495221623e-05
39118.2 3.339321922e-05
39131.7 3.208319519e-05
39145.2 3.035910646e-05
39158.7 2.922626888e-05
39172.2 3.199624566e-05
39185.7 3.539215887e-05
39199.2 3.606621712e-05
39212.7 3.447679372e-05
39226.2 3.101927991e-05
39239.8 2.807937347e-05
39253.3 2.848952814e-05
39266.8 3.053946287e-05
39280.3 3.095219262e-05
39293.8 2.994978547e-05
39307.3 2.966069726e-05
39320.8 2.907396213e-05
39334.3 2.868422487e-05
39347.9 3.034098965e-05
39361.4 3.283045733e-05
39374.9 3.506909204e-05
39388.4 3.595283141e-05
39401.9 3.472624277e-05
39415.4 3.260471269e-05
39428.9 3.165942061e-05
39442.4 3.210087494e-05
39456.0 3.161724557e-05
39469.5 3.029502454e-05
39483.0 2.961903805e-05
39496.5 3.024181230e-05
39510.0 3.190487486e-05
39523.5 3.303360367e-05
39537.0 3.265743948e-05
39550.5 3.168530436e-05
39564.1 3.031483871e-05
39577.6 2.771748102e-05
39591.1 2.561183035e-05
39604.6 2.438695858e-05
39618.1 2.235203682e-05
39631.6 2.290561520e-05
39645.1 2.673117312e-05
39658.6 3.028969546e-05
39672.2 2.924761700e-05
39685.7 2.624760976e-05
39699.2 2.506935840e-05
39712.7 2.435639269e-05
39726.2 2.431948570e-05
39739.7 2.587536774e-05
39753.2 2.719761041e-05
39766.7 2.810205342e-05
39780.3 2.872923394e-05
39793.8 2.828579791e-05
39807.3 2.735327232e-05
39820.8 2.901561096e-05
39834.3 3.189779833e-05
39847.8 3.122782726e-05
39861.3 2.997316490e-05
39874.8 2.949262784e-05
39888.4 2.905370413e-05
39901.9 2.856737534e-05
39915.4 2.840273894e-05
39928.9 2.834644635e-05
39942.4 2.759509160e-05
39955.9 2.750125147e-05
39969.4 2.728167306e-05
39982.9 2.714787210e-05
39996.5 2.758172001e-05
40010.0 2.761995647e-05
40023.5 2.627474832e-05
40037.0 2.400374069e-05
40050.5 2.267448225e-05
40064.0 2.260937574e-05
40077.5 2.476182202e-05
40091.0 2.771026051e-05
40104.5 2.877516084e-05
40118.1 2.735483255e-05
40131.6 2.564274424e-05
40145.1 2.512752738e-05
40158.6 2.475275707e-05
40172.1 2.488509508e-05
40185.6 2.481310684e-05
40199.1 2.372036526e-05
40212.6 2.331453762e-05
40226.2 2.455884181e-05
40239.7 2.696833319e-05
40253.2 2.843017141e-05
40266.7 2.828858185e-05
40280.2 2.606378124e-05
40293.7 2.403576442e-05
40307.2 2.194687321e-05
40320.7 2.044533307e-05
40334.3 2.051562342e-05
40347.8 1.965858198e-05
40361.3 1.926786670e-05
40374.8 1.769638985e-05
40388.3 1.484794202e-05
40401.8 1.375177236e-05
40415.3 1.275763913e-05
40428.8 1.312808454e-05
40442.4 1.238835959e-05
40455.9 1.275565744e-05
40469.4 1.378497807e-05
40482.9 1.529143224e-05
40496.4 1.593770344e-05
40509.9 1.597176562e-05
40523.4 1.347846198e-05
40536.9 1.158851669e-05
40550.5 1.095287454e-05
40564.0 1.238665225e-05
40577.5 1.510627750e-05
40591.0 1.550445115e-05
40604.5 1.323524048e-05
40618.0 1.178560554e-05
40631.5 1.204379441e-05
40645.0 1.316854008e-05
40658.6 1.430210130e-05
40672.1 1.240444708e-05
40685.6 1.068647228e-05
40699.1 1.041446241e-05
40712.6 1.118288938e-05
40726.1 1.198761050e-05
40739.6 1.030198453e-05
40753.1 8.700193178e-06
40766.7 7.527653298e-06
40780.2 5.875265382e-06
40793.7 5.967385731e-06
40807.2 8.040523844e-06
40820.7 1.105205396e-05
40834.2 1.168489299e-05
40847.7 1.171749645e-05
40861.2 9.832875230e-06
40874.8 7.399201193e-06
40888.3 6.723594737e-06
40901.8 7.826906528e-06
40915.3 8.895647569e-06
40928.8 9.434640899e-06
40942.3 1.093969744e-05
40955.8 1.249353203e-05
40969.3 1.287878229e-05
40982.8 1.061098600e-05
40996.4 9.325956732e-06
41009.9 9.992547989e-06
41023.4 8.855329803e-06
41036.9 8.611133732e-06
41050.4 8.830279550e-06
41063.9 9.555392409e-06
41077.4 1.014658134e-05
41090.9 9.579071078e-06
41104.5 8.198665292e-06
41118.0 6.446217503e-06
41131.5 5.468264897e-06
41145.0 5.738371154e-06
41158.5 5.483100024e-06
41172.0 3.428275035e-06
41185.5 3.098771212e-06
41199.0 3.451314404e-06
41212.6 4.010204683e-06
41226.1 2.964989991e-06
41239.6 2.588913613e-06
41253.1 2.645449434e-06
41266.6 3.609100008e-06
41280.1 4.655752525e-06
41293.6 5.845093237e-06
41307.1 5.509383089e-06
41320.7 6.189356055e-06
41334.2 9.244265479e-06
41347.7 9.333985708e-06
41361.2 6.694030657e-06
41374.7 4.325817306e-06
41388.2 3.729002752e-06
41401.7 3.751437735e-06
41415.2 4.385466816e-06
41428.8 4.701230361e-06
41442.3 4.422575336e-06
41455.8 4.217568246e-06
41469.3 4.555074942e-06
41482.8 4.732361732e-06
41496.3 4.953156161e-06
41509.8 5.240237638e-06
41523.3 6.172539910e-06
41536.9 5.856287336e-06
41550.4 3.916770623e-06
41563.9 3.680600900e-06
41577.4 3.492451667e-06
41590.9 4.085855751e-06
41604.4 4.430847146e-06
41617.9 5.915253942e-06
41631.4 5.537512139e-06
41645.0 6.421170891e-06
41658.5 6.076498870e-06
41672.0 3.077725684e-06
41685.5 6.879061157e-08
41699.0 1.505341026e-08
41712.5 6.916795140e-07
41726.0 2.105913263e-06
41739.5 2.874579044e-06
41753.1 3.159620219e-06
41766.6 3.541705174e-06
41780.1 3.882709097e-06
41793.6 4.021117723e-06
41807.1 3.914254392e-06
41820.6 2.757194623e-06
41834.1 1.626565500e-06
41847.6 2.699738892e-07
41861.1 2.260348630e-07
41874.7 3.248854859e-07
41888.2 6.770940212e-07
41901.7 1.823518562e-06
41915.2 2.932650314e-06
41928.7 2.756062421e-06
41942.2 1.669500450e-06
41955.7 1.386128105e-06
41969.2 1.741560847e-06
41982.8 1.833049752e-06
41996.3 1.877705604e-06
42009.8 2.004298063e-06
42023.3 9.614941941e-07
42036.8 1.278898740e-07
42050.3 1.524614842e-06
42063.8 2.459537617e-06
42077.3 2.033097718e-06
42090.9 2.410976861e-06
42104.4 2.562270075e-06
42117.9 4.014023612e-06
42131.4 5.765644780e-06
42144.9 7.042619584e-06
42158.4 6.553400442e-06
42171.9 3.243504465e-06
42185.4 1.453927986e-06
42199.0 1.511505035e-06
42212.5 1.790607990e-06
42226.0 3.663144693e-06
42239.5 4.479106221e-06
42253.0 5.155072344e-06
42266.5 4.624306963e-06
42280.0 3.639786686e-06
42293.5 3.045639143e-06
42307.1 3.962734550e-06
42320.6 4.989849188e-06
42334.1 5.760296081e-06
42347.6 6.028939471e-06
42361.1 5.101404810e-06
42374.6 4.265650275e-06
42388.1 3.776504250e-06
42401.6 4.650970998e-06
42415.2 5.853692794e-06
42428.7 5.793757137e-06
42442.2 3.836854747e-06
42455.7 2.424639975e-06
42469.2 1.548105223e-06
42482.7 3.655827966e-07
42496.2 6.372566073e-09
42509.7 5.059412184e-08
42523.3 1.471729734e-08
42536.8 1.631319828e-08
42550.3 1.495282477e-06
42563.8 1.636177729e-06
42577.3 9.910258760e-07
42590.8 9.685213864e-07
42604.3 2.083873521e-06
42617.8 3.306139047e-06
42631.4 2.269712008e-06
42644.9 2.202297303e-06
42658.4 3.231943343e-06
42671.9 3.720239655e-06
42685.4 2.138808363e-06
42698.9 1.205817692e-06
42712.4 1.795172968e-06
42725.9 2.786566565e-06
42739.5 3.070550572e-06
42753.0 2.692458517e-06
42766.5 2.494183119e-06
42780.0 3.098509185e-06
42793.5 4.838614052e-06
42807.0 5.466083985e-06
42820.5 4.153990070e-06
42834.0 2.531545047e-06
42847.5 1.661785570e-06
42861.1 6.574622347e-07
42874.6 4.566939847e-08
42888.1 2.892701407e-07
42901.6 1.534685074e-06
42915.1 3.124740118e-06
42928.6 2.379964735e-06
42942.1 1.704459965e-07
42955.6 7.435822732e-09
42969.2 9.886348702e-08
42982.7 2.927411902e-07
42996.2 5.110592311e-07
43009.7 4.007219265e-07
43023.2 9.998490807e-08
43036.7 1.007693717e-08
43050.2 2.114428564e-08
43063.7 1.082994930e-06
43077.3 1.956728068e-06
43090.8 1.821665388e-06
43104.3 1.941170253e-06
43117.8 2.549342485e-06
43131.3 2.993539332e-06
43144.8 2.746926413e-06
43158.3 1.715663440e-06
43171.8 2.338360849e-06
43185.4 3.120819847e-06
43198.9 2.934046456e-06
43212.4 2.279922173e-06
43225.9 1.430903250e-06
43239.4 9.349783613e-07
43252.9 7.484277690e-07
43266.4 1.267804445e-06
43279.9 2.555164520e-06
43293.5 2.374271401e-06
43307.0 9.326238955e-07
43320.5 3.657848237e-07
43334.0 2.260701389e-07
43347.5 1.569065871e-06
43361.0 2.789465914e-06
43374.5 2.355207707e-06
43388.0 2.300102487e-06
43401.6 1.668321635e-06
43415.1 1.149584071e-06
43428.6 3.150114694e-06
43442.1 3.125586515e-06
43455.6 2.013909337e-06
43469.1 9.001270152e-07
43482.6 9.554544506e-07
43496.1 9.124209110e-07
43509.7 1.126500140e-06
43523.2 3.127990418e-06
43536.7 3.133441023e-06
43550.2 3.257582489e-06
43563.7 3.285697998e-06
43577.2 3.392254978e-06
43590.7 3.772699465e-06
43604.2 4.471565819e-06
43617.8 4.316937672e-06
43631.3 4.010549798e-06
43644.8 3.515251938e-06
43658.3 3.791990925e-06
43671.8 3.917447356e-06
43685.3 1.942660951e-06
43698.8 1.362164566e-06
43712.3 5.079731420e-07
43725.8 1.585108729e-08
43739.4 1.262484634e-08
43752.9 1.947007101e-07
43766.4 8.204286847e-09
43779.9 2.947302731e-08
43793.4 5.604609868e-07
43806.9 2.065399870e-06
43820.4 2.002776472e-06
43833.9 1.926538650e-06
43847.5 1.790018412e-06
43861.0 1.554132238e-06
43874.5 1.182741386e-06
43888.0 1.590896156e-06
43901.5 1.493758777e-06
43915.0 1.022355846e-06
43928.5 8.049137394e-07
43942.0 8.278576144e-07
43955.6 1.461184440e-06
43969.1 1.751760304e-06
43982.6 1.760737079e-06
43996.1 1.380344587e-06
44009.6 1.485110724e-06
44023.1 1.859662235e-06
44036.6 2.117478773e-06
44050.1 1.301995342e-06
44063.7 1.823435829e-07
44077.2 1.478075932e-08
44090.7 9.226308739e-09
44104.2 2.523206756e-07
44117.7 1.736722405e-07
44131.2 9.840083849e-07
44144.7 1.275749226e-06
44158.2 5.688988727e-07
44171.8 1.578573613e-07
44185.3 2.431100182e-08
44198.8 6.242381270e-09
44212.3 9.517170352e-08
44225.8 5.114889909e-07
44239.3 1.883969136e-06
44252.8 1.286384150e-06
44266.3 3.455813135e-07
44279.9 9.808229602e-07
44293.4 2.529705415e-06
44306.9 2.359063180e-06
44320.4 3.488948615e-06
44333.9 4.839191716e-06
44347.4 4.387501434e-06
44360.9 2.093849266e-06
44374.4 1.153545517e-06
44388.0 1.203208427e-06
44401.5 6.025485287e-07
44415.0 4.225450278e-08
44428.5 8.413966349e-09
44442.0 4.058196054e-07
44455.5 2.105239593e-06
44469.0 3.514241290e-06
44482.5 3.901583409e-06
44496.1 4.776961675e-06
44509.6 5.508120555e-06
44523.1 5.771776725e-06
44536.6 4.768998385e-06
44550.1 4.001599718e-06
44563.6 3.859774434e-06
44577.1 4.107249527e-06
44590.6 4.037356233e-06
44604.1 3.667141419e-06
44617.7 3.321529903e-06
44631.2 2.596063535e-06
44644.7 2.463877363e-06
44658.2 3.884330305e-06
44671.7 5.020037193e-06
44685.2 4.611558364e-06
44698.7 2.585507104e-06
44712.2 2.416185016e-06
44725.8 2.671857173e-06
44739.3 3.109519847e-06
44752.8 3.691458299e-06
44766.3 4.190440398e-06
44779.8 4.242348936e-06
44793.3 4.855305074e-06
44806.8 4.210605897e-06
44820.3 4.382855155e-06
44833.9 4.871142187e-06
44847.4 6.052333319e-06
44860.9 5.463742391e-06
44874.4 4.812764707e-06
44887.9 3.951551405e-06
44901.4 3.836706611e-06
44914.9 4.766860616e-06
44928.4 6.401811473e-06
44942.0 6.900723526e-06
44955.5 5.301811495e-06
44969.0 4.741097785e-06
44982.5 4.290845876e-06
44996.0 4.651379746e-06
45009.5 6.147968747e-06
45023.0 5.590538253e-06
45036.5 4.915302999e-06
45050.1 5.113141448e-06
45063.6 6.353308336e-06
45077.1 6.138746415e-06
45090.6 5.570972663e-06
45104.1 5.175735237e-06
45117.6 5.101728186e-06
45131.1 4.153020380e-06
45144.6 2.752233087e-06
45158.2 2.635127666e-06
45171.7 3.148548334e-06
45185.2 3.934404819e-06
45198.7 4.383197062e-06
45212.2 5.007876799e-06
45225.7 5.520693810e-06
45239.2 5.702296730e-06
45252.7 4.274247897e-06
45266.3 3.407206616e-06
45279.8 3.046182721e-06
45293.3 4.240544782e-06
45306.8 5.577663352e-06
45320.3 5.814462684e-06
45333.8 5.955812531e-06
45347.3 6.060413075e-06
45360.8 6.312799860e-06
45374.4 5.905304995e-06
45387.9 5.470140908e-06
45401.4 5.010620521e-06
45414.9 4.691168689e-06
45428.4 4.889002491e-06
45441.9 5.166469253e-06
45455.4 6.619424319e-06
45468.9 7.839121097e-06
45482.5 8.533475829e-06
45496.0 8.546310230e-06
45509.5 8.251560713e-06
45523.0 7.263970017e-06
45536.5 5.714595357e-06
45550.0 3.899284001e-06
45563.5 3.286176890e-06
45577.0 3.756836565e-06
45590.5 4.300231470e-06
45604.1 4.989093589e-06
45617.6 5.309549624e-06
45631.1 4.303927828e-06
45644.6 2.819724665e-06
45658.1 1.817917716e-06
45671.6 1.669268688e-06
45685.1 2.097960287e-06
45698.6 4.320765263e-06
45712.2 4.844445110e-06
45725.7 4.427742629e-06
45739.2 3.484369905e-06
45752.7 2.383445658e-06
45766.2 1.436106342e-06
45779.7 1.256538856e-06
45793.2 1.574255160e-06
45806.7 2.783100917e-06
45820.3 4.250875825e-06
45833.8 3.298208304e-06
45847.3 2.224152251e-06
45860.8 1.652531433e-06
45874.3 1.882239684e-06
45887.8 2.636186041e-06
45901.3 3.426384925e-06
45914.8 3.746559346e-06
45928.4 3.748965277e-06
45941.9 4.330581519e-06
45955.4 1.261150734e-06
45968.9 1.121702611e-07
45982.4 6.050518038e-09
45995.9 5.923386476e-09
46009.4 5.920098136e-09
46022.9 5.916769666e-09
46036.5 5.913404631e-09
46050.0 5.910003816e-09
46063.5 5.906561585e-09
46077.0 6.504953361e-08
46090.5 9.649937804e-07
46104.0 1.959154240e-06
46117.5 3.237519870e-06
46131.0 4.451500963e-06
46144.6 4.340354127e-06
46158.1 1.535814854e-06
46171.6 2.266241376e-07
46185.1 6.004108367e-08
46198.6 1.258775599e-07
46212.1 1.795495554e-07
46225.6 2.651133050e-07
46239.1 4.889568000e-07
46252.7 1.007995827e-06
46266.2 2.087525457e-06
46279.7 2.918305511e-06
46293.2 2.325538231e-06
46306.7 1.105252995e-06
46320.2 2.303134850e-07
46333.7 8.210732037e-07
46347.2 8.496467700e-07
46360.8 6.800775229e-07
46374.3 5.926914747e-07
46387.8 9.505758307e-07
46401.3 1.671758953e-06
46414.8 2.389267399e-06
46428.3 2.341185743e-06
46441.8 2.291289955e-06
46455.3 1.920818057e-06
46468.8 1.986258138e-06
46482.4 2.703617385e-06
46495.9 3.760676570e-06
46509.4 4.023329765e-06
46522.9 3.924804615e-06
46536.4 3.098782730e-06
46549.9 1.957343009e-06
46563.4 1.368369280e-06
46576.9 1.727909314e-06
46590.5 3.055853764e-06
46604.0 2.451030046e-06
46617.5 1.132819830e-06
46631.0 4.507363563e-06
46644.5 6.715937348e-06
46658.0 4.882846856e-06
46671.5 3.535689679e-06
46685.0 3.203859336e-06
46698.6 3.183619024e-06
46712.1 3.372185168e-06
46725.6 3.093746918e-06
46739.1 2.626039184e-06
46752.6 2.901823058e-06
46766.1 3.198755302e-06
46779.6 3.348816913e-06
46793.1 4.410469670e-06
46806.7 5.290987812e-06
46820.2 5.772382708e-06
46833.7 5.799674544e-06
46847.2 4.580097133e-06
46860.7 4.124751672e-06
46874.2 4.591582678e-06
46887.7 4.435720839e-06
46901.2 4.073175553e-06
46914.8 2.893373938e-06
46928.3 2.413682589e-06
46941.8 1.868205901e-06
46955.3 2.435868243e-06
46968.8 3.981920013e-06
46982.3 6.212699683e-06
46995.8 7.582045837e-06
47009.3 8.425676241e-06
47022.9 8.305494519e-06
47036.4 8.216002907e-06
47049.9 8.377826694e-06
47063.4 8.540660704e-06
47076.9 7.243520813e-06
47090.4 6.404028995e-06
47103.9 6.102494741e-06
47117.4 6.399165399e-06
47131.0 8.203946895e-06
47144.5 8.165586728e-06
47158.0 7.687515075e-06
47171.5 7.016712697e-06
47185.0 6.808762077e-06
47198.5 6.979340500e-06
47212.0 6.753560898e-06
47225.5 7.290227127e-06
47239.1 8.481957055e-06
47252.6 9.100694211e-06
47266.1 8.548669608e-06
47279.6 7.236432405e-06
47293.1 5.722190779e-06
47306.6 4.531147974e-06
47320.1 3.225770309e-06
47333.6 3.414482159e-06
47347.1 3.518995785e-06
47360.7 4.263299137e-06
47374.2 4.844676177e-06
47387.7 4.831313620e-06
47401.2 4.081391154e-06
47414.7 3.892153211e-06
47428.2 4.405030373e-06
47441.7 4.720031441e-06
47455.2 4.938563799e-06
47468.8 3.860341000e-06
47482.3 3.186136713e-06
47495.8 3.453876421e-06
47509.3 3.277748897e-06
47522.8 2.984690335e-06
47536.3 2.885849020e-06
47549.8 3.374121178e-06
47563.3 4.607009062e-06
47576.9 5.352093121e-06
47590.4 5.727517666e-06
47603.9 5.268065098e-06
47617.4 4.973268576e-06
47630.9 6.520943931e-06
47644.4 6.926316259e-06
47657.9 7.069460529e-06
47671.4 7.233511445e-06
47685.0 6.471858219e-06
47698.5 6.702074049e-06
47712.0 5.843968509e-06
47725.5 5.567108110e-06
47739.0 5.582832103e-06
47752.5 5.304468872e-06
47766.0 6.583065539e-06
47779.5 6.551583273e-06
47793.1 6.156034234e-06
47806.6 5.594890910e-06
47820.1 5.134734029e-06
47833.6 5.096691029e-06
47847.1 4.972649427e-06
47860.6 5.072221954e-06
47874.1 4.238913957e-06
47887.6 3.219774040e-06
47901.2 2.752813533e-06
47914.7 2.203833142e-06
47928.2 1.783747885e-06
47941.7 1.437841032e-06
47955.2 1.138661333e-06
47968.7 1.197293292e-06
47982.2 1.519159878e-06
47995.7 1.976793034e-06
48009.3 2.181770485e-06
48022.8 1.743635849e-06
48036.3 1.322629788e-06
48049.8 1.264278573e-06
48063.3 6.198505815e-07
48076.8 8.151268840e-07
48090.3 1.169321481e-06
48103.8 1.634513131e-06
48117.4 2.235093213e-06
48130.9 2.601087313e-06
48144.4 2.650222584e-06
48157.9 2.245641275e-06
48171.4 1.903162052e-06
48184.9 1.910567759e-06
48198.4 2.306012290e-06
48211.9 2.290853583e-06
48225.5 1.477071848e-06
48239.0 6.368918643e-07
48252.5 6.158682519e-07
48266.0 1.051919492e-06
48279.5 1.346954742e-06
48293.0 1.155031429e-06
48306.5 5.321758990e-07
48320.0 1.822681286e-06
48333.5 2.520108346e-06
48347.1 2.992896136e-06
48360.6 3.376962312e-06
48374.1 3.796420644e-06
48387.6 4.064181863e-06
48401.1 3.682824734e-06
48414.6 3.303817998e-06
48428.1 2.950146169e-06
48441.6 3.419941815e-06
48455.2 4.349288992e-06
48468.7 4.706269432e-06
48482.2 4.849851348e-06
48495.7 4.458695709e-06
48509.2 4.438525500e-06
48522.7 5.205438168e-06
48536.2 5.784656983e-06
48549.7 5.408438104e-06
48563.3 5.483012442e-06
48576.8 4.776936924e-06
48590.3 4.136537323e-06
48603.8 3.242964922e-06
48617.3 3.032436764e-06
48630.8 3.601983438e-06
48644.3 5.817342856e-06
48657.8 9.329822790e-06
48671.4 9.237850140e-06
48684.9 7.873924396e-06
48698.4 6.819997901e-06
48711.9 6.339274890e-06
48725.4 6.103206087e-06
48738.9 4.856103219e-06
48752.4 4.017560484e-06
48765.9 3.509418854e-06
48779.5 3.341695825e-06
48793.0 3.287923249e-06
48806.5 2.822239834e-06
48820.0 2.407395152e-06
48833.5 2.394664357e-06
48847.0 2.320517167e-06
48860.5 2.439528678e-06
48874.0 2.416682686e-06
48887.6 2.281683909e-06
48901.1 2.740269132e-06
48914.6 4.101318507e-06
48928.1 4.003486532e-06
48941.6 3.056981528e-06
48955.1 1.926112593e-06
48968.6 1.661040252e-06
48982.1 1.979410500e-06
48995.7 2.095402590e-06
49009.2 1.880564922e-06
49022.7 2.321388510e-06
49036.2 3.242807568e-06
49049.7 4.715523006e-06
49063.2 4.385716861e-06
49076.7 5.156770981e-06
49090.2 4.699248933e-06
49103.8 4.274562885e-06
49117.3 3.881741956e-06
49130.8 3.720813362e-06
49144.3 3.704256592e-06
49157.8 4.036484236e-06
49171.3 4.590058921e-06
49184.8 5.556119717e-06
49198.3 5.800430194e-06
49211.8 5.653015980e-06
49225.4 4.605672444e-06
49238.9 4.149692355e-06
49252.4 3.685639695e-06
49265.9 3.464681846e-06
49279.4 3.472606932e-06
49292.9 3.347711668e-06
49306.4 3.411359896e-06
49319.9 3.324705581e-06
49333.5 3.415936284e-06
49347.0 3.203198258e-06
49360.5 3.187838917e-06
49374.0 3.771767064e-06
49387.5 4.199356481e-06
49401.0 4.699672026e-06
49414.5 4.277123337e-06
49428.0 4.703123766e-06
49441.6 5.363165409e-06
49455.1 5.936647826e-06
49468.6 6.514895389e-06
49482.1 5.394515250e-06
49495.6 4.529879784e-06
49509.1 3.764563762e-06
49522.6 3.591432566e-06
49536.1 3.588063816e-06
49549.7 3.138019930e-06
49563.2 3.137315862e-06
49576.7 3.099847450e-06
49590.2 3.542526568e-06
49603.7 3.747320910e-06
49617.2 3.877004548e-06
49630.7 3.856854884e-06
49644.2 5.154514826e-06
49657.8 5.684683235e-06
49671.3 5.723765062e-06
49684.8 5.806701957e-06
49698.3 6.034927897e-06
49711.8 6.413170078e-06
49725.3 7.155099588e-06
49738.8 8.005251508e-06
49752.3 7.747478879e-06
49765.9 7.032224191e-06
49779.4 6.344989879e-06
49792.9 5.950963027e-06
49806.4 6.021789954e-06
49819.9 6.261514075e-06
49833.4 6.732771373e-06
49846.9 7.713061158e-06
49860.4 8.180997234e-06
49874.0 8.528674239e-06
49887.5 7.331384664e-06
49901.0 6.399723867e-06
49914.5 5.335768846e-06
49928.0 4.859307070e-06
49941.5 5.884860156e-06
49955.0 7.102906343e-06
49968.5 7.562697743e-06
49982.1 8.035934589e-06
49995.6 8.638342824e-06
50009.1 8.327190400e-06
50022.6 7.778287604e-06
50036.1 6.169500402e-06
50049.6 5.175551407e-06
50063.1 4.647444762e-06
50076.6 4.437331778e-06
50090.1 4.588947589e-06
50103.7 3.869197008e-06
50117.2 3.965834070e-06
50130.7 3.701862538e-06
50144.2 3.419196832e-06
50157.7 3.051112889e-06
50171.2 3.098236100e-06
50184.7 3.421504505e-06
50198.2 3.602425759e-06
50211.8 3.702446298e-06
50225.3 3.153759465e-06
50238.8 3.045786364e-06
50252.3 3.102470060e-06
50265.8 3.224231523e-06
50279.3 3.945416174e-06
50292.8 4.323047434e-06
50306.3 3.974192475e-06
50319.9 3.013419707e-06
50333.4 2.579877878e-06
50346.9 2.523685991e-06
50360.4 2.342284182e-06
50373.9 1.487638259e-06
50387.4 1.300413218e-06
50400.9 1.395122383e-06
50414.4 1.632934161e-06
50428.0 2.154097664e-06
50441.5 2.635815157e-06
50455.0 3.071921262e-06
50468.5 3.303904805e-06
50482.0 3.478603644e-06
50495.5 3.206608143e-06
50509.0 2.887619969e-06
50522.5 2.332182781e-06
50536.1 1.952316673e-06
50549.6 1.756469549e-06
50563.1 1.542694097e-06
50576.6 1.323784732e-06
50590.1 1.044034206e-06
50603.6 7.919971999e-07
50617.1 1.064164478e-06
50630.6 1.567428111e-06
50644.2 1.967368791e-06
50657.7 2.247620394e-06
50671.2 1.749840733e-06
50684.7 1.118253571e-06
50698.2 5.073730539e-07
50711.7 3.002201125e-07
50725.2 2.242943916e-07
50738.7 3.219125080e-07
50752.3 6.173302145e-07
50765.8 8.632084193e-07
50779.3 1.140247630e-06
50792.8 1.130302140e-06
50806.3 1.085534326e-06
50819.8 8.997856264e-07
50833.3 6.841212521e-07
50846.8 4.378701339e-07
50860.4 2.774329157e-07
50873.9 1.740987172e-07
50887.4 2.907248587e-07
50900.9 8.449160281e-07
50914.4 1.360549524e-06
50927.9 1.876956165e-06
50941.4 1.409740206e-06
50954.9 7.260077203e-07
50968.4 1.534728768e-08
50982.0 3.747212805e-09
50995.5 3.739120906e-09
