13845.7 0.000000000e+00
13861.8 0.000000000e+00
13877.8 0.000000000e+00
13893.9 0.000000000e+00
13910.0 0.000000000e+00
13926.1 0.000000000e+00
13942.2 0.000000000e+00
13958.2 0.000000000e+00
13974.3 0.000000000e+00
13990.4 0.000000000e+00
14006.5 0.000000000e+00
14022.6 0.000000000e+00
14038.6 0.000000000e+00
14054.7 0.000000000e+00
14070.8 0.000000000e+00
14086.9 0.000000000e+00
14103.0 0.000000000e+00
14119.0 0.000000000e+00
14135.1 0.000000000e+00
14151.2 0.000000000e+00
14167.3 0.000000000e+00
14183.4 0.000000000e+00
14199.5 0.000000000e+00
14215.5 0.000000000e+00
14231.6 0.000000000e+00
14247.7 0.000000000e+00
14263.8 0.000000000e+00
14279.9 0.000000000e+00
14295.9 0.000000000e+00
14312.0 0.000000000e+00
14328.1 0.000000000e+00
14344.2 0.000000000e+00
14360.3 0.000000000e+00
14376.3 0.000000000e+00
14392.4 0.000000000e+00
14408.5 0.000000000e+00
14424.6 0.000000000e+00
14440.7 0.000000000e+00
14456.7 0.000000000e+00
14472.8 0.000000000e+00
14488.9 0.000000000e+00
14505.0 0.000000000e+00
14521.1 0.000000000e+00
14537.2 0.000000000e+00
14553.2 0.000000000e+00
14569.3 0.000000000e+00
14585.4 0.000000000e+00
14601.5 0.000000000e+00
14617.6 0.000000000e+00
14633.6 0.000000000e+00
14649.7 0.000000000e+00
14665.8 0.000000000e+00
14681.9 0.000000000e+00
14698.0 0.000000000e+00
14714.0 0.000000000e+00
14730.1 0.000000000e+00
14746.2 0.000000000e+00
14762.3 0.000000000e+00
14778.4 0.000000000e+00
14794.4 0.000000000e+00
14810.5 0.000000000e+00
14826.6 0.000000000e+00
14842.7 0.000000000e+00
14858.8 0.000000000e+00
14874.9 0.000000000e+00
14890.9 0.000000000e+00
14907.0 0.000000000e+00
14923.1 0.000000000e+00
14939.2 0.000000000e+00
14955.3 0.000000000e+00
14971.3 0.000000000e+00
14987.4 0.000000000e+00
15003.5 0.000000000e+00
15019.6 0.000000000e+00
15035.7 0.000000000e+00
15051.7 0.000000000e+00
15067.8 0.000000000e+00
15083.9 0.000000000e+00
15100.0 0.000000000e+00
15116.1 0.000000000e+00
15132.1 0.000000000e+00
15148.2 0.000000000e+00
15164.3 0.000000000e+00
15180.4 0.000000000e+00
15196.5 0.000000000e+00
15212.5 0.000000000e+00
15228.6 0.000000000e+00
15244.7 0.000000000e+00
15260.8 0.000000000e+00
15276.9 0.000000000e+00
15293.0 0.000000000e+00
15309.0 0.000000000e+00
15325.1 0.000000000e+00
15341.2 0.000000000e+00
15357.3 0.000000000e+00
15373.4 0.000000000e+00
15389.4 0.000000000e+00
15405.5 0.000000000e+00
15421.6 0.000000000e+00
15437.7 0.000000000e+00
15453.8 0.000000000e+00
15469.8 0.000000000e+00
15485.9 0.000000000e+00
15502.0 0.000000000e+00
15518.1 0.000000000e+00
15534.2 0.000000000e+00
15550.2 0.000000000e+00
15566.3 0.000000000e+00
15582.4 0.000000000e+00
15598.5 0.000000000e+00
15614.6 0.000000000e+00
15630.7 0.000000000e+00
15646.7 0.000000000e+00
15662.8 0.000000000e+00
15678.9 0.000000000e+00
15695.0 0.000000000e+00
15711.1 0.000000000e+00
15727.1 0.000000000e+00
15743.2 0.000000000e+00
15759.3 0.000000000e+00
15775.4 0.000000000e+00
15791.5 0.000000000e+00
15807.5 0.000000000e+00
15823.6 0.000000000e+00
15839.7 0.000000000e+00
15855.8 0.000000000e+00
15871.9 0.000000000e+00
15887.9 0.000000000e+00
15904.0 0.000000000e+00
15920.1 0.000000000e+00
15936.2 0.000000000e+00
15952.3 0.000000000e+00
15968.4 0.000000000e+00
15984.4 0.000000000e+00
16000.5 0.000000000e+00
16016.6 0.000000000e+00
16032.7 0.000000000e+00
16048.8 0.000000000e+00
16064.8 0.000000000e+00
16080.9 0.000000000e+00
16097.0 0.000000000e+00
16113.1 0.000000000e+00
16129.2 0.000000000e+00
16145.2 0.000000000e+00
16161.3 0.000000000e+00
16177.4 0.000000000e+00
16193.5 0.000000000e+00
16209.6 0.000000000e+00
16225.6 0.000000000e+00
16241.7 0.000000000e+00
16257.8 0.000000000e+00
16273.9 0.000000000e+00
16290.0 0.000000000e+00
16306.1 0.000000000e+00
16322.1 0.000000000e+00
16338.2 0.000000000e+00
16354.3 0.000000000e+00
16370.4 0.000000000e+00
16386.5 0.000000000e+00
16402.5 0.000000000e+00
16418.6 0.000000000e+00
16434.7 0.000000000e+00
16450.8 0.000000000e+00
16466.9 0.000000000e+00
16482.9 0.000000000e+00
16499.0 0.000000000e+00
16515.1 0.000000000e+00
16531.2 0.000000000e+00
16547.3 0.000000000e+00
16563.3 0.000000000e+00
16579.4 0.000000000e+00
16595.5 0.000000000e+00
16611.6 0.000000000e+00
16627.7 0.000000000e+00
16643.8 0.000000000e+00
16659.8 0.000000000e+00
16675.9 0.000000000e+00
16692.0 0.000000000e+00
16708.1 0.000000000e+00
16724.2 0.000000000e+00
16740.2 0.000000000e+00
16756.3 0.000000000e+00
16772.4 0.000000000e+00
16788.5 0.000000000e+00
16804.6 0.000000000e+00
16820.6 0.000000000e+00
16836.7 0.000000000e+00
16852.8 0.000000000e+00
16868.9 0.000000000e+00
16885.0 0.000000000e+00
16901.0 0.000000000e+00
16917.1 0.000000000e+00
16933.2 0.000000000e+00
16949.3 0.000000000e+00
16965.4 0.000000000e+00
16981.5 0.000000000e+00
16997.5 0.000000000e+00
17013.6 0.000000000e+00
17029.7 0.000000000e+00
17045.8 0.000000000e+00
17061.9 0.000000000e+00
17077.9 0.000000000e+00
17094.0 0.000000000e+00
17110.1 0.000000000e+00
17126.2 0.000000000e+00
17142.3 0.000000000e+00
17158.3 0.000000000e+00
17174.4 0.000000000e+00
17190.5 0.000000000e+00
17206.6 0.000000000e+00
17222.7 0.000000000e+00
17238.7 0.000000000e+00
17254.8 0.000000000e+00
17270.9 0.000000000e+00
17287.0 0.000000000e+00
17303.1 0.000000000e+00
17319.2 0.000000000e+00
17335.2 0.000000000e+00
17351.3 0.000000000e+00
17367.4 0.000000000e+00
17383.5 0.000000000e+00
17399.6 0.000000000e+00
17415.6 0.000000000e+00
17431.7 0.000000000e+00
17447.8 0.000000000e+00
17463.9 0.000000000e+00
17480.0 0.000000000e+00
17496.0 0.000000000e+00
17512.1 0.000000000e+00
17528.2 0.000000000e+00
17544.3 0.000000000e+00
17560.4 0.000000000e+00
17576.4 0.000000000e+00
17592.5 0.000000000e+00
17608.6 0.000000000e+00
17624.7 0.000000000e+00
17640.8 0.000000000e+00
17656.8 0.000000000e+00
17672.9 0.000000000e+00
17689.0 0.000000000e+00
17705.1 0.000000000e+00
17721.2 0.000000000e+00
17737.3 0.000000000e+00
17753.3 0.000000000e+00
17769.4 0.000000000e+00
17785.5 0.000000000e+00
17801.6 0.000000000e+00
17817.7 0.000000000e+00
17833.7 0.000000000e+00
17849.8 0.000000000e+00
17865.9 0.000000000e+00
17882.0 0.000000000e+00
17898.1 0.000000000e+00
17914.1 0.000000000e+00
17930.2 0.000000000e+00
17946.3 0.000000000e+00
17962.4 0.000000000e+00
17978.5 0.000000000e+00
17994.5 0.000000000e+00
18010.6 0.000000000e+00
18026.7 0.000000000e+00
18042.8 0.000000000e+00
18058.9 0.000000000e+00
18075.0 0.000000000e+00
18091.0 0.000000000e+00
18107.1 0.000000000e+00
18123.2 0.000000000e+00
18139.3 0.000000000e+00
18155.4 0.000000000e+00
18171.4 0.000000000e+00
18187.5 0.000000000e+00
18203.6 0.000000000e+00
18219.7 0.000000000e+00
18235.8 0.000000000e+00
18251.8 0.000000000e+00
18267.9 0.000000000e+00
18284.0 0.000000000e+00
18300.1 0.000000000e+00
18316.2 0.000000000e+00
18332.2 0.000000000e+00
18348.3 0.000000000e+00
18364.4 0.000000000e+00
18380.5 0.000000000e+00
18396.6 0.000000000e+00
18412.7 0.000000000e+00
18428.7 0.000000000e+00
18444.8 0.000000000e+00
18460.9 0.000000000e+00
18477.0 0.000000000e+00
18493.1 0.000000000e+00
18509.1 0.000000000e+00
18525.2 0.000000000e+00
18541.3 0.000000000e+00
18557.4 0.000000000e+00
18573.5 0.000000000e+00
18589.5 0.000000000e+00
18605.6 0.000000000e+00
18621.7 0.000000000e+00
18637.8 0.000000000e+00
18653.9 0.000000000e+00
18669.9 0.000000000e+00
18686.0 0.000000000e+00
18702.1 0.000000000e+00
18718.2 0.000000000e+00
18734.3 0.000000000e+00
18750.4 0.000000000e+00
18766.4 0.000000000e+00
18782.5 0.000000000e+00
18798.6 0.000000000e+00
18814.7 0.000000000e+00
18830.8 0.000000000e+00
18846.8 0.000000000e+00
18862.9 0.000000000e+00
18879.0 0.000000000e+00
18895.1 0.000000000e+00
18911.2 0.000000000e+00
18927.2 0.000000000e+00
18943.3 0.000000000e+00
18959.4 0.000000000e+00
18975.5 0.000000000e+00
18991.6 0.000000000e+00
19007.6 0.000000000e+00
19023.7 0.000000000e+00
19039.8 0.000000000e+00
19055.9 0.000000000e+00
19072.0 0.000000000e+00
19088.1 0.000000000e+00
19104.1 0.000000000e+00
19120.2 0.000000000e+00
19136.3 0.000000000e+00
19152.4 0.000000000e+00
19168.5 0.000000000e+00
19184.5 0.000000000e+00
19200.6 0.000000000e+00
19216.7 0.000000000e+00
19232.8 0.000000000e+00
19248.9 0.000000000e+00
19264.9 0.000000000e+00
19281.0 0.000000000e+00
19297.1 0.000000000e+00
19313.2 0.000000000e+00
19329.3 0.000000000e+00
19345.3 0.000000000e+00
19361.4 0.000000000e+00
19377.5 0.000000000e+00
19393.6 0.000000000e+00
19409.7 0.000000000e+00
19425.8 0.000000000e+00
19441.8 0.000000000e+00
19457.9 0.000000000e+00
19474.0 0.000000000e+00
19490.1 0.000000000e+00
19506.2 0.000000000e+00
19522.2 0.000000000e+00
19538.3 0.000000000e+00
19554.4 0.000000000e+00
19570.5 0.000000000e+00
19586.6 0.000000000e+00
19602.6 0.000000000e+00
19618.7 0.000000000e+00
19634.8 0.000000000e+00
19650.9 0.000000000e+00
19667.0 0.000000000e+00
19683.0 0.000000000e+00
19699.1 0.000000000e+00
19715.2 0.000000000e+00
19731.3 0.000000000e+00
19747.4 0.000000000e+00
19763.5 0.000000000e+00
19779.5 0.000000000e+00
19795.6 0.000000000e+00
19811.7 0.000000000e+00
19827.8 0.000000000e+00
19843.9 0.000000000e+00
19859.9 0.000000000e+00
19876.0 0.000000000e+00
19892.1 0.000000000e+00
19908.2 0.000000000e+00
19924.3 0.000000000e+00
19940.3 0.000000000e+00
19956.4 0.000000000e+00
19972.5 0.000000000e+00
19988.6 0.000000000e+00
20004.7 1.611112038e-10
20020.7 1.326265658e-10
20036.8 1.146117235e-10
20052.9 1.142388191e-10
20069.0 1.005010579e-10
20085.1 6.685099672e-11
20101.1 5.630204478e-11
20117.2 6.972233135e-11
20133.3 6.321242882e-11
20149.4 3.801092313e-11
20165.5 3.283104208e-11
20181.6 4.229617028e-11
20197.6 3.881865765e-11
20213.7 2.730744423e-11
20229.8 2.251833765e-11
20245.9 2.055721386e-11
20262.0 2.116790315e-11
20278.0 2.351966921e-11
20294.1 8.777449295e-12
20310.2 2.690208726e-12
20326.3 3.925240184e-12
20342.4 1.368010587e-11
20358.4 2.584383413e-12
20374.5 6.642421437e-13
20390.6 9.934494103e-13
20406.7 6.407959416e-12
20422.8 6.762737823e-12
20438.8 3.032103109e-12
20454.9 3.240467239e-12
20471.0 5.812827764e-12
20487.1 9.369550427e-12
20503.2 1.113361692e-11
20519.3 2.556745151e-12
20535.3 7.542839545e-13
20551.4 1.235587373e-12
20567.5 7.465665759e-12
20583.6 1.493465590e-12
20599.7 1.900745272e-14
20615.7 4.362673178e-14
20631.8 3.851605537e-12
20647.9 7.251196469e-12
20664.0 1.618979414e-12
20680.1 1.530599871e-12
20696.1 6.014778332e-12
20712.2 2.181174804e-11
20728.3 1.950623576e-11
20744.4 8.684623492e-12
20760.5 3.660988972e-12
20776.5 3.511193183e-12
20792.6 1.128947386e-11
20808.7 2.490010474e-11
20824.8 3.536858587e-13
20840.9 2.557739955e-14
20857.0 2.226324061e-12
20873.0 1.014449464e-10
20889.1 1.450633146e-12
20905.2 2.262798221e-14
20921.3 1.245339498e-12
20937.4 9.027780244e-11
20953.4 6.745877301e-11
20969.5 4.356119368e-11
20985.6 3.904104665e-11
21001.7 4.890977757e-11
21017.8 8.336436005e-11
21033.8 2.285214445e-10
21049.9 9.714898926e-11
21066.0 1.005915076e-11
21082.1 8.255570011e-12
21098.2 1.004358968e-10
21114.2 4.051830056e-10
21130.3 5.885394191e-12
21146.4 2.968177071e-13
21162.5 1.861839883e-11
21178.6 1.247859627e-09
21194.7 2.296091623e-10
21210.7 1.018642957e-10
21226.8 1.322902665e-10
21242.9 2.650880921e-10
21259.0 5.093659100e-10
21275.1 7.056368097e-10
21291.1 1.173477372e-10
21307.2 2.051774798e-12
21323.3 6.028138642e-13
21339.4 3.872816016e-11
21355.5 7.720202885e-10
21371.5 1.093324862e-11
21387.6 1.721324779e-13
21403.7 7.034502742e-12
21419.8 4.495182988e-10
21435.9 1.420765985e-10
21451.9 3.644174967e-11
21468.0 3.823242225e-11
21484.1 1.242785245e-10
21500.2 5.394421365e-10
21516.3 5.002606769e-10
21532.4 4.010464946e-10
21548.4 1.311409941e-10
21564.5 5.835524835e-11
21580.6 1.343604063e-10
21596.7 5.774297470e-10
21612.8 8.600244066e-11
21628.8 1.414913174e-12
21644.9 7.770489596e-13
21661.0 4.885483769e-11
21677.1 9.424069485e-10
21693.2 7.644388766e-11
21709.2 1.790644555e-11
21725.3 5.471325028e-11
21741.4 4.017823658e-10
21757.5 9.735649585e-10
21773.6 7.409667790e-10
21789.6 5.083078315e-10
21805.7 3.849592976e-10
21821.8 3.369819957e-10
21837.9 5.791505792e-10
21854.0 1.408851355e-09
21870.1 2.463177903e-10
21886.1 5.989692136e-11
21902.2 6.741522866e-11
21918.3 3.472448617e-10
21934.4 1.828501263e-09
21950.5 3.224763911e-10
21966.5 1.397109771e-10
21982.6 2.779643888e-10
21998.7 1.061551193e-09
22014.8 1.887931444e-09
22030.9 1.237979007e-09
22046.9 1.003901246e-09
22063.0 1.182423836e-09
22079.1 1.401900055e-09
22095.2 1.994346466e-09
22111.3 3.374462934e-09
22127.3 1.513132443e-09
22143.4 4.500017088e-10
22159.5 3.061231239e-10
22175.6 1.173877405e-09
22191.7 1.189404486e-08
22207.7 7.411048647e-10
22223.8 1.659500574e-11
22239.9 1.503951754e-11
22256.0 8.838221363e-10
22272.1 2.762759325e-08
22288.2 6.298845380e-09
22304.2 2.180466248e-09
22320.3 3.101862462e-09
22336.4 8.203070817e-09
22352.5 2.112705512e-08
22368.6 2.622570886e-08
22384.6 3.390662279e-08
22400.7 8.818289603e-09
22416.8 3.242772302e-09
22432.9 4.204574129e-09
22449.0 1.798055724e-08
22465.0 7.736853101e-08
22481.1 1.606941264e-09
22497.2 3.660634601e-11
22513.3 1.645783676e-10
22529.4 9.556300042e-09
22545.4 8.126438804e-08
22561.5 1.799709660e-09
22577.6 4.475613910e-11
22593.7 4.148013422e-10
22609.8 1.867996396e-08
22625.9 2.107466961e-07
22641.9 1.974585698e-07
22658.0 1.887719672e-07
22674.1 1.172820328e-07
22690.2 9.151517454e-08
22706.3 1.051674015e-07
22722.3 2.031116405e-07
22738.4 6.678102168e-07
22754.5 7.079224420e-08
22770.6 1.201488889e-08
22786.7 1.155327219e-08
22802.7 7.827825424e-08
22818.8 1.039891544e-06
22834.9 1.779447459e-07
22851.0 6.384019735e-08
22867.1 6.030120035e-08
22883.1 1.641350287e-07
22899.2 9.450046302e-07
22915.3 6.729194265e-07
22931.4 5.343541467e-07
22947.5 4.849543363e-07
22963.6 5.113297994e-07
22979.6 5.510216317e-07
22995.7 8.615792855e-07
23011.8 1.495157281e-06
23027.9 8.898039090e-07
23044.0 2.363885740e-07
23060.0 1.405447033e-07
23076.1 2.733624410e-07
23092.2 9.571769207e-07
23108.3 4.402550277e-06
23124.4 1.932275177e-06
23140.4 1.284968070e-06
23156.5 2.007529645e-06
23172.6 4.760034177e-06
23188.7 1.708868695e-05
23204.8 1.464498641e-05
23220.8 1.360125909e-05
23236.9 1.604863542e-05
23253.0 2.259647816e-05
23269.1 3.163200085e-05
23285.2 4.113184360e-05
23301.3 5.307684070e-05
23317.3 5.889865154e-05
23333.4 5.131848677e-05
23349.5 4.831011657e-05
23365.6 6.265234406e-05
23381.7 9.465014759e-05
23397.7 1.452452209e-04
23413.8 1.026170967e-04
23429.9 8.847002779e-05
23446.0 9.464726310e-05
23462.1 1.263215933e-04
23478.1 1.968703976e-04
23494.2 1.935039582e-04
23510.3 1.841962442e-04
23526.4 1.873482231e-04
23542.5 2.293938437e-04
23558.5 2.853381415e-04
23574.6 3.547234349e-04
23590.7 4.146609219e-04
23606.8 4.875109848e-04
23622.9 5.661210398e-04
23639.0 6.591543517e-04
23655.0 7.816886610e-04
23671.1 1.000091741e-03
23687.2 1.280620447e-03
23703.3 1.574218509e-03
23719.4 1.854904258e-03
23735.4 2.182812040e-03
23751.5 2.707129036e-03
23767.6 3.392478207e-03
23783.7 4.228593856e-03
23799.8 5.093641951e-03
23815.8 6.135324706e-03
23831.9 7.423605259e-03
23848.0 9.072552429e-03
23864.1 1.108169730e-02
23880.2 1.338983197e-02
23896.2 1.605217136e-02
23912.3 1.924480789e-02
23928.4 2.274206375e-02
23944.5 2.685444444e-02
23960.6 3.164174083e-02
23976.7 3.673722261e-02
23992.7 4.267595266e-02
24008.8 4.925529576e-02
24024.9 5.626300944e-02
24041.0 6.428814290e-02
24057.1 7.307359141e-02
24073.1 8.279817121e-02
24089.2 9.382811286e-02
24105.3 1.053505443e-01
24121.4 1.180716233e-01
24137.5 1.322269562e-01
24153.5 1.465542204e-01
24169.6 1.624055872e-01
24185.7 1.791640624e-01
24201.8 1.952295610e-01
24217.9 2.129676256e-01
24233.9 2.303188006e-01
24250.0 2.466716345e-01
24266.1 2.644357792e-01
24282.2 2.807985325e-01
24298.3 2.967870794e-01
24314.4 3.143181878e-01
24330.4 3.296289964e-01
24346.5 3.453626440e-01
24362.6 3.626851567e-01
24378.7 3.763653976e-01
24394.8 3.908882889e-01
24410.8 4.060490072e-01
24426.9 4.165283698e-01
24443.0 4.275739722e-01
24459.1 4.379453673e-01
24475.2 4.441602791e-01
24491.2 4.505333710e-01
24507.3 4.556549372e-01
24523.4 4.585063885e-01
24539.5 4.613951548e-01
24555.6 4.635310464e-01
24571.6 4.647913839e-01
24587.7 4.660294285e-01
24603.8 4.669788227e-01
24619.9 4.677115273e-01
24636.0 4.684447104e-01
24652.0 4.691154506e-01
24668.1 4.697500756e-01
24684.2 4.704318991e-01
24700.3 4.711082696e-01
24716.4 4.718119587e-01
24732.5 4.726399622e-01
24748.5 4.736699694e-01
24764.6 4.742271861e-01
24780.7 4.747681937e-01
24796.8 4.753818366e-01
24812.9 4.756795176e-01
24828.9 4.758637792e-01
24845.0 4.763207788e-01
24861.1 4.767616028e-01
24877.2 4.772551384e-01
24893.3 4.775607994e-01
24909.3 4.779900027e-01
24925.4 4.784065925e-01
24941.5 4.787402966e-01
24957.6 4.790621371e-01
24973.7 4.793744611e-01
24989.7 4.795443623e-01
24997.8 4.703121970e-01
25011.3 4.704362615e-01
25024.8 4.704527409e-01
25038.3 4.703943600e-01
25051.8 4.702631124e-01
25065.3 4.700709286e-01
25078.9 4.698401392e-01
25092.4 4.695565223e-01
25105.9 4.692621306e-01
25119.4 4.689438232e-01
25132.9 4.686231876e-01
25146.4 4.682851765e-01
25159.9 4.679723110e-01
25173.4 4.676907410e-01
25187.0 4.674281710e-01
25200.5 4.671924661e-01
25214.0 4.670303694e-01
25227.5 4.668785390e-01
25241.0 4.667579025e-01
25254.5 4.667714316e-01
25268.0 4.667563489e-01
25281.5 4.668421996e-01
25295.1 4.669483895e-01
25308.6 4.670635478e-01
25322.1 4.671660060e-01
25335.6 4.674434219e-01
25349.1 4.677168663e-01
25362.6 4.677823280e-01
25376.1 4.681907309e-01
25389.6 4.684005257e-01
25403.2 4.685917020e-01
25416.7 4.686421782e-01
25430.2 4.685667298e-01
25443.7 4.687875201e-01
25457.2 4.688863149e-01
25470.7 4.686399744e-01
25484.2 4.684525620e-01
25497.7 4.683176572e-01
25511.2 4.678411979e-01
25524.8 4.672953168e-01
25538.3 4.671058348e-01
25551.8 4.667231536e-01
25565.3 4.660995033e-01
25578.8 4.654883066e-01
25592.3 4.647039589e-01
25605.8 4.633666591e-01
25619.3 4.624289033e-01
25632.9 4.618618075e-01
25646.4 4.612699554e-01
25659.9 4.612740699e-01
25673.4 4.607079332e-01
25686.9 4.598853366e-01
25700.4 4.591682133e-01
25713.9 4.600056586e-01
25727.4 4.591410623e-01
25741.0 4.591463437e-01
25754.5 4.597035309e-01
25768.0 4.593409554e-01
25781.5 4.598865813e-01
25795.0 4.604832229e-01
25808.5 4.605788830e-01
25822.0 4.616439387e-01
25835.5 4.617590914e-01
25849.1 4.635314071e-01
25862.6 4.648537228e-01
25876.1 4.658299788e-01
25889.6 4.675821165e-01
25903.1 4.693212420e-01
25916.6 4.707773599e-01
25930.1 4.719089755e-01
25943.6 4.710063889e-01
25957.2 4.733791172e-01
25970.7 4.765577128e-01
25984.2 4.788134013e-01
25997.7 4.802320363e-01
26011.2 4.808338959e-01
26024.7 4.816064082e-01
26038.2 4.820483517e-01
26051.7 4.818486652e-01
26065.3 4.832260448e-01
26078.8 4.837898913e-01
26092.3 4.840335577e-01
26105.8 4.844720484e-01
26119.3 4.846132869e-01
26132.8 4.840946903e-01
26146.3 4.840017031e-01
26159.8 4.831246981e-01
26173.4 4.828906197e-01
26186.9 4.842014729e-01
26200.4 4.829163570e-01
26213.9 4.834646329e-01
26227.4 4.836954947e-01
26240.9 4.832653673e-01
26254.4 4.824516328e-01
26267.9 4.812416557e-01
26281.5 4.816891103e-01
26295.0 4.804925427e-01
26308.5 4.796233792e-01
26322.0 4.804977252e-01
26335.5 4.798102145e-01
26349.0 4.802681929e-01
26362.5 4.803354268e-01
26376.0 4.801650674e-01
26389.5 4.800580071e-01
26403.1 4.799744524e-01
26416.6 4.798059627e-01
26430.1 4.799494640e-01
26443.6 4.800382179e-01
26457.1 4.798346750e-01
26470.6 4.805055962e-01
26484.1 4.808863970e-01
26497.6 4.812059187e-01
26511.2 4.807624571e-01
26524.7 4.806822399e-01
26538.2 4.818625497e-01
26551.7 4.818946635e-01
26565.2 4.824437414e-01
26578.7 4.828437921e-01
26592.2 4.825685159e-01
26605.7 4.826522849e-01
26619.3 4.822070842e-01
26632.8 4.823214086e-01
26646.3 4.810595025e-01
26659.8 4.810396103e-01
26673.3 4.812347045e-01
26686.8 4.826621530e-01
26700.3 4.807873295e-01
26713.8 4.817526845e-01
26727.4 4.824102724e-01
26740.9 4.821697733e-01
26754.4 4.813029944e-01
26767.9 4.807096125e-01
26781.4 4.810226590e-01
26794.9 4.807325199e-01
26808.4 4.815067925e-01
26821.9 4.810991734e-01
26835.5 4.799952378e-01
26849.0 4.800085121e-01
26862.5 4.796975668e-01
26876.0 4.801395989e-01
26889.5 4.799180121e-01
26903.0 4.799118932e-01
26916.5 4.796281579e-01
26930.0 4.781351183e-01
26943.6 4.779411649e-01
26957.1 4.783968231e-01
26970.6 4.789536699e-01
26984.1 4.791478009e-01
26997.6 4.795533545e-01
27011.1 4.794759214e-01
27024.6 4.798937887e-01
27038.1 4.805139923e-01
27051.7 4.809018122e-01
27065.2 4.812554058e-01
27078.7 4.812716023e-01
27092.2 4.811074964e-01
27105.7 4.809284469e-01
27119.2 4.820219624e-01
27132.7 4.830559664e-01
27146.2 4.829770850e-01
27159.8 4.832524046e-01
27173.3 4.832957988e-01
27186.8 4.835352732e-01
27200.3 4.822717681e-01
27213.8 4.832969655e-01
27227.3 4.848017204e-01
27240.8 4.833419067e-01
27254.3 4.839670008e-01
27267.9 4.848751412e-01
27281.4 4.851027063e-01
27294.9 4.851277187e-01
27308.4 4.850239814e-01
27321.9 4.849172824e-01
27335.4 4.842814849e-01
27348.9 4.831853329e-01
27362.4 4.836439241e-01
27375.9 4.832668842e-01
27389.5 4.818722753e-01
27403.0 4.814893168e-01
27416.5 4.822348867e-01
27430.0 4.827604895e-01
27443.5 4.824559804e-01
27457.0 4.817177170e-01
27470.5 4.814489124e-01
27484.0 4.811543822e-01
27497.6 4.809475009e-01
27511.1 4.800614346e-01
27524.6 4.791061225e-01
27538.1 4.778204847e-01
27551.6 4.758865733e-01
27565.1 4.758123948e-01
27578.6 4.758887304e-01
27592.1 4.755721588e-01
27605.7 4.754454613e-01
27619.2 4.739150479e-01
27632.7 4.737789494e-01
27646.2 4.743187521e-01
27659.7 4.745110723e-01
27673.2 4.738410963e-01
27686.7 4.742975122e-01
27700.2 4.744443703e-01
27713.8 4.743793414e-01
27727.3 4.752408164e-01
27740.8 4.760406392e-01
27754.3 4.763015818e-01
27767.8 4.764331753e-01
27781.3 4.771992523e-01
27794.8 4.783657200e-01
27808.3 4.784943408e-01
27821.9 4.791536429e-01
27835.4 4.800253248e-01
27848.9 4.808125050e-01
27862.4 4.804872403e-01
27875.9 4.811549038e-01
27889.4 4.823998435e-01
27902.9 4.832267946e-01
27916.4 4.835619558e-01
27930.0 4.842299111e-01
27943.5 4.847600845e-01
27957.0 4.850685857e-01
27970.5 4.857102396e-01
27984.0 4.865589290e-01
27997.5 4.870223392e-01
28011.0 4.872066902e-01
28024.5 4.871316584e-01
28038.1 4.876671100e-01
28051.6 4.879401342e-01
28065.1 4.884770375e-01
28078.6 4.888014160e-01
28092.1 4.889062721e-01
28105.6 4.887506254e-01
28119.1 4.889424607e-01
28132.6 4.890470457e-01
28146.2 4.887137107e-01
28159.7 4.886522825e-01
28173.2 4.887652452e-01
28186.7 4.890043794e-01
28200.2 4.885656731e-01
28213.7 4.886727537e-01
28227.2 4.887738618e-01
28240.7 4.887699677e-01
28254.2 4.887019206e-01
28267.8 4.886066244e-01
28281.3 4.885681947e-01
28294.8 4.885775726e-01
28308.3 4.885238256e-01
28321.8 4.884300048e-01
28335.3 4.883033038e-01
28348.8 4.882576185e-01
28362.3 4.881553521e-01
28375.9 4.877318188e-01
28389.4 4.878286866e-01
28402.9 4.880907281e-01
28416.4 4.885342079e-01
28429.9 4.886271559e-01
28443.4 4.887395797e-01
28456.9 4.888543100e-01
28470.4 4.889382214e-01
28484.0 4.890076860e-01
28497.5 4.891213375e-01
28511.0 4.893621561e-01
28524.5 4.895308310e-01
28538.0 4.896066575e-01
28551.5 4.898083725e-01
28565.0 4.900702105e-01
28578.5 4.902756976e-01
28592.1 4.904318381e-01
28605.6 4.902693988e-01
28619.1 4.902219654e-01
28632.6 4.904059287e-01
28646.1 4.909181792e-01
28659.6 4.912572793e-01
28673.1 4.913908235e-01
28686.6 4.915872831e-01
28700.2 4.917009848e-01
28713.7 4.917558021e-01
28727.2 4.919060979e-01
28740.7 4.920589321e-01
28754.2 4.921555329e-01
28767.7 4.922079454e-01
28781.2 4.922763470e-01
28794.7 4.923435908e-01
28808.3 4.923964931e-01
28821.8 4.924585304e-01
28835.3 4.924571630e-01
28848.8 4.924540746e-01
28862.3 4.918648502e-01
28875.8 4.918585325e-01
28889.3 4.918739322e-01
28902.8 4.918655775e-01
28916.4 4.918549623e-01
28929.9 4.923679751e-01
28943.4 4.923698245e-01
28956.9 4.923470114e-01
28970.4 4.923384916e-01
28983.9 4.923283031e-01
28997.4 4.922253083e-01
29010.9 4.921658069e-01
29024.5 4.922269688e-01
29038.0 4.922215651e-01
29051.5 4.921922472e-01
29065.0 4.922036501e-01
29078.5 4.922151228e-01
29092.0 4.922018393e-01
29105.5 4.918669900e-01
29119.0 4.915820746e-01
29132.5 4.915411538e-01
29146.1 4.915401993e-01
29159.6 4.915364457e-01
29173.1 4.915026836e-01
29186.6 4.914587699e-01
29200.1 4.914490918e-01
29213.6 4.913992444e-01
29227.1 4.913341868e-01
29240.6 4.913059358e-01
29254.2 4.912884702e-01
29267.7 4.916835128e-01
29281.2 4.917539554e-01
29294.7 4.917202835e-01
29308.2 4.916546613e-01
29321.7 4.915893475e-01
29335.2 4.915178598e-01
29348.7 4.913957221e-01
29362.3 4.912862876e-01
29375.8 4.908398778e-01
29389.3 4.905066418e-01
29402.8 4.903854635e-01
29416.3 4.902387223e-01
29429.8 4.900419691e-01
29443.3 4.904700976e-01
29456.8 4.903286950e-01
29470.4 4.901571438e-01
29483.9 4.900491851e-01
29497.4 4.898774937e-01
29510.9 4.902039724e-01
29524.4 4.900212604e-01
29537.9 4.898541507e-01
29551.4 4.897181915e-01
29564.9 4.896006344e-01
29578.5 4.894828250e-01
29592.0 4.893527605e-01
29605.5 4.892568988e-01
29619.0 4.891496413e-01
29632.5 4.890767765e-01
29646.0 4.890229130e-01
29659.5 4.890242117e-01
29673.0 4.890459730e-01
29686.6 4.890449274e-01
29700.1 4.890558945e-01
29713.6 4.890930995e-01
29727.1 4.892014610e-01
29740.6 4.893314134e-01
29754.1 4.899753230e-01
29767.6 4.908131058e-01
29781.1 4.910084921e-01
29794.7 4.912315035e-01
29808.2 4.914987337e-01
29821.7 4.918122802e-01
29835.2 4.921691352e-01
29848.7 4.925405897e-01
29862.2 4.928820032e-01
29875.7 4.932712462e-01
29889.2 4.941626948e-01
29902.8 4.946633355e-01
29916.3 4.951167504e-01
29929.8 4.956069057e-01
29943.3 4.961103117e-01
29956.8 4.966062153e-01
29970.3 4.970776600e-01
29983.8 4.975739171e-01
29997.3 4.981135442e-01
30010.9 4.986909902e-01
30024.4 4.997123206e-01
30037.9 5.002397221e-01
30051.4 5.007621368e-01
30064.9 5.015441663e-01
30078.4 5.023311105e-01
30091.9 5.027955620e-01
30105.4 5.032685984e-01
30118.9 5.037171890e-01
30132.5 5.041300903e-01
30146.0 5.045147461e-01
30159.5 5.048584444e-01
30173.0 5.051781990e-01
30186.5 5.054788059e-01
30200.0 5.057769215e-01
30213.5 5.060111289e-01
30227.0 5.062175550e-01
30240.6 5.064018333e-01
30254.1 5.065517045e-01
30267.6 5.066185503e-01
30281.1 5.066663169e-01
30294.6 5.066959070e-01
30308.1 5.067032080e-01
30321.6 5.066695606e-01
30335.1 5.066175643e-01
30348.7 5.065396362e-01
30362.2 5.065456134e-01
30375.7 5.068794248e-01
30389.2 5.066987940e-01
30402.7 5.065210728e-01
30416.2 5.063239338e-01
30429.7 5.061271725e-01
30443.2 5.058814252e-01
30456.8 5.056437823e-01
30470.3 5.053881011e-01
30483.8 5.053547432e-01
30497.3 5.054373365e-01
30510.8 5.052028546e-01
30524.3 5.049632296e-01
30537.8 5.047363492e-01
30551.3 5.044993190e-01
30564.9 5.043181562e-01
30578.4 5.041337265e-01
30591.9 5.039478092e-01
30605.4 5.037726577e-01
30618.9 5.036173497e-01
30632.4 5.034907308e-01
30645.9 5.033936294e-01
30659.4 5.038743654e-01
30673.0 5.038307798e-01
30686.5 5.041728950e-01
30700.0 5.043684549e-01
30713.5 5.043993420e-01
30727.0 5.044137214e-01
30740.5 5.044926648e-01
30754.0 5.045951178e-01
30767.5 5.047243897e-01
30781.1 5.048663359e-01
30794.6 5.050467653e-01
30808.1 5.052109920e-01
30821.6 5.054222831e-01
30835.1 5.056502445e-01
30848.6 5.059082772e-01
30862.1 5.061780871e-01
30875.6 5.064986301e-01
30889.2 5.068074977e-01
30902.7 5.071600548e-01
30916.2 5.075251033e-01
30929.7 5.078824600e-01
30943.2 5.088049184e-01
30956.7 5.091744162e-01
30970.2 5.095434013e-01
30983.7 5.099235212e-01
30997.2 5.102992521e-01
31010.8 5.106947171e-01
31024.3 5.110716890e-01
31037.8 5.114511248e-01
31051.3 5.117985871e-01
31064.8 5.121733529e-01
31078.3 5.125693240e-01
31091.8 5.129553464e-01
31105.3 5.132901009e-01
31118.9 5.136474943e-01
31132.4 5.139955395e-01
31145.9 5.143258234e-01
31159.4 5.146472627e-01
31172.9 5.149862545e-01
31186.4 5.153049471e-01
31199.9 5.156125942e-01
31213.4 5.164956885e-01
31227.0 5.167659324e-01
31240.5 5.170200944e-01
31254.0 5.172804137e-01
31267.5 5.175167097e-01
31281.0 5.177633475e-01
31294.5 5.179884996e-01
31308.0 5.182101852e-01
31321.5 5.184081311e-01
31335.1 5.186028837e-01
31348.6 5.187672656e-01
31362.1 5.189511410e-01
31375.6 5.191250793e-01
31389.1 5.192951877e-01
31402.6 5.194567159e-01
31416.1 5.196358526e-01
31429.6 5.197880019e-01
31443.2 5.199497875e-01
31456.7 5.200720684e-01
31470.2 5.202413913e-01
31483.7 5.210193720e-01
31497.2 5.211964346e-01
31510.7 5.213406158e-01
31524.2 5.215042201e-01
31537.7 5.216608860e-01
31551.3 5.218369236e-01
31564.8 5.219992082e-01
31578.3 5.221892662e-01
31591.8 5.223526945e-01
31605.3 5.225449021e-01
31618.8 5.227300838e-01
31632.3 5.229321236e-01
31645.8 5.231176483e-01
31659.4 5.233238807e-01
31672.9 5.235304656e-01
31686.4 5.237481415e-01
31699.9 5.239541292e-01
31713.4 5.241967943e-01
31726.9 5.248372400e-01
31740.4 5.252164074e-01
31753.9 5.254172602e-01
31767.5 5.256330889e-01
31781.0 5.258471938e-01
31794.5 5.260631265e-01
31808.0 5.262801781e-01
31821.5 5.264922687e-01
31835.0 5.267145100e-01
31848.5 5.269205988e-01
31862.0 5.271121350e-01
31875.5 5.272808763e-01
31889.1 5.274687157e-01
31902.6 5.276433362e-01
31916.1 5.278269459e-01
31929.6 5.279974880e-01
31943.1 5.281799246e-01
31956.6 5.283150842e-01
31970.1 5.284625052e-01
31983.6 5.292017538e-01
31997.2 5.293417103e-01
32010.7 5.294523071e-01
32024.2 5.295636607e-01
32037.7 5.296857874e-01
32051.2 5.297882626e-01
32064.7 5.298516826e-01
32078.2 5.299310176e-01
32091.7 5.299902526e-01
32105.3 5.300424795e-01
32118.8 5.300938378e-01
32132.3 5.295239394e-01
32145.8 5.295607673e-01
32159.3 5.295949252e-01
32172.8 5.296235128e-01
32186.3 5.296165542e-01
32199.8 5.296425414e-01
32213.4 5.298515719e-01
32226.9 5.302721495e-01
32240.4 5.302599735e-01
32253.9 5.302726492e-01
32267.4 5.302728097e-01
32280.9 5.302729818e-01
32294.4 5.302604315e-01
32307.9 5.302708076e-01
32321.5 5.302901297e-01
32335.0 5.302979677e-01
32348.5 5.303254385e-01
32362.0 5.303383217e-01
32375.5 5.303554821e-01
32389.0 5.303617866e-01
32402.5 5.304096269e-01
32416.0 5.304568278e-01
32429.6 5.305013685e-01
32443.1 5.307188138e-01
32456.6 5.312156764e-01
32470.1 5.312609441e-01
32483.6 5.313255969e-01
32497.1 5.314087408e-01
32510.6 5.314975163e-01
32524.1 5.315981998e-01
32537.7 5.316791008e-01
32551.2 5.317863628e-01
32564.7 5.318828633e-01
32578.2 5.320131922e-01
32591.7 5.321368199e-01
32605.2 5.322738467e-01
32618.7 5.323979834e-01
32632.2 5.325601427e-01
32645.8 5.327404599e-01
32659.3 5.329058664e-01
32672.8 5.332252973e-01
32686.3 5.338292005e-01
32699.8 5.340034617e-01
32713.3 5.341581164e-01
32726.8 5.343447141e-01
32740.3 5.345300791e-01
32753.9 5.347314224e-01
32767.4 5.349234397e-01
32780.9 5.351047117e-01
32794.4 5.352603740e-01
32807.9 5.354445837e-01
32821.4 5.356498516e-01
32834.9 5.358412844e-01
32848.4 5.360640449e-01
32861.9 5.362791668e-01
32875.5 5.364873408e-01
32889.0 5.366512978e-01
32902.5 5.374566124e-01
32916.0 5.376236111e-01
32929.5 5.378112866e-01
32943.0 5.380047649e-01
32956.5 5.381989662e-01
32970.0 5.383973929e-01
32983.6 5.385614610e-01
32997.1 5.387478592e-01
33010.6 5.389241340e-01
33024.1 5.391100513e-01
33037.6 5.392829795e-01
33051.1 5.394808495e-01
33064.6 5.396886229e-01
33078.1 5.398798678e-01
33091.7 5.400721939e-01
33105.2 5.402634834e-01
33118.7 5.410177755e-01
33132.2 5.412810120e-01
33145.7 5.414796222e-01
33159.2 5.416765706e-01
33172.7 5.419054657e-01
33186.2 5.421272001e-01
33199.8 5.423478697e-01
33213.3 5.425777604e-01
33226.8 5.427758408e-01
33240.3 5.430013930e-01
33253.8 5.432297104e-01
33267.3 5.434884425e-01
33280.8 5.437471806e-01
33294.3 5.440289400e-01
33307.9 5.443274398e-01
33321.4 5.446109859e-01
33334.9 5.449082090e-01
33348.4 5.457375703e-01
33361.9 5.461450862e-01
33375.4 5.464350643e-01
33388.9 5.467651024e-01
33402.4 5.471174433e-01
33416.0 5.474787912e-01
33429.5 5.478344132e-01
33443.0 5.481704414e-01
33456.5 5.485288829e-01
33470.0 5.488812924e-01
33483.5 5.492663279e-01
33497.0 5.496478811e-01
33510.5 5.500396988e-01
33524.1 5.504574850e-01
33537.6 5.508706794e-01
33551.1 5.512820469e-01
33564.6 5.516722700e-01
33578.1 5.520709859e-01
33591.6 5.524459298e-01
33605.1 5.528425155e-01
33618.6 5.532476481e-01
33632.2 5.536391797e-01
33645.7 5.540545483e-01
33659.2 5.544537148e-01
33672.7 5.548582116e-01
33686.2 5.552397912e-01
33699.7 5.556249399e-01
33713.2 5.560062213e-01
33726.7 5.567918037e-01
33740.2 5.580204525e-01
33753.8 5.583749249e-01
33767.3 5.587565159e-01
33780.8 5.591198115e-01
33794.3 5.594779129e-01
33807.8 5.598236923e-01
33821.3 5.601443080e-01
33834.8 5.604667535e-01
33848.3 5.607660117e-01
33861.9 5.610771329e-01
33875.4 5.613603140e-01
33888.9 5.616284063e-01
33902.4 5.618902265e-01
33915.9 5.621306367e-01
33929.4 5.623650416e-01
33942.9 5.625436564e-01
33956.4 5.627218064e-01
33970.0 5.628778739e-01
33983.5 5.630071654e-01
33997.0 5.631316320e-01
34010.5 5.632354038e-01
34024.0 5.633560251e-01
34037.5 5.634417934e-01
34051.0 5.635063692e-01
34064.5 5.635628934e-01
34078.1 5.636066291e-01
34091.6 5.637520159e-01
34105.1 5.643329171e-01
34118.6 5.643770911e-01
34132.1 5.644032093e-01
34145.6 5.644131978e-01
34159.1 5.649962836e-01
34172.6 5.650381953e-01
34186.2 5.650396205e-01
34199.7 5.650244311e-01
34213.2 5.650153973e-01
34226.7 5.650029000e-01
34240.2 5.650004983e-01
34253.7 5.650228625e-01
34267.2 5.650225307e-01
34280.7 5.650357615e-01
34294.3 5.650513540e-01
34307.8 5.650980737e-01
34321.3 5.651725701e-01
34334.8 5.652422827e-01
34348.3 5.653342668e-01
34361.8 5.653863679e-01
34375.3 5.654268349e-01
34388.8 5.654729395e-01
34402.4 5.655208824e-01
34415.9 5.655890332e-01
34429.4 5.656494259e-01
34442.9 5.664084206e-01
34456.4 5.665183056e-01
34469.9 5.666369112e-01
34483.4 5.670012655e-01
34496.9 5.675543844e-01
34510.5 5.677202560e-01
34524.0 5.678841681e-01
34537.5 5.680504517e-01
34551.0 5.682331646e-01
34564.5 5.684080620e-01
34578.0 5.686223571e-01
34591.5 5.688501723e-01
34605.0 5.690956426e-01
34618.5 5.693533646e-01
34632.1 5.695955496e-01
34645.6 5.698598180e-01
34659.1 5.701150143e-01
34672.6 5.703748898e-01
34686.1 5.706392425e-01
34699.6 5.708989206e-01
34713.1 5.711817798e-01
34726.6 5.714618950e-01
34740.2 5.717647510e-01
34753.7 5.720686826e-01
34767.2 5.728410033e-01
34780.7 5.733438965e-01
34794.2 5.739234486e-01
34807.7 5.746051476e-01
34821.2 5.749059769e-01
34834.7 5.751997773e-01
34848.3 5.755072528e-01
34861.8 5.757998203e-01
34875.3 5.761051994e-01
34888.8 5.764094875e-01
34902.3 5.766911702e-01
34915.8 5.769783630e-01
34929.3 5.772435520e-01
34942.8 5.775087903e-01
34956.4 5.777661472e-01
34969.9 5.780046228e-01
34983.4 5.782512932e-01
34996.9 5.784712624e-01
35010.4 5.786967494e-01
35023.9 5.789175661e-01
35037.4 5.791210587e-01
35050.9 5.793279605e-01
35064.5 5.795143751e-01
35078.0 5.802408024e-01
35091.5 5.805516686e-01
35105.0 5.810140398e-01
35118.5 5.814718691e-01
35132.0 5.816096488e-01
35145.5 5.818015353e-01
35159.0 5.820001743e-01
35172.6 5.821212319e-01
35186.1 5.822040168e-01
35199.6 5.822652081e-01
35213.1 5.823350495e-01
35226.6 5.824024868e-01
35240.1 5.824199240e-01
35253.6 5.824381373e-01
35267.1 5.824469898e-01
35280.7 5.824421277e-01
35294.2 5.824443840e-01
35307.7 5.824230510e-01
35321.2 5.824074833e-01
35334.7 5.823887027e-01
35348.2 5.829192142e-01
35361.7 5.830113706e-01
35375.2 5.829581830e-01
35388.8 5.829118201e-01
35402.3 5.828687529e-01
35415.8 5.828104660e-01
35429.3 5.833744412e-01
35442.8 5.833734020e-01
35456.3 5.833288999e-01
35469.8 5.832873469e-01
35483.3 5.832280768e-01
35496.8 5.831785142e-01
35510.4 5.831474943e-01
35523.9 5.837512153e-01
35537.4 5.837143705e-01
35550.9 5.836579584e-01
35564.4 5.836189646e-01
35577.9 5.835961995e-01
35591.4 5.835708098e-01
35604.9 5.835558144e-01
35618.5 5.835352300e-01
35632.0 5.835280326e-01
35645.5 5.835360422e-01
35659.0 5.835303225e-01
35672.5 5.835359229e-01
35686.0 5.839451534e-01
35699.5 5.842269484e-01
35713.0 5.842661464e-01
35726.6 5.842983247e-01
35740.1 5.843398583e-01
35753.6 5.843851276e-01
35767.1 5.844197879e-01
35780.6 5.851313273e-01
35794.1 5.851837780e-01
35807.6 5.852377782e-01
35821.1 5.853058124e-01
35834.7 5.853735350e-01
35848.2 5.860231346e-01
35861.7 5.862499996e-01
35875.2 5.863487837e-01
35888.7 5.864757546e-01
35902.2 5.865942288e-01
35915.7 5.867108693e-01
35929.2 5.868318151e-01
35942.8 5.869362268e-01
35956.3 5.870681368e-01
35969.8 5.872091535e-01
35983.3 5.873416739e-01
35996.8 5.874882941e-01
36010.3 5.876441681e-01
36023.8 5.878164101e-01
36037.3 5.884824595e-01
36050.9 5.887914509e-01
36064.4 5.889226837e-01
36077.9 5.890460284e-01
36091.4 5.891653037e-01
36104.9 5.893270580e-01
36118.4 5.894839917e-01
36131.9 5.896330842e-01
36145.4 5.897884900e-01
36159.0 5.899320464e-01
36172.5 5.900766863e-01
36186.0 5.902068675e-01
36199.5 5.909475270e-01
36213.0 5.911057264e-01
36226.5 5.912231911e-01
36240.0 5.913494201e-01
36253.5 5.914880541e-01
36267.1 5.916088472e-01
36280.6 5.917393131e-01
36294.1 5.918662213e-01
36307.6 5.919650915e-01
36321.1 5.920699619e-01
36334.6 5.921579718e-01
36348.1 5.922391673e-01
36361.6 5.923447746e-01
36375.2 5.924486253e-01
36388.7 5.925531653e-01
36402.2 5.926588920e-01
36415.7 5.927495647e-01
36429.2 5.928411002e-01
36442.7 5.929233850e-01
36456.2 5.929919691e-01
36469.7 5.930592603e-01
36483.2 5.931099276e-01
36496.8 5.936366246e-01
36510.3 5.939426580e-01
36523.8 5.940060909e-01
36537.3 5.940782847e-01
36550.8 5.941581213e-01
36564.3 5.942177667e-01
36577.8 5.942775573e-01
36591.3 5.943221714e-01
36604.9 5.943512336e-01
36618.4 5.943850926e-01
36631.9 5.944085329e-01
36645.4 5.944426667e-01
36658.9 5.944982238e-01
36672.4 5.945466102e-01
36685.9 5.945998080e-01
36699.4 5.952752750e-01
36713.0 5.953373645e-01
36726.5 5.953651108e-01
36740.0 5.953809430e-01
36753.5 5.953786545e-01
36767.0 5.953914942e-01
36780.5 5.954100365e-01
36794.0 5.954346998e-01
36807.5 5.954697949e-01
36821.1 5.954854489e-01
36834.6 5.955075500e-01
36848.1 5.955379403e-01
36861.6 5.955393565e-01
36875.1 5.955421037e-01
36888.6 5.955400538e-01
36902.1 5.955195975e-01
36915.6 5.955183129e-01
36929.2 5.955267625e-01
36942.7 5.962291472e-01
36956.2 5.962550489e-01
36969.7 5.962641959e-01
36983.2 5.962687521e-01
36996.7 5.962829381e-01
37010.2 5.962731075e-01
37023.7 5.962540181e-01
37037.3 5.962427998e-01
37050.8 5.962206455e-01
37064.3 5.962074356e-01
37077.8 5.962076909e-01
37091.3 5.962014282e-01
37104.8 5.962033146e-01
37118.3 5.962042312e-01
37131.8 5.961966373e-01
37145.4 5.961948306e-01
37158.9 5.961813509e-01
37172.4 5.961573055e-01
37185.9 5.961390566e-01
37199.4 5.961149610e-01
37212.9 5.960991669e-01
37226.4 5.961034079e-01
37239.9 5.961054674e-01
37253.5 5.961155383e-01
37267.0 5.961309646e-01
37280.5 5.961281414e-01
37294.0 5.961227354e-01
37307.5 5.961173694e-01
37321.0 5.961061156e-01
37334.5 5.961074782e-01
37348.0 5.961103433e-01
37361.5 5.968039753e-01
37375.1 5.968316702e-01
37388.6 5.968612982e-01
37402.1 5.970241972e-01
37415.6 5.975888923e-01
37429.1 5.976196421e-01
37442.6 5.976382482e-01
37456.1 5.976622966e-01
37469.6 5.976837202e-01
37483.2 5.977132433e-01
37496.7 5.977580354e-01
37510.2 5.977951818e-01
37523.7 5.978416188e-01
37537.2 5.979072641e-01
37550.7 5.979672950e-01
37564.2 5.980298099e-01
37577.7 5.980973726e-01
37591.3 5.981570221e-01
37604.8 5.982167803e-01
37618.3 5.982701593e-01
37631.8 5.983166035e-01
37645.3 5.983816620e-01
37658.8 5.984591342e-01
37672.3 5.985377546e-01
37685.8 5.986328103e-01
37699.4 5.987287398e-01
37712.9 5.988085554e-01
37726.4 5.988941339e-01
37739.9 5.989819381e-01
37753.4 5.990598712e-01
37766.9 5.996226599e-01
37780.4 5.999161116e-01
37793.9 5.999885929e-01
37807.5 6.000722246e-01
37821.0 6.001574813e-01
37834.5 6.002382870e-01
37848.0 6.003329441e-01
37861.5 6.004268371e-01
37875.0 6.005065464e-01
37888.5 6.005882206e-01
37902.0 6.006586823e-01
37915.6 6.007131057e-01
37929.1 6.007757981e-01
37942.6 6.008353982e-01
37956.1 6.008940644e-01
37969.6 6.009674689e-01
37983.1 6.010266727e-01
37996.6 6.010775352e-01
38010.1 6.011432772e-01
38023.7 6.011784803e-01
38037.2 6.011950138e-01
38050.7 6.012274631e-01
38064.2 6.012449178e-01
38077.7 6.012565814e-01
38091.2 6.012736079e-01
38104.7 6.012700549e-01
38118.2 6.012636205e-01
38131.8 6.012686149e-01
38145.3 6.012633549e-01
38158.8 6.012539164e-01
38172.3 6.013994244e-01
38185.8 6.018996892e-01
38199.3 6.018529691e-01
38212.8 6.018066105e-01
38226.3 6.017503468e-01
38239.8 6.016871447e-01
38253.4 6.016239221e-01
38266.9 6.015449872e-01
38280.4 6.014587563e-01
38293.9 6.013849084e-01
38307.4 6.013007481e-01
38320.9 6.011970095e-01
38334.4 6.010913836e-01
38347.9 6.009628830e-01
38361.5 6.008274911e-01
38375.0 6.007113173e-01
38388.5 6.011362740e-01
38402.0 6.010831444e-01
38415.5 6.009452166e-01
38429.0 6.007977679e-01
38442.5 6.006433543e-01
38456.0 6.004905276e-01
38469.6 6.003206313e-01
38483.1 6.001405916e-01
38496.6 5.999648297e-01
38510.1 5.997822571e-01
38523.6 5.995864224e-01
38537.1 5.993921996e-01
38550.6 5.991947461e-01
38564.1 5.989897604e-01
38577.7 5.993262388e-01
38591.2 5.992925393e-01
38604.7 5.990782930e-01
38618.2 5.988792935e-01
38631.7 5.986798176e-01
38645.2 5.984686169e-01
38658.7 5.982671355e-01
38672.2 5.980587435e-01
38685.8 5.978420370e-01
38699.3 5.976340304e-01
38712.8 5.974257019e-01
38726.3 5.972068931e-01
38739.8 5.969923353e-01
38753.3 5.967875882e-01
38766.8 5.965821124e-01
38780.3 5.963859504e-01
38793.9 5.961993306e-01
38807.4 5.959970234e-01
38820.9 5.957979311e-01
38834.4 5.956125010e-01
38847.9 5.954214904e-01
38861.4 5.952494322e-01
38874.9 5.950940826e-01
38888.4 5.949325868e-01
38902.0 5.947783229e-01
38915.5 5.946404508e-01
38929.0 5.945075643e-01
38942.5 5.943782094e-01
38956.0 5.942626815e-01
38969.5 5.941496122e-01
38983.0 5.947241799e-01
38996.5 5.946397665e-01
39010.1 5.945658740e-01
39023.6 5.945039910e-01
39037.1 5.944694820e-01
39050.6 5.944382953e-01
39064.1 5.944120785e-01
39077.6 5.944049676e-01
39091.1 5.944050988e-01
39104.6 5.944058265e-01
39118.2 5.944233435e-01
39131.7 5.944657544e-01
39145.2 5.948545175e-01
39158.7 5.952335004e-01
39172.2 5.953097276e-01
39185.7 5.953697561e-01
39199.2 5.954352880e-01
39212.7 5.955117650e-01
39226.2 5.955845276e-01
39239.8 5.956622545e-01
39253.3 5.957481651e-01
39266.8 5.958251932e-01
39280.3 5.958896565e-01
39293.8 5.959594313e-01
39307.3 5.960219570e-01
39320.8 5.960563939e-01
39334.3 5.960776924e-01
39347.9 5.960552905e-01
39361.4 5.959774566e-01
39374.9 5.961967639e-01
39388.4 5.963904523e-01
39401.9 5.961797715e-01
39415.4 5.959167402e-01
39428.9 5.955988209e-01
39442.4 5.951988708e-01
39456.0 5.947156100e-01
39469.5 5.941394472e-01
39483.0 5.934381571e-01
39496.5 5.926230107e-01
39510.0 5.916945633e-01
39523.5 5.906251994e-01
39537.0 5.894021880e-01
39550.5 5.880312344e-01
39564.1 5.864994669e-01
39577.6 5.847693768e-01
39591.1 5.828412519e-01
39604.6 5.807036165e-01
39618.1 5.783347811e-01
39631.6 5.757403766e-01
39645.1 5.729083729e-01
39658.6 5.698191759e-01
39672.2 5.664713349e-01
39685.7 5.628715995e-01
39699.2 5.595612883e-01
39712.7 5.554062378e-01
39726.2 5.508803657e-01
39739.7 5.460527839e-01
39753.2 5.409102109e-01
39766.7 5.354658407e-01
39780.3 5.303225065e-01
39793.8 5.242431098e-01
39807.3 5.178539525e-01
39820.8 5.111789010e-01
39834.3 5.041590349e-01
39847.8 4.967941265e-01
39861.3 4.891521721e-01
39874.8 4.812144399e-01
39888.4 4.729961575e-01
39901.9 4.645288993e-01
39915.4 4.558298406e-01
39928.9 4.468894906e-01
39942.4 4.377408140e-01
39955.9 4.283669382e-01
39969.4 4.188017381e-01
39982.9 4.090895390e-01
39996.5 3.992610145e-01
40010.0 3.893089085e-01
40023.5 3.792545873e-01
40037.0 3.691481304e-01
40050.5 3.590073748e-01
40064.0 3.487706408e-01
40077.5 3.385685127e-01
40091.0 3.284011039e-01
40104.5 3.182675552e-01
40118.1 3.082084629e-01
40131.6 2.982593282e-01
40145.1 2.884099674e-01
40158.6 2.786478587e-01
40172.1 2.690342244e-01
40185.6 2.597328764e-01
40199.1 2.505340373e-01
40212.6 2.416620663e-01
40226.2 2.327084945e-01
40239.7 2.239330144e-01
40253.2 2.153572781e-01
40266.7 2.070158509e-01
40280.2 1.988579359e-01
40293.7 1.909239526e-01
40307.2 1.832402195e-01
40320.7 1.757809427e-01
40334.3 1.685246310e-01
40347.8 1.615035572e-01
40361.3 1.547294790e-01
40374.8 1.481297414e-01
40388.3 1.417649892e-01
40401.8 1.356378693e-01
40415.3 1.297166132e-01
40428.8 1.239946823e-01
40442.4 1.185089702e-01
40455.9 1.132371920e-01
40469.4 1.081249434e-01
40482.9 1.032376144e-01
40496.4 9.854631410e-02
40509.9 9.402185011e-02
40523.4 8.967003766e-02
40536.9 8.552883011e-02
40550.5 8.154200742e-02
40564.0 7.769185677e-02
40577.5 7.403371903e-02
40591.0 7.052513681e-02
40604.5 6.718251899e-02
40618.0 6.399062287e-02
40631.5 6.093564637e-02
40645.0 5.797804412e-02
40658.6 5.514665711e-02
40672.1 5.246895903e-02
40685.6 4.990245721e-02
40699.1 4.743264522e-02
40712.6 4.508552989e-02
40726.1 4.290410959e-02
40739.6 4.076430191e-02
40753.1 3.871905335e-02
40766.7 3.678764639e-02
40780.2 3.493808325e-02
40793.7 3.315495396e-02
40807.2 3.148382338e-02
40820.7 2.990238581e-02
40834.2 2.835832067e-02
40847.7 2.690773788e-02
40861.2 2.554144625e-02
40874.8 2.423068430e-02
40888.3 2.295838280e-02
40901.8 2.179346516e-02
40915.3 2.066986728e-02
40928.8 1.957698054e-02
40942.3 1.855395511e-02
40955.8 1.760305183e-02
40969.3 1.668251136e-02
40982.8 1.579354658e-02
40996.4 1.499478700e-02
41009.9 1.421420795e-02
41023.4 1.345555220e-02
41036.9 1.275358961e-02
41050.4 1.211065981e-02
41063.9 1.145601185e-02
41077.4 1.084049911e-02
41090.9 1.028315318e-02
41104.5 9.743182592e-03
41118.0 9.211641441e-03
41131.5 8.724994528e-03
41145.0 8.290043274e-03
41158.5 7.832540960e-03
41172.0 7.411089153e-03
41185.5 7.033998286e-03
41199.0 6.673872076e-03
41212.6 6.291627850e-03
41226.1 5.970597758e-03
41239.6 5.668476391e-03
41253.1 5.357104162e-03
41266.6 5.062929453e-03
41280.1 4.813840394e-03
41293.6 4.570756993e-03
41307.1 4.307575936e-03
41320.7 4.090516410e-03
41334.2 3.886055526e-03
41347.7 3.674783963e-03
41361.2 3.462825771e-03
41374.7 3.309179629e-03
41388.2 3.131920170e-03
41401.7 2.952367586e-03
41415.2 2.798068405e-03
41428.8 2.672731490e-03
41442.3 2.514881785e-03
41455.8 2.368572041e-03
41469.3 2.262513549e-03
41482.8 2.153348793e-03
41496.3 2.027363030e-03
41509.8 1.919595791e-03
41523.3 1.844964253e-03
41536.9 1.732724975e-03
41550.4 1.634731233e-03
41563.9 1.561131854e-03
41577.4 1.497429679e-03
41590.9 1.389845696e-03
41604.4 1.326471134e-03
41617.9 1.276321230e-03
41631.4 1.209230654e-03
41645.0 1.122532245e-03
41658.5 1.078421599e-03
41672.0 1.031868237e-03
41685.5 9.611477248e-04
41699.0 9.062706508e-04
41712.5 8.786996931e-04
41726.0 8.362578979e-04
41739.5 7.678854249e-04
41753.1 7.393539163e-04
41766.6 7.116680433e-04
41780.1 6.655856152e-04
41793.6 6.112953970e-04
41807.1 6.080119612e-04
41820.6 5.739586044e-04
41834.1 5.296648922e-04
41847.6 4.982246639e-04
41861.1 5.039973468e-04
41874.7 4.603443526e-04
41888.2 4.239040985e-04
41901.7 4.077491447e-04
41915.2 3.981474807e-04
41928.7 3.513366118e-04
41942.2 3.343786325e-04
41955.7 3.357435710e-04
41969.2 3.164314950e-04
41982.8 2.760802644e-04
41996.3 2.631157820e-04
42009.8 2.622298823e-04
42023.3 2.278046477e-04
42036.8 2.045595611e-04
42050.3 2.089803368e-04
42063.8 2.105506401e-04
42077.3 1.664749712e-04
42090.9 1.587002229e-04
42104.4 1.637686183e-04
42117.9 1.516149950e-04
42131.4 1.095583159e-04
42144.9 1.241269178e-04
42158.4 1.310584192e-04
42171.9 1.083317830e-04
42185.4 8.563676643e-05
42199.0 1.012429852e-04
42212.5 9.317179135e-05
42226.0 7.318921674e-05
42239.5 6.134842397e-05
42253.0 7.935728445e-05
42266.5 6.401036537e-05
42280.0 4.956928678e-05
42293.5 4.877911571e-05
42307.1 6.383506646e-05
42320.6 4.971797095e-05
42334.1 4.599943760e-05
42347.6 5.027655658e-05
42361.1 5.513365071e-05
42374.6 4.097290861e-05
42388.1 3.831968899e-05
42401.6 4.197485908e-05
42415.2 4.094480135e-05
42428.7 3.316906917e-05
42442.2 3.566931210e-05
42455.7 3.900177978e-05
42469.2 3.284321425e-05
42482.7 2.698370945e-05
42496.2 3.520877546e-05
42509.7 3.916398112e-05
42523.3 2.919531982e-05
42536.8 2.677753850e-05
42550.3 3.242702842e-05
42563.8 3.395747958e-05
42577.3 2.881632197e-05
42590.8 2.921485777e-05
42604.3 3.255970208e-05
42617.8 2.784603218e-05
42631.4 1.829980915e-05
42644.9 2.101106462e-05
42658.4 2.785226391e-05
42671.9 2.739642270e-05
42685.4 2.422816043e-05
42698.9 2.850557479e-05
42712.4 3.038307925e-05
42725.9 2.531302870e-05
42739.5 2.464000842e-05
42753.0 3.191241731e-05
42766.5 3.188740972e-05
42780.0 2.628968353e-05
42793.5 2.623822230e-05
42807.0 3.312994633e-05
42820.5 3.156506109e-05
42834.0 2.831320251e-05
42847.5 3.245827072e-05
42861.1 3.685312303e-05
42874.6 2.895837870e-05
42888.1 2.401547826e-05
42901.6 2.766003010e-05
42915.1 3.194654984e-05
42928.6 2.677926095e-05
42942.1 2.579875634e-05
42955.6 3.256486190e-05
42969.2 3.263958989e-05
42982.7 2.462234294e-05
42996.2 2.403111339e-05
43009.7 3.115667684e-05
43023.2 3.073210829e-05
43036.7 2.405933890e-05
43050.2 2.505030754e-05
43063.7 3.159387866e-05
43077.3 2.908004495e-05
43090.8 2.408347146e-05
43104.3 2.488472979e-05
43117.8 2.773150028e-05
43131.3 2.060895565e-05
43144.8 1.655786493e-05
43158.3 1.901518299e-05
43171.8 2.515098293e-05
43185.4 2.089732520e-05
43198.9 2.166230061e-05
43212.4 2.540744959e-05
43225.9 2.725061250e-05
43239.4 1.780689259e-05
43252.9 1.685542483e-05
43266.4 1.984718824e-05
43279.9 2.283618222e-05
43293.5 1.720149313e-05
43307.0 2.020412913e-05
43320.5 2.378220820e-05
43334.0 2.372859577e-05
43347.5 1.593568442e-05
43361.0 1.885159658e-05
43374.5 2.275083980e-05
43388.0 2.315479747e-05
43401.6 1.635485075e-05
43415.1 1.980697359e-05
43428.6 2.252079674e-05
43442.1 2.064465878e-05
43455.6 1.391486565e-05
43469.1 1.756337617e-05
43482.6 2.083814118e-05
43496.1 1.957547366e-05
43509.7 1.593558067e-05
43523.2 1.993857142e-05
43536.7 2.319236240e-05
43550.2 1.993198610e-05
43563.7 1.727150579e-05
43577.2 2.070992037e-05
43590.7 2.401327608e-05
43604.2 1.949566488e-05
43617.8 1.915723934e-05
43631.3 2.143913628e-05
43644.8 2.135475335e-05
43658.3 1.321405362e-05
43671.8 1.434951668e-05
43685.3 1.826227193e-05
43698.8 2.211639747e-05
43712.3 1.301398748e-05
43725.8 1.380678802e-05
43739.4 1.705495935e-05
43752.9 2.042143389e-05
43766.4 1.174804815e-05
43779.9 1.231396960e-05
43793.4 1.590120348e-05
43806.9 2.193090824e-05
43820.4 1.325662942e-05
43833.9 1.370685156e-05
43847.5 1.805816617e-05
43861.0 1.796984750e-05
43874.5 9.910239245e-06
43888.0 1.045940100e-05
43901.5 2.025972871e-05
43915.0 1.752671337e-05
43928.5 9.992853762e-06
43942.0 9.512870425e-06
43955.6 1.828952377e-05
43969.1 1.476149810e-05
43982.6 1.082531211e-05
43996.1 9.314262270e-06
44009.6 1.726227106e-05
44023.1 1.287908318e-05
44036.6 7.861160348e-06
44050.1 5.684185298e-06
44063.7 1.414533065e-05
44077.2 1.052187995e-05
44090.7 7.934151659e-06
44104.2 7.811610775e-06
44117.7 1.178112144e-05
44131.2 9.855120172e-06
44144.7 6.161546103e-06
44158.2 9.934748631e-06
44171.8 1.570108498e-05
44185.3 9.372805463e-06
44198.8 2.261495878e-06
44212.3 5.509860145e-06
44225.8 1.115944972e-05
44239.3 1.935888472e-05
44252.8 1.197842590e-05
44266.3 1.473704785e-05
44279.9 1.821953626e-05
44293.4 1.682452002e-05
44306.9 2.948852037e-06
44320.4 3.780969444e-06
44333.9 1.360063895e-05
44347.4 1.410371046e-05
44360.9 6.284461529e-06
44374.4 5.338283112e-06
44388.0 1.650475900e-05
44401.5 1.245434750e-05
44415.0 7.963987166e-06
44428.5 5.813391298e-06
44442.0 1.293895895e-05
44455.5 1.435475373e-05
44469.0 9.854463835e-06
44482.5 6.573553999e-06
44496.1 1.411917306e-05
44509.6 1.683261073e-05
44523.1 1.108588005e-05
44536.6 9.554558453e-06
44550.1 1.351282266e-05
44563.6 1.768062419e-05
44577.1 9.591046219e-06
44590.6 1.075071983e-05
44604.1 1.486969643e-05
44617.7 2.387498671e-05
44631.2 9.174481909e-06
44644.7 8.306761985e-06
44658.2 1.140812305e-05
44671.7 1.651838254e-05
44685.2 8.693429405e-06
44698.7 6.369958047e-06
44712.2 1.260730869e-05
44725.8 1.730728992e-05
44739.3 1.270151528e-05
44752.8 5.910558846e-06
44766.3 1.266662029e-05
44779.8 1.727332285e-05
44793.3 1.539990573e-05
44806.8 7.747056889e-06
44820.3 1.178614037e-05
44833.9 1.972813320e-05
44847.4 1.770135158e-05
44860.9 1.145992544e-05
44874.4 1.209905292e-05
44887.9 2.504774861e-05
44901.4 2.194614467e-05
44914.9 1.866075939e-05
44928.4 1.683031327e-05
44942.0 2.631074359e-05
44955.5 2.491735781e-05
44969.0 2.009356856e-05
44982.5 1.897372090e-05
44996.0 2.538044224e-05
45009.5 2.877921560e-05
45023.0 1.964003664e-05
45036.5 1.862227228e-05
45050.1 2.135266311e-05
45063.6 3.357970101e-05
45077.1 1.934927934e-05
45090.6 1.796100942e-05
45104.1 2.166749096e-05
45117.6 2.687272295e-05
45131.1 2.031982676e-05
45144.6 1.444765299e-05
45158.2 2.001169555e-05
45171.7 2.451111116e-05
45185.2 2.386404889e-05
45198.7 1.506720372e-05
45212.2 2.013311724e-05
45225.7 2.781001579e-05
45239.2 2.899339146e-05
45252.7 1.714392286e-05
45266.3 1.529513195e-05
45279.8 2.554175743e-05
45293.3 2.211952043e-05
45306.8 1.934322863e-05
45320.3 1.627079492e-05
45333.8 2.681712835e-05
45347.3 3.000223490e-05
45360.8 2.534099853e-05
45374.4 1.882589721e-05
45387.9 2.258069314e-05
45401.4 3.152062295e-05
45414.9 2.597780164e-05
45428.4 2.314271031e-05
45441.9 2.331498955e-05
45455.4 3.337730473e-05
45468.9 2.782144232e-05
45482.5 2.197630936e-05
45496.0 2.000404824e-05
45509.5 2.483928045e-05
45523.0 2.722526204e-05
45536.5 1.939570257e-05
45550.0 2.205392750e-05
45563.5 2.736975240e-05
45577.0 3.700714513e-05
45590.5 2.739940733e-05
45604.1 2.459302697e-05
45617.6 3.027956261e-05
45631.1 3.366813303e-05
45644.6 2.682677735e-05
45658.1 1.745440854e-05
45671.6 2.432259117e-05
45685.1 3.121047006e-05
45698.6 3.575804793e-05
45712.2 2.722443984e-05
45725.7 2.775509183e-05
45739.2 4.232917336e-05
45752.7 3.719210336e-05
45766.2 2.830936281e-05
45779.7 1.955975217e-05
45793.2 2.807741409e-05
45806.7 3.303188202e-05
45820.3 3.189217078e-05
45833.8 2.753281153e-05
45847.3 2.979522937e-05
45860.8 4.281576732e-05
45874.3 3.212865917e-05
45887.8 2.615522699e-05
45901.3 2.151270293e-05
45914.8 3.041412894e-05
45928.4 3.248928035e-05
45941.9 2.660656251e-05
45955.4 2.655498162e-05
45968.9 3.012218727e-05
45982.4 3.957233851e-05
45995.9 2.896139831e-05
46009.4 2.490353318e-05
46022.9 2.516767150e-05
46036.5 3.097113671e-05
46050.0 2.938312663e-05
46063.5 2.013734375e-05
46077.0 2.240408855e-05
46090.5 2.645544471e-05
46104.0 3.364278391e-05
46117.5 2.446035122e-05
46131.0 2.264361003e-05
46144.6 3.022193691e-05
46158.1 3.513322713e-05
46171.6 3.407574499e-05
46185.1 2.571483186e-05
46198.6 2.941911490e-05
46212.1 3.441128632e-05
46225.6 3.356470399e-05
46239.1 2.642643546e-05
46252.7 2.284881837e-05
46266.2 3.128681087e-05
46279.7 3.142800623e-05
46293.2 2.719143374e-05
46306.7 1.978029292e-05
46320.2 2.251052045e-05
46333.7 3.112297430e-05
46347.2 2.309455284e-05
46360.8 1.430910027e-05
46374.3 1.101010961e-05
46387.8 1.596861000e-05
46401.3 1.863444041e-05
46414.8 1.389949770e-05
46428.3 1.474405891e-05
46441.8 1.899098882e-05
46455.3 3.108649574e-05
46468.8 2.395712486e-05
46482.4 2.089512019e-05
46495.9 2.247098042e-05
46509.4 2.801271989e-05
46522.9 3.029791744e-05
46536.4 1.956603036e-05
46549.9 1.809351560e-05
46563.4 2.193854651e-05
46576.9 2.701831178e-05
46590.5 1.574947853e-05
46604.0 9.240788085e-06
46617.5 1.462631879e-05
46631.0 2.302154222e-05
46644.5 2.869682094e-05
46658.0 1.574175842e-05
46671.5 1.485428200e-05
46685.0 2.532481375e-05
46698.6 2.906808439e-05
46712.1 2.306269417e-05
46725.6 1.428026091e-05
46739.1 1.803363785e-05
46752.6 2.550295165e-05
46766.1 2.338420756e-05
46779.6 1.638312927e-05
46793.1 1.085927193e-05
46806.7 1.845823185e-05
46820.2 2.191016057e-05
46833.7 1.935685447e-05
46847.2 1.542177724e-05
46860.7 1.602639907e-05
46874.2 2.701695113e-05
46887.7 2.274031775e-05
46901.2 1.799414609e-05
46914.8 1.472566973e-05
46928.3 1.856508480e-05
46941.8 2.859382100e-05
46955.3 1.886737440e-05
46968.8 1.626926644e-05
46982.3 1.693885232e-05
46995.8 2.602206598e-05
47009.3 2.575181517e-05
47022.9 1.773221856e-05
47036.4 1.736007904e-05
47049.9 1.898825388e-05
47063.4 2.357132322e-05
47076.9 1.753642125e-05
47090.4 1.158800962e-05
47103.9 1.450227283e-05
47117.4 1.707840899e-05
47131.0 2.039133458e-05
47144.5 8.345717460e-06
47158.0 6.904275386e-06
47171.5 1.453017132e-05
47185.0 2.411744312e-05
47198.5 2.349676463e-05
47212.0 1.210804530e-05
47225.5 1.231906108e-05
47239.1 2.532882856e-05
47252.6 2.678824635e-05
47266.1 2.049668292e-05
47279.6 1.401512519e-05
47293.1 1.730109552e-05
47306.6 2.755124968e-05
47320.1 2.076093905e-05
47333.6 1.384286389e-05
47347.1 9.723177755e-06
47360.7 1.767745638e-05
47374.2 3.002756904e-05
47387.7 2.370805240e-05
47401.2 1.906517391e-05
47414.7 1.745064295e-05
47428.2 2.774776097e-05
47441.7 2.589740209e-05
47455.2 1.659560890e-05
47468.8 1.425989950e-05
47482.3 1.527364219e-05
47495.8 2.327465961e-05
47509.3 1.547844005e-05
47522.8 9.497046801e-06
47536.3 1.013904760e-05
47549.8 1.322394489e-05
47563.3 2.483733982e-05
47576.9 1.486696430e-05
47590.4 1.209174968e-05
47603.9 1.682959797e-05
47617.4 2.526104150e-05
47630.9 3.069877111e-05
47644.4 1.667552142e-05
47657.9 1.445265675e-05
47671.4 1.945055418e-05
47685.0 2.224844960e-05
47698.5 1.443426149e-05
47712.0 5.128303840e-06
47725.5 5.134601837e-06
47739.0 1.755221798e-05
47752.5 2.155549223e-05
47766.0 1.702029438e-05
47779.5 1.062892591e-05
47793.1 1.313289686e-05
47806.6 2.391101518e-05
47820.1 1.650480429e-05
47833.6 7.214882898e-06
47847.1 4.389485627e-06
47860.6 6.535036484e-06
47874.1 2.109476500e-05
47887.6 1.647488260e-05
47901.2 1.129175362e-05
47914.7 8.744600530e-06
47928.2 1.217696555e-05
47941.7 1.980475847e-05
47955.2 1.127065664e-05
47968.7 7.099674332e-06
47982.2 4.523196956e-06
47995.7 9.476948660e-06
48009.3 1.376548422e-05
48022.8 8.310672827e-06
48036.3 8.176093099e-06
48049.8 1.041665435e-05
48063.3 1.761556689e-05
48076.8 1.558006251e-05
48090.3 9.271117579e-06
48103.8 8.960564898e-06
48117.4 1.278575800e-05
48130.9 1.862369348e-05
48144.4 1.379665085e-05
48157.9 8.360930510e-06
48171.4 9.319682985e-06
48184.9 1.676531281e-05
48198.4 1.966078369e-05
48211.9 1.039843009e-05
48225.5 4.277793919e-06
48239.0 5.708690053e-06
48252.5 1.719245733e-05
48266.0 1.895616168e-05
48279.5 8.331574062e-06
48293.0 5.155312946e-06
48306.5 6.220534852e-06
48320.0 1.495533176e-05
48333.5 1.268740338e-05
48347.1 6.686659885e-06
48360.6 4.717571966e-06
48374.1 6.692850938e-06
48387.6 2.002220318e-05
48401.1 1.673863059e-05
48414.6 1.151451180e-05
48428.1 6.927553955e-06
48441.6 1.092156986e-05
48455.2 2.023523053e-05
48468.7 1.071568851e-05
48482.2 8.503953053e-06
48495.7 8.376664945e-06
48509.2 1.323313351e-05
48522.7 2.592141546e-05
48536.2 1.599543975e-05
48549.7 1.209687962e-05
48563.3 1.143677921e-05
48576.8 1.530915264e-05
48590.3 2.906185598e-05
48603.8 1.565029235e-05
48617.3 1.214173566e-05
48630.8 1.584101208e-05
48644.3 2.082639300e-05
48657.8 2.963206364e-05
48671.4 9.509521483e-06
48684.9 6.706909452e-06
48698.4 9.790893799e-06
48711.9 1.754385825e-05
48725.4 2.620215739e-05
48738.9 1.914377085e-05
48752.4 1.516262182e-05
48765.9 2.375557718e-05
48779.5 3.125313114e-05
48793.0 3.226848578e-05
48806.5 1.780216561e-05
48820.0 1.124054877e-05
48833.5 1.704552131e-05
48847.0 2.356151271e-05
48860.5 2.103451370e-05
48874.0 1.160992702e-05
48887.6 6.364241609e-06
48901.1 1.367795294e-05
48914.6 2.451947436e-05
48928.1 2.137880226e-05
48941.6 1.447480451e-05
48955.1 8.606291936e-06
48968.6 1.277174258e-05
48982.1 2.325639207e-05
48995.7 1.729642046e-05
49009.2 1.514843076e-05
49022.7 1.501456315e-05
49036.2 2.144300021e-05
49049.7 4.053516179e-05
49063.2 2.483299058e-05
49076.7 1.788583372e-05
49090.2 1.494062224e-05
49103.8 1.767126411e-05
49117.3 2.941069084e-05
49130.8 1.700523343e-05
49144.3 1.191490378e-05
49157.8 1.226944915e-05
49171.3 1.496271033e-05
49184.8 2.260375171e-05
49198.3 1.478657622e-05
49211.8 1.112692385e-05
49225.4 1.314999296e-05
49238.9 2.082145014e-05
49252.4 2.614865266e-05
49265.9 2.182147890e-05
49279.4 1.320864566e-05
49292.9 1.513776094e-05
49306.4 2.924141729e-05
49319.9 3.274800468e-05
49333.5 2.464689701e-05
49347.0 1.458585141e-05
49360.5 1.470984309e-05
49374.0 2.257421809e-05
49387.5 2.438589639e-05
49401.0 2.188793737e-05
49414.5 1.329966737e-05
49428.0 1.188544935e-05
49441.6 2.078659406e-05
49455.1 2.873470628e-05
49468.6 2.546745400e-05
49482.1 1.493449138e-05
49495.6 1.226077806e-05
49509.1 1.722218704e-05
49522.6 2.548230422e-05
49536.1 2.029273654e-05
49549.7 1.609872164e-05
49563.2 1.235068491e-05
49576.7 1.725715251e-05
49590.2 3.118432419e-05
49603.7 2.118274546e-05
49617.2 1.850248117e-05
49630.7 1.803837853e-05
49644.2 2.068634867e-05
49657.8 2.966965842e-05
49671.3 1.933362523e-05
49684.8 1.197743267e-05
49698.3 1.174953325e-05
49711.8 1.457570010e-05
49725.3 2.317142919e-05
49738.8 2.030698252e-05
49752.3 1.314929459e-05
49765.9 1.363514518e-05
49779.4 1.665448790e-05
49792.9 2.168565454e-05
49806.4 2.372116388e-05
49819.9 1.323152531e-05
49833.4 1.183789270e-05
49846.9 1.745103822e-05
49860.4 2.519357178e-05
49874.0 3.146547758e-05
49887.5 1.694785004e-05
49901.0 1.210358413e-05
49914.5 1.760276493e-05
49928.0 2.578906378e-05
49941.5 2.716562952e-05
49955.0 2.227510193e-05
49968.5 1.622690157e-05
49982.1 1.872652649e-05
49995.6 2.593922626e-05
50009.1 2.288946267e-05
50022.6 2.004942485e-05
50036.1 1.501543493e-05
50049.6 1.515018517e-05
50063.1 2.338435812e-05
50076.6 2.392041885e-05
50090.1 1.985654005e-05
50103.7 1.459243354e-05
50117.2 1.106965742e-05
50130.7 1.788792951e-05
50144.2 2.539111958e-05
50157.7 2.241317780e-05
50171.2 2.121957523e-05
50184.7 2.099784936e-05
50198.2 2.459116072e-05
50211.8 3.365414669e-05
50225.3 2.410483672e-05
50238.8 1.879415587e-05
50252.3 1.816542522e-05
50265.8 1.870722072e-05
50279.3 2.361941642e-05
50292.8 2.096061142e-05
50306.3 1.379776904e-05
50319.9 1.304418064e-05
50333.4 1.501378527e-05
50346.9 1.878691513e-05
50360.4 2.616463960e-05
50373.9 1.334378253e-05
50387.4 9.575406979e-06
50400.9 1.267501684e-05
50414.4 1.857599089e-05
50428.0 2.343063684e-05
50441.5 1.729221352e-05
50455.0 1.199262372e-05
50468.5 1.465096149e-05
50482.0 2.284379275e-05
50495.5 2.427412674e-05
50509.0 2.244219992e-05
50522.5 1.338241552e-05
50536.1 1.166668116e-05
50549.6 1.866346613e-05
50563.1 2.432975226e-05
50576.6 2.401036898e-05
50590.1 1.835588563e-05
50603.6 1.264751864e-05
50617.1 1.569612142e-05
50630.6 2.224499121e-05
50644.2 1.843265684e-05
50657.7 1.395701598e-05
50671.2 8.021218137e-06
50684.7 7.425669243e-06
50698.2 1.486035322e-05
50711.7 2.181398123e-05
50725.2 1.840328794e-05
50738.7 1.486893510e-05
50752.3 1.254104489e-05
50765.8 1.647397692e-05
50779.3 2.570446638e-05
50792.8 1.755455440e-05
50806.3 1.398095005e-05
50819.8 1.361691780e-05
50833.3 1.492102429e-05
50846.8 2.079561415e-05
50860.4 2.004402487e-05
50873.9 1.431672229e-05
50887.4 1.358405474e-05
50900.9 1.551465429e-05
50914.4 2.045530612e-05
50927.9 2.791246571e-05
50941.4 1.702328105e-05
50954.9 1.217485682e-05
50968.4 1.461046245e-05
50982.0 1.857851808e-05
50995.5 2.370158421e-05
