13845.7 0.000000000e+00
13861.8 0.000000000e+00
13877.8 0.000000000e+00
13893.9 0.000000000e+00
13910.0 0.000000000e+00
13926.1 0.000000000e+00
13942.2 0.000000000e+00
13958.2 0.000000000e+00
13974.3 0.000000000e+00
13990.4 0.000000000e+00
14006.5 0.000000000e+00
14022.6 0.000000000e+00
14038.6 0.000000000e+00
14054.7 0.000000000e+00
14070.8 0.000000000e+00
14086.9 0.000000000e+00
14103.0 0.000000000e+00
14119.0 0.000000000e+00
14135.1 0.000000000e+00
14151.2 0.000000000e+00
14167.3 0.000000000e+00
14183.4 0.000000000e+00
14199.5 0.000000000e+00
14215.5 0.000000000e+00
14231.6 0.000000000e+00
14247.7 0.000000000e+00
14263.8 0.000000000e+00
14279.9 0.000000000e+00
14295.9 0.000000000e+00
14312.0 0.000000000e+00
14328.1 0.000000000e+00
14344.2 0.000000000e+00
14360.3 0.000000000e+00
14376.3 0.000000000e+00
14392.4 0.000000000e+00
14408.5 0.000000000e+00
14424.6 0.000000000e+00
14440.7 0.000000000e+00
14456.7 0.000000000e+00
14472.8 0.000000000e+00
14488.9 0.000000000e+00
14505.0 0.000000000e+00
14521.1 0.000000000e+00
14537.2 0.000000000e+00
14553.2 0.000000000e+00
14569.3 0.000000000e+00
14585.4 0.000000000e+00
14601.5 0.000000000e+00
14617.6 0.000000000e+00
14633.6 0.000000000e+00
14649.7 0.000000000e+00
14665.8 0.000000000e+00
14681.9 0.000000000e+00
14698.0 0.000000000e+00
14714.0 0.000000000e+00
14730.1 0.000000000e+00
14746.2 0.000000000e+00
14762.3 0.000000000e+00
14778.4 0.000000000e+00
14794.4 0.000000000e+00
14810.5 0.000000000e+00
14826.6 0.000000000e+00
14842.7 0.000000000e+00
14858.8 0.000000000e+00
14874.9 0.000000000e+00
14890.9 0.000000000e+00
14907.0 0.000000000e+00
14923.1 0.000000000e+00
14939.2 0.000000000e+00
14955.3 0.000000000e+00
14971.3 0.000000000e+00
14987.4 0.000000000e+00
15003.5 0.000000000e+00
15019.6 0.000000000e+00
15035.7 0.000000000e+00
15051.7 0.000000000e+00
15067.8 0.000000000e+00
15083.9 0.000000000e+00
15100.0 0.000000000e+00
15116.1 0.000000000e+00
15132.1 0.000000000e+00
15148.2 0.000000000e+00
15164.3 0.000000000e+00
15180.4 0.000000000e+00
15196.5 0.000000000e+00
15212.5 0.000000000e+00
15228.6 0.000000000e+00
15244.7 0.000000000e+00
15260.8 0.000000000e+00
15276.9 0.000000000e+00
15293.0 0.000000000e+00
15309.0 0.000000000e+00
15325.1 0.000000000e+00
15341.2 0.000000000e+00
15357.3 0.000000000e+00
15373.4 0.000000000e+00
15389.4 0.000000000e+00
15405.5 0.000000000e+00
15421.6 0.000000000e+00
15437.7 0.000000000e+00
15453.8 0.000000000e+00
15469.8 0.000000000e+00
15485.9 0.000000000e+00
15502.0 0.000000000e+00
15518.1 0.000000000e+00
15534.2 0.000000000e+00
15550.2 0.000000000e+00
15566.3 0.000000000e+00
15582.4 0.000000000e+00
15598.5 0.000000000e+00
15614.6 0.000000000e+00
15630.7 0.000000000e+00
15646.7 0.000000000e+00
15662.8 0.000000000e+00
15678.9 0.000000000e+00
15695.0 0.000000000e+00
15711.1 0.000000000e+00
15727.1 0.000000000e+00
15743.2 0.000000000e+00
15759.3 0.000000000e+00
15775.4 0.000000000e+00
15791.5 0.000000000e+00
15807.5 0.000000000e+00
15823.6 0.000000000e+00
15839.7 0.000000000e+00
15855.8 0.000000000e+00
15871.9 0.000000000e+00
15887.9 0.000000000e+00
15904.0 0.000000000e+00
15920.1 0.000000000e+00
15936.2 0.000000000e+00
15952.3 0.000000000e+00
15968.4 0.000000000e+00
15984.4 0.000000000e+00
16000.5 0.000000000e+00
16016.6 0.000000000e+00
16032.7 0.000000000e+00
16048.8 0.000000000e+00
16064.8 0.000000000e+00
16080.9 0.000000000e+00
16097.0 0.000000000e+00
16113.1 0.000000000e+00
16129.2 0.000000000e+00
16145.2 0.000000000e+00
16161.3 0.000000000e+00
16177.4 0.000000000e+00
16193.5 0.000000000e+00
16209.6 0.000000000e+00
16225.6 0.000000000e+00
16241.7 0.000000000e+00
16257.8 0.000000000e+00
16273.9 0.000000000e+00
16290.0 0.000000000e+00
16306.1 0.000000000e+00
16322.1 0.000000000e+00
16338.2 0.000000000e+00
16354.3 0.000000000e+00
16370.4 0.000000000e+00
16386.5 0.000000000e+00
16402.5 0.000000000e+00
16418.6 0.000000000e+00
16434.7 0.000000000e+00
16450.8 0.000000000e+00
16466.9 0.000000000e+00
16482.9 0.000000000e+00
16499.0 0.000000000e+00
16515.1 0.000000000e+00
16531.2 0.000000000e+00
16547.3 0.000000000e+00
16563.3 0.000000000e+00
16579.4 0.000000000e+00
16595.5 0.000000000e+00
16611.6 0.000000000e+00
16627.7 0.000000000e+00
16643.8 0.000000000e+00
16659.8 0.000000000e+00
16675.9 0.000000000e+00
16692.0 0.000000000e+00
16708.1 0.000000000e+00
16724.2 0.000000000e+00
16740.2 0.000000000e+00
16756.3 0.000000000e+00
16772.4 0.000000000e+00
16788.5 0.000000000e+00
16804.6 0.000000000e+00
16820.6 0.000000000e+00
16836.7 0.000000000e+00
16852.8 0.000000000e+00
16868.9 0.000000000e+00
16885.0 0.000000000e+00
16901.0 0.000000000e+00
16917.1 0.000000000e+00
16933.2 0.000000000e+00
16949.3 0.000000000e+00
16965.4 0.000000000e+00
16981.5 0.000000000e+00
16997.5 0.000000000e+00
17013.6 0.000000000e+00
17029.7 0.000000000e+00
17045.8 0.000000000e+00
17061.9 0.000000000e+00
17077.9 0.000000000e+00
17094.0 0.000000000e+00
17110.1 0.000000000e+00
17126.2 0.000000000e+00
17142.3 0.000000000e+00
17158.3 0.000000000e+00
17174.4 0.000000000e+00
17190.5 0.000000000e+00
17206.6 0.000000000e+00
17222.7 0.000000000e+00
17238.7 0.000000000e+00
17254.8 0.000000000e+00
17270.9 0.000000000e+00
17287.0 0.000000000e+00
17303.1 0.000000000e+00
17319.2 0.000000000e+00
17335.2 0.000000000e+00
17351.3 0.000000000e+00
17367.4 0.000000000e+00
17383.5 0.000000000e+00
17399.6 0.000000000e+00
17415.6 0.000000000e+00
17431.7 0.000000000e+00
17447.8 0.000000000e+00
17463.9 0.000000000e+00
17480.0 0.000000000e+00
17496.0 0.000000000e+00
17512.1 0.000000000e+00
17528.2 0.000000000e+00
17544.3 0.000000000e+00
17560.4 0.000000000e+00
17576.4 0.000000000e+00
17592.5 0.000000000e+00
17608.6 0.000000000e+00
17624.7 0.000000000e+00
17640.8 0.000000000e+00
17656.8 0.000000000e+00
17672.9 0.000000000e+00
17689.0 0.000000000e+00
17705.1 0.000000000e+00
17721.2 0.000000000e+00
17737.3 0.000000000e+00
17753.3 0.000000000e+00
17769.4 0.000000000e+00
17785.5 0.000000000e+00
17801.6 0.000000000e+00
17817.7 0.000000000e+00
17833.7 0.000000000e+00
17849.8 0.000000000e+00
17865.9 0.000000000e+00
17882.0 0.000000000e+00
17898.1 0.000000000e+00
17914.1 0.000000000e+00
17930.2 0.000000000e+00
17946.3 0.000000000e+00
17962.4 0.000000000e+00
17978.5 0.000000000e+00
17994.5 0.000000000e+00
18010.6 0.000000000e+00
18026.7 0.000000000e+00
18042.8 0.000000000e+00
18058.9 0.000000000e+00
18075.0 0.000000000e+00
18091.0 0.000000000e+00
18107.1 0.000000000e+00
18123.2 0.000000000e+00
18139.3 0.000000000e+00
18155.4 0.000000000e+00
18171.4 0.000000000e+00
18187.5 0.000000000e+00
18203.6 0.000000000e+00
18219.7 0.000000000e+00
18235.8 0.000000000e+00
18251.8 0.000000000e+00
18267.9 0.000000000e+00
18284.0 0.000000000e+00
18300.1 0.000000000e+00
18316.2 0.000000000e+00
18332.2 0.000000000e+00
18348.3 0.000000000e+00
18364.4 0.000000000e+00
18380.5 0.000000000e+00
18396.6 0.000000000e+00
18412.7 0.000000000e+00
18428.7 0.000000000e+00
18444.8 0.000000000e+00
18460.9 0.000000000e+00
18477.0 0.000000000e+00
18493.1 0.000000000e+00
18509.1 0.000000000e+00
18525.2 0.000000000e+00
18541.3 0.000000000e+00
18557.4 0.000000000e+00
18573.5 0.000000000e+00
18589.5 0.000000000e+00
18605.6 0.000000000e+00
18621.7 0.000000000e+00
18637.8 0.000000000e+00
18653.9 0.000000000e+00
18669.9 0.000000000e+00
18686.0 0.000000000e+00
18702.1 0.000000000e+00
18718.2 0.000000000e+00
18734.3 0.000000000e+00
18750.4 0.000000000e+00
18766.4 0.000000000e+00
18782.5 0.000000000e+00
18798.6 0.000000000e+00
18814.7 0.000000000e+00
18830.8 0.000000000e+00
18846.8 0.000000000e+00
18862.9 0.000000000e+00
18879.0 0.000000000e+00
18895.1 0.000000000e+00
18911.2 0.000000000e+00
18927.2 0.000000000e+00
18943.3 0.000000000e+00
18959.4 0.000000000e+00
18975.5 0.000000000e+00
18991.6 0.000000000e+00
19007.6 0.000000000e+00
19023.7 0.000000000e+00
19039.8 0.000000000e+00
19055.9 0.000000000e+00
19072.0 0.000000000e+00
19088.1 0.000000000e+00
19104.1 0.000000000e+00
19120.2 0.000000000e+00
19136.3 0.000000000e+00
19152.4 0.000000000e+00
19168.5 0.000000000e+00
19184.5 0.000000000e+00
19200.6 0.000000000e+00
19216.7 0.000000000e+00
19232.8 0.000000000e+00
19248.9 0.000000000e+00
19264.9 0.000000000e+00
19281.0 0.000000000e+00
19297.1 0.000000000e+00
19313.2 0.000000000e+00
19329.3 0.000000000e+00
19345.3 0.000000000e+00
19361.4 0.000000000e+00
19377.5 0.000000000e+00
19393.6 0.000000000e+00
19409.7 0.000000000e+00
19425.8 0.000000000e+00
19441.8 0.000000000e+00
19457.9 0.000000000e+00
19474.0 0.000000000e+00
19490.1 0.000000000e+00
19506.2 0.000000000e+00
19522.2 0.000000000e+00
19538.3 0.000000000e+00
19554.4 0.000000000e+00
19570.5 0.000000000e+00
19586.6 0.000000000e+00
19602.6 0.000000000e+00
19618.7 0.000000000e+00
19634.8 0.000000000e+00
19650.9 0.000000000e+00
19667.0 0.000000000e+00
19683.0 0.000000000e+00
19699.1 0.000000000e+00
19715.2 0.000000000e+00
19731.3 0.000000000e+00
19747.4 0.000000000e+00
19763.5 0.000000000e+00
19779.5 0.000000000e+00
19795.6 0.000000000e+00
19811.7 0.000000000e+00
19827.8 0.000000000e+00
19843.9 0.000000000e+00
19859.9 0.000000000e+00
19876.0 0.000000000e+00
19892.1 0.000000000e+00
19908.2 0.000000000e+00
19924.3 0.000000000e+00
19940.3 0.000000000e+00
19956.4 0.000000000e+00
19972.5 0.000000000e+00
19988.6 0.000000000e+00
20004.7 3.189881460e-12
20020.7 3.220722116e-12
20036.8 3.603580332e-12
20052.9 2.854982534e-12
20069.0 2.502108387e-12
20085.1 2.539516218e-12
20101.1 2.468714721e-12
20117.2 2.011625579e-12
20133.3 1.628226473e-12
20149.4 1.322065572e-12
20165.5 1.248938667e-12
20181.6 1.440545523e-12
20197.6 1.540991326e-12
20213.7 1.327451716e-12
20229.8 1.257181504e-12
20245.9 1.329030276e-12
20262.0 1.043985363e-12
20278.0 8.703755263e-13
20294.1 9.474803741e-13
20310.2 1.406030260e-12
20326.3 1.631545779e-12
20342.4 1.285482484e-12
20358.4 9.585650870e-13
20374.5 7.831629041e-13
20390.6 7.653335882e-13
20406.7 8.679149122e-13
20422.8 9.597670548e-13
20438.8 1.057571025e-12
20454.9 1.173452444e-12
20471.0 1.389282333e-12
20487.1 1.243392835e-12
20503.2 9.548700122e-13
20519.3 9.816579218e-13
20535.3 1.416084143e-12
20551.4 9.155685773e-13
20567.5 1.053956519e-12
20583.6 1.135116518e-12
20599.7 1.153421486e-12
20615.7 1.192266692e-12
20631.8 1.160530406e-12
20647.9 1.337256934e-12
20664.0 1.820323139e-12
20680.1 2.995604848e-12
20696.1 3.865878285e-12
20712.2 2.880058889e-12
20728.3 1.892545627e-12
20744.4 2.359461518e-12
20760.5 3.901176369e-12
20776.5 5.023495590e-12
20792.6 4.755141357e-12
20808.7 5.500051106e-12
20824.8 6.797856959e-12
20840.9 9.847426092e-12
20857.0 9.782405274e-12
20873.0 1.007094241e-11
20889.1 1.104746131e-11
20905.2 1.332527979e-11
20921.3 1.545377887e-11
20937.4 1.882387974e-11
20953.4 1.537581313e-11
20969.5 1.299284303e-11
20985.6 1.928387938e-11
21001.7 3.555975253e-11
21017.8 3.817641475e-11
21033.8 3.551807913e-11
21049.9 3.238737046e-11
21066.0 2.976128568e-11
21082.1 2.980036855e-11
21098.2 3.748681746e-11
21114.2 4.629252486e-11
21130.3 4.274314239e-11
21146.4 4.365786352e-11
21162.5 4.248804263e-11
21178.6 4.758636781e-11
21194.7 4.446065599e-11
21210.7 4.883356010e-11
21226.8 5.914759925e-11
21242.9 7.645142069e-11
21259.0 6.688285643e-11
21275.1 5.129844827e-11
21291.1 4.881413587e-11
21307.2 6.122157066e-11
21323.3 8.306603025e-11
21339.4 6.972840563e-11
21355.5 6.320194933e-11
21371.5 6.649939671e-11
21387.6 7.609975141e-11
21403.7 7.183185329e-11
21419.8 7.897135198e-11
21435.9 7.288992221e-11
21451.9 6.306359555e-11
21468.0 5.418394317e-11
21484.1 4.868994231e-11
21500.2 5.586104082e-11
21516.3 6.072463210e-11
21532.4 7.394050644e-11
21548.4 8.985826887e-11
21564.5 1.343364967e-10
21580.6 7.810403295e-11
21596.7 5.229648890e-11
21612.8 5.007655607e-11
21628.8 6.108822345e-11
21644.9 7.166823874e-11
21661.0 7.788274769e-11
21677.1 1.036477731e-10
21693.2 1.082727352e-10
21709.2 1.164809726e-10
21725.3 1.361763593e-10
21741.4 1.649736027e-10
21757.5 1.458594351e-10
21773.6 1.314741077e-10
21789.6 1.355921248e-10
21805.7 1.509648998e-10
21821.8 1.576647408e-10
21837.9 9.556607838e-11
21854.0 7.694133330e-11
21870.1 7.715537636e-11
21886.1 1.051062694e-10
21902.2 1.885813702e-10
21918.3 2.244949092e-10
21934.4 2.751484314e-10
21950.5 2.957350364e-10
21966.5 3.249001426e-10
21982.6 3.335642585e-10
21998.7 3.458735583e-10
22014.8 2.913600491e-10
22030.9 2.725035470e-10
22046.9 2.833481505e-10
22063.0 3.556538653e-10
22079.1 4.769993775e-10
22095.2 4.791411321e-10
22111.3 4.647721215e-10
22127.3 5.033483371e-10
22143.4 6.211703188e-10
22159.5 8.649570908e-10
22175.6 8.538047480e-10
22191.7 9.563456065e-10
22207.7 1.113142220e-09
22223.8 1.389043737e-09
22239.9 1.850386753e-09
22256.0 2.492602944e-09
22272.1 3.256730626e-09
22288.2 3.239483917e-09
22304.2 3.263184929e-09
22320.3 3.239854582e-09
22336.4 3.363497742e-09
22352.5 3.093876998e-09
22368.6 2.493054837e-09
22384.6 2.393441209e-09
22400.7 2.973757529e-09
22416.8 4.093063905e-09
22432.9 4.871244429e-09
22449.0 4.456339599e-09
22465.0 4.622515786e-09
22481.1 5.377990576e-09
22497.2 6.762869064e-09
22513.3 7.349083238e-09
22529.4 7.823221081e-09
22545.4 8.437446031e-09
22561.5 8.585537855e-09
22577.6 9.281035417e-09
22593.7 1.240633534e-08
22609.8 1.819279911e-08
22625.9 2.223621131e-08
22641.9 2.029413876e-08
22658.0 2.083205816e-08
22674.1 2.174673559e-08
22690.2 2.356550732e-08
22706.3 2.035394058e-08
22722.3 1.445953725e-08
22738.4 1.070425935e-08
22754.5 1.034138635e-08
22770.6 1.208939830e-08
22786.7 1.601285475e-08
22802.7 1.425807729e-08
22818.8 1.920727719e-08
22834.9 2.441368920e-08
22851.0 3.185522561e-08
22867.1 3.348562247e-08
22883.1 3.552119055e-08
22899.2 4.295584257e-08
22915.3 3.298936205e-08
22931.4 2.763333536e-08
22947.5 3.252888844e-08
22963.6 4.817029762e-08
22979.6 8.119863742e-08
22995.7 4.716147469e-08
23011.8 3.378655234e-08
23027.9 3.396378200e-08
23044.0 5.057853028e-08
23060.0 7.716059187e-08
23076.1 3.842464269e-08
23092.2 2.415930250e-08
23108.3 2.717073639e-08
23124.4 3.307367018e-08
23140.4 5.894587258e-08
23156.5 9.610645499e-08
23172.6 1.426555765e-07
23188.7 2.007012235e-07
23204.8 1.319161065e-07
23220.8 8.883850782e-08
23236.9 1.100157685e-07
23253.0 2.245075232e-07
23269.1 4.539727938e-07
23285.2 3.743187790e-07
23301.3 4.052541413e-07
23317.3 4.706804620e-07
23333.4 6.030654369e-07
23349.5 1.044112633e-06
23365.6 1.214018344e-06
23381.7 9.972821089e-07
23397.7 8.694689780e-07
23413.8 9.570010890e-07
23429.9 1.194923519e-06
23446.0 1.415110985e-06
23462.1 1.371940319e-06
23478.1 1.524873409e-06
23494.2 7.044226643e-07
23510.3 5.537450546e-07
23526.4 5.860945698e-07
23542.5 6.906126111e-07
23558.5 8.600493960e-07
23574.6 5.370667753e-07
23590.7 4.124823382e-07
23606.8 4.198178592e-07
23622.9 6.434992613e-07
23639.0 1.153727211e-06
23655.0 2.404841575e-06
23671.1 1.597571915e-06
23687.2 1.114473306e-06
23703.3 1.021311670e-06
23719.4 1.286036921e-06
23735.4 1.826460366e-06
23751.5 1.930536426e-06
23767.6 1.926169290e-06
23783.7 1.933742814e-06
23799.8 1.311698559e-06
23815.8 1.135163075e-06
23831.9 1.122224527e-06
23848.0 1.242609937e-06
23864.1 1.614693143e-06
23880.2 1.218968152e-06
23896.2 7.351940803e-07
23912.3 4.890604989e-07
23928.4 7.489896971e-07
23944.5 1.296168123e-06
23960.6 1.907976801e-06
23976.7 8.716878482e-07
23992.7 6.131835134e-07
24008.8 7.815628900e-07
24024.9 9.120699572e-07
24041.0 1.361211639e-06
24057.1 1.353520758e-06
24073.1 1.004284334e-06
24089.2 8.029214622e-07
24105.3 5.037554992e-07
24121.4 5.468480143e-07
24137.5 6.576785421e-07
24153.5 6.920178295e-07
24169.6 9.630978289e-07
24185.7 2.076656317e-06
24201.8 1.345014836e-06
24217.9 8.972210526e-07
24233.9 8.642508392e-07
24250.0 1.431363834e-06
24266.1 2.451764872e-06
24282.2 1.607588806e-06
24298.3 8.679757624e-07
24314.4 5.335097104e-07
24330.4 7.405649221e-07
24346.5 1.310586163e-06
24362.6 2.660842175e-06
24378.7 2.479620578e-06
24394.8 2.377566324e-06
24410.8 2.415116052e-06
24426.9 2.847243657e-06
24443.0 3.363015708e-06
24459.1 3.815727462e-06
24475.2 3.767612175e-06
24491.2 3.729516638e-06
24507.3 3.425245788e-06
24523.4 2.753491996e-06
24539.5 2.288817846e-06
24555.6 2.368532676e-06
24571.6 2.916509284e-06
24587.7 3.691007864e-06
24603.8 3.526744562e-06
24619.9 2.737597732e-06
24636.0 2.145798812e-06
24652.0 2.323322002e-06
24668.1 2.975899899e-06
24684.2 3.853602693e-06
24700.3 2.426136550e-06
24716.4 1.644766839e-06
24732.5 1.247102681e-06
24748.5 1.148102357e-06
24764.6 1.136397281e-06
24780.7 1.449858301e-06
24796.8 1.581304342e-06
24812.9 1.632772717e-06
24828.9 1.728094681e-06
24845.0 2.046850176e-06
24861.1 2.454364938e-06
24877.2 2.956561991e-06
24893.3 3.687493327e-06
24909.3 4.621622604e-06
24925.4 5.812959741e-06
24941.5 4.328363565e-06
24957.6 3.348221564e-06
24973.7 2.681068899e-06
24989.7 3.182699013e-06
24997.8 1.109808618e-05
25011.3 1.109205205e-05
25024.8 7.507233509e-06
25038.3 8.712841973e-06
25051.8 1.143614374e-05
25065.3 1.037357392e-05
25078.9 6.871474562e-06
25092.4 1.008408378e-05
25105.9 8.220495637e-06
25119.4 9.149297487e-06
25132.9 6.920306540e-06
25146.4 7.553837544e-06
25159.9 7.806960165e-06
25173.4 7.976881611e-06
25187.0 6.637421251e-06
25200.5 5.355800198e-06
25214.0 4.625590545e-06
25227.5 7.259013501e-06
25241.0 6.297304220e-06
25254.5 6.109058790e-06
25268.0 6.381341848e-06
25281.5 5.675511159e-06
25295.1 7.462512260e-06
25308.6 9.741817039e-06
25322.1 7.689527180e-06
25335.6 5.964423891e-06
25349.1 6.041488887e-06
25362.6 6.217311721e-06
25376.1 8.736881042e-06
25389.6 1.186023834e-05
25403.2 7.854109155e-06
25416.7 1.104040152e-05
25430.2 1.065040851e-05
25443.7 7.904367163e-06
25457.2 8.786675155e-06
25470.7 1.051947202e-05
25484.2 9.863342084e-06
25497.7 9.109199587e-06
25511.2 7.329943500e-06
25524.8 6.107666192e-06
25538.3 9.655340386e-06
25551.8 7.718467027e-06
25565.3 8.431569738e-06
25578.8 9.713313063e-06
25592.3 9.144263735e-06
25605.8 6.369504108e-06
25619.3 5.710027338e-06
25632.9 9.391195930e-06
25646.4 6.514081967e-06
25659.9 1.030716146e-05
25673.4 7.158580685e-06
25686.9 9.238753898e-06
25700.4 8.850580311e-06
25713.9 6.371074870e-06
25727.4 7.729604909e-06
25741.0 4.407400391e-06
25754.5 4.262998170e-06
25768.0 6.086086086e-06
25781.5 6.560771765e-06
25795.0 9.104291476e-06
25808.5 9.076537319e-06
25822.0 9.440968059e-06
25835.5 8.959344669e-06
25849.1 1.027367997e-05
25862.6 9.766514669e-06
25876.1 5.282464503e-06
25889.6 5.873587066e-06
25903.1 8.061334932e-06
25916.6 6.444667993e-06
25930.1 8.589867228e-06
25943.6 7.018162708e-06
25957.2 5.329043945e-06
25970.7 4.526109271e-06
25984.2 5.788600128e-06
25997.7 6.399374793e-06
26011.2 7.430852804e-06
26024.7 7.887899894e-06
26038.2 5.151982687e-06
26051.7 3.488633175e-06
26065.3 5.116681725e-06
26078.8 4.613577108e-06
26092.3 7.258754789e-06
26105.8 5.049745626e-06
26119.3 3.107166540e-06
26132.8 6.500840638e-06
26146.3 6.288344396e-06
26159.8 3.294830781e-06
26173.4 2.886479611e-06
26186.9 1.792391738e-06
26200.4 2.950293699e-06
26213.9 4.141781710e-06
26227.4 4.731771497e-06
26240.9 5.073016523e-06
26254.4 2.620153352e-06
26267.9 2.594177661e-06
26281.5 2.191745561e-06
26295.0 3.013273984e-06
26308.5 3.494922298e-06
26322.0 2.746696083e-06
26335.5 3.985126964e-06
26349.0 6.133004451e-06
26362.5 5.363077465e-06
26376.0 4.497578918e-06
26389.5 4.871780837e-06
26403.1 3.820057184e-06
26416.6 4.139107912e-06
26430.1 4.300765516e-06
26443.6 1.923190283e-06
26457.1 2.391879206e-06
26470.6 3.244988995e-06
26484.1 4.498839137e-06
26497.6 4.531100226e-06
26511.2 3.945296562e-06
26524.7 3.067418535e-06
26538.2 4.139433120e-06
26551.7 3.662827248e-06
26565.2 1.976594317e-06
26578.7 2.450573802e-06
26592.2 1.125374564e-06
26605.7 3.350684462e-06
26619.3 3.057608891e-06
26632.8 2.398939925e-06
26646.3 1.830369753e-06
26659.8 1.749137249e-06
26673.3 2.909649917e-07
26686.8 2.685447554e-06
26700.3 3.482191191e-06
26713.8 2.119880989e-06
26727.4 2.599031075e-06
26740.9 3.289536611e-06
26754.4 1.078525012e-06
26767.9 2.230397242e-06
26781.4 2.444891115e-08
26794.9 3.472753505e-07
26808.4 6.264027040e-07
26821.9 6.523449836e-07
26835.5 2.845354058e-06
26849.0 3.715753654e-06
26862.5 2.760518276e-06
26876.0 2.609786320e-06
26889.5 2.990169429e-06
26903.0 2.710900103e-06
26916.5 3.361311039e-06
26930.0 2.422577112e-06
26943.6 2.343231225e-06
26957.1 1.703262380e-06
26970.6 5.639673738e-07
26984.1 5.104731997e-07
26997.6 2.389103760e-06
27011.1 2.334549112e-06
27024.6 5.987721185e-07
27038.1 3.801621096e-06
27051.7 2.616399146e-06
27065.2 3.536646783e-06
27078.7 7.538373901e-07
27092.2 2.000385081e-06
27105.7 2.301249683e-06
27119.2 2.756895250e-06
27132.7 2.741266661e-06
27146.2 1.008954829e-06
27159.8 3.038915410e-06
27173.3 2.476660073e-06
27186.8 2.586291683e-06
27200.3 1.633584019e-06
27213.8 2.259817000e-07
27227.3 1.122953902e-06
27240.8 9.892517877e-07
27254.3 8.017840942e-07
27267.9 3.367670081e-07
27281.4 7.172480248e-09
27294.9 7.295272891e-07
27308.4 4.132072047e-07
27321.9 6.345090540e-09
27335.4 2.327620528e-07
27348.9 1.182303398e-06
27362.4 6.095565253e-07
27375.9 1.995912912e-07
27389.5 3.133531133e-07
27403.0 5.298633849e-09
27416.5 5.304111903e-09
27430.0 1.147695032e-07
27443.5 5.304315584e-09
27457.0 5.301443849e-09
27470.5 1.485207755e-08
27484.0 5.303715824e-09
27497.6 5.304854216e-09
27511.1 5.301484441e-09
27524.6 5.294301038e-09
27538.1 5.286635961e-09
27551.6 5.282323428e-09
27565.1 5.274886562e-09
27578.6 5.267654257e-09
27592.1 5.264783427e-09
27605.7 5.265388500e-09
27619.2 5.255705908e-09
27632.7 5.256297035e-09
27646.2 5.256736030e-09
27659.7 5.257348662e-09
27673.2 5.252002534e-09
27686.7 5.253012857e-09
27700.2 5.254059524e-09
27713.8 5.249452694e-09
27727.3 5.251052765e-09
27740.8 5.252842166e-09
27754.3 5.252181893e-09
27767.8 5.250816552e-09
27781.3 5.253941043e-09
27794.8 5.261633238e-09
27808.3 5.259120439e-09
27821.9 5.260898047e-09
27835.4 5.263835478e-09
27848.9 5.266880450e-09
27862.4 5.263816543e-09
27875.9 5.267045685e-09
27889.4 5.270336603e-09
27902.9 5.271855730e-09
27916.4 5.270819911e-09
27930.0 5.274197114e-09
27943.5 5.275402066e-09
27957.0 5.274662559e-09
27970.5 5.277954604e-09
27984.0 5.283571223e-09
27997.5 5.285601059e-09
28011.0 5.287084155e-09
28024.5 5.289995023e-09
28038.1 5.292779487e-09
28051.6 5.289136612e-09
28065.1 5.291593890e-09
28078.6 5.293886214e-09
28092.1 5.294661153e-09
28105.6 5.291592331e-09
28119.1 5.293294144e-09
28132.6 5.294768058e-09
28146.2 5.292161509e-09
28159.7 5.290797982e-09
28173.2 5.291613610e-09
28186.7 5.296231144e-09
28200.2 5.292323682e-09
28213.7 5.292498414e-09
28227.2 5.292485324e-09
28240.7 5.292284180e-09
28254.2 5.291884793e-09
28267.8 5.291326292e-09
28281.3 5.290609487e-09
28294.8 5.289741515e-09
28308.3 5.288754506e-09
28321.8 5.287652452e-09
28335.3 5.286453913e-09
28348.8 5.285183888e-09
28362.3 5.282565830e-09
28375.9 5.276590731e-09
28389.4 5.275408243e-09
28402.9 5.275942530e-09
28416.4 5.279013149e-09
28429.9 5.277866801e-09
28443.4 5.276773444e-09
28456.9 5.275739860e-09
28470.4 5.274780308e-09
28484.0 5.273921337e-09
28497.5 5.273159701e-09
28511.0 5.272511440e-09
28524.5 5.271997046e-09
28538.0 5.271607275e-09
28551.5 5.271360076e-09
28565.0 5.271264871e-09
28578.5 5.271309489e-09
28592.1 5.271513233e-09
28605.6 5.268372371e-09
28619.1 5.266089020e-09
28632.6 5.266750916e-09
28646.1 5.271191462e-09
28659.6 5.274448212e-09
28673.1 5.275536945e-09
28686.6 5.276747250e-09
28700.2 5.278069835e-09
28713.7 5.279513755e-09
28727.2 5.281048403e-09
28740.7 5.282666453e-09
28754.2 5.284363308e-09
28767.7 5.286114780e-09
28781.2 5.287910865e-09
28794.7 5.289737909e-09
28808.3 5.291577879e-09
28821.8 5.293416008e-09
28835.3 2.322419144e-07
28848.8 8.661955431e-09
28862.3 5.292435362e-09
28875.8 5.294102022e-09
28889.3 5.295692939e-09
28902.8 5.297178298e-09
28916.4 5.298555026e-09
28929.9 5.305716032e-09
28943.4 5.306902294e-09
28956.9 5.307864676e-09
28970.4 5.308671444e-09
28983.9 5.309286369e-09
28997.4 5.309730203e-09
29010.9 5.309986058e-09
29024.5 5.310029870e-09
29038.0 5.309884575e-09
29051.5 5.309530013e-09
29065.0 5.308957353e-09
29078.5 6.255886159e-08
29092.0 5.307203141e-09
29105.5 5.302504982e-09
29119.0 5.298285283e-09
29132.5 5.296691122e-09
29146.1 7.694987772e-07
29159.6 8.520504773e-07
29173.1 6.259504965e-08
29186.6 9.704286472e-09
29200.1 2.022931516e-07
29213.6 8.839769557e-08
29227.1 1.088396869e-06
29240.6 8.746109604e-07
29254.2 1.327765681e-06
29267.7 1.545130596e-06
29281.2 1.757709416e-06
29294.7 1.693859247e-06
29308.2 2.569874190e-06
29321.7 3.937355933e-06
29335.2 5.452875297e-06
29348.7 5.759292069e-06
29362.3 5.753276930e-06
29375.8 4.779756788e-06
29389.3 5.171121322e-06
29402.8 5.845789491e-06
29416.3 5.519484433e-06
29429.8 6.514218366e-06
29443.3 8.413277898e-06
29456.8 7.727985361e-06
29470.4 6.398711950e-06
29483.9 1.014312684e-05
29497.4 9.830157150e-06
29510.9 1.099790995e-05
29524.4 1.352497245e-05
29537.9 1.502083225e-05
29551.4 1.532559937e-05
29564.9 1.462625836e-05
29578.5 1.482669098e-05
29592.0 1.795900200e-05
29605.5 1.900162374e-05
29619.0 1.957949618e-05
29632.5 1.992218676e-05
29646.0 2.253101405e-05
29659.5 2.349859314e-05
29673.0 2.615737617e-05
29686.6 2.689728086e-05
29700.1 2.825889553e-05
29713.6 2.784132003e-05
29727.1 2.877466208e-05
29740.6 3.024422439e-05
29754.1 3.454548267e-05
29767.6 3.545328797e-05
29781.1 3.974512480e-05
29794.7 4.308264114e-05
29808.2 4.551155330e-05
29821.7 5.014798433e-05
29835.2 4.941483880e-05
29848.7 5.078921596e-05
29862.2 5.001000586e-05
29875.7 5.198797342e-05
29889.2 5.473010361e-05
29902.8 5.933822425e-05
29916.3 6.639285802e-05
29929.8 7.457471793e-05
29943.3 8.030955408e-05
29956.8 8.092236742e-05
29970.3 8.501444034e-05
29983.8 8.846239613e-05
29997.3 9.270259764e-05
30010.9 9.807061814e-05
30024.4 1.053891083e-04
30037.9 1.089918706e-04
30051.4 1.074345992e-04
30064.9 1.016778093e-04
30078.4 1.072320906e-04
30091.9 1.174595085e-04
30105.4 1.202446551e-04
30118.9 1.216706917e-04
30132.5 1.254002467e-04
30146.0 1.277809933e-04
30159.5 1.262364038e-04
30173.0 1.275468171e-04
30186.5 1.287485459e-04
30200.0 1.262338713e-04
30213.5 1.229430261e-04
30227.0 1.241646985e-04
30240.6 1.215015111e-04
30254.1 1.284186060e-04
30267.6 1.356559043e-04
30281.1 1.419147774e-04
30294.6 1.505323520e-04
30308.1 1.569341961e-04
30321.6 1.601184961e-04
30335.1 1.643281150e-04
30348.7 1.700341403e-04
30362.2 1.769917041e-04
30375.7 1.853830270e-04
30389.2 1.903790264e-04
30402.7 1.996662414e-04
30416.2 2.064498682e-04
30429.7 2.184786717e-04
30443.2 2.279608238e-04
30456.8 2.429652116e-04
30470.3 2.572295216e-04
30483.8 2.742588885e-04
30497.3 2.871661120e-04
30510.8 3.018296563e-04
30524.3 3.187267479e-04
30537.8 3.384230831e-04
30551.3 3.588008061e-04
30564.9 3.775265328e-04
30578.4 3.984241676e-04
30591.9 4.241755904e-04
30605.4 4.508944987e-04
30618.9 4.777098897e-04
30632.4 5.083670380e-04
30645.9 5.408014126e-04
30659.4 5.761877382e-04
30673.0 6.070688222e-04
30686.5 6.417766258e-04
30700.0 6.752957055e-04
30713.5 7.152420999e-04
30727.0 7.558064504e-04
30740.5 8.003601626e-04
30754.0 8.433810163e-04
30767.5 8.954230868e-04
30781.1 9.451854845e-04
30794.6 1.000374761e-03
30808.1 1.055269616e-03
30821.6 1.113420997e-03
30835.1 1.171182682e-03
30848.6 1.240626808e-03
30862.1 1.311381253e-03
30875.6 1.386453012e-03
30889.2 1.460957695e-03
30902.7 1.545643214e-03
30916.2 1.635214853e-03
30929.7 1.734415619e-03
30943.2 1.836776392e-03
30956.7 1.945303217e-03
30970.2 2.062690386e-03
30983.7 2.196341878e-03
30997.2 2.345500648e-03
31010.8 2.502175007e-03
31024.3 2.663075283e-03
31037.8 2.845290017e-03
31051.3 3.042939274e-03
31064.8 3.255488903e-03
31078.3 3.493910879e-03
31091.8 3.757770884e-03
31105.3 4.047225019e-03
31118.9 4.363942968e-03
31132.4 4.712070680e-03
31145.9 5.109563286e-03
31159.4 5.553054437e-03
31172.9 6.043892152e-03
31186.4 6.586004193e-03
31199.9 7.190040106e-03
31213.4 7.877455771e-03
31227.0 8.641053013e-03
31240.5 9.492845558e-03
31254.0 1.045545695e-02
31267.5 1.153571538e-02
31281.0 1.274956456e-02
31294.5 1.411360922e-02
31308.0 1.565244324e-02
31321.5 1.739431817e-02
31335.1 1.936347641e-02
31348.6 2.158244873e-02
31362.1 2.409597126e-02
31375.6 2.693377520e-02
31389.1 3.014469142e-02
31402.6 3.376326086e-02
31416.1 3.784860534e-02
31429.6 4.244587054e-02
31443.2 4.761944301e-02
31456.7 5.340680554e-02
31470.2 5.986792025e-02
31483.7 6.710714774e-02
31497.2 7.504057072e-02
31510.7 8.371696730e-02
31524.2 9.317463695e-02
31537.7 1.033778227e-01
31551.3 1.142807399e-01
31564.8 1.258505202e-01
31578.3 1.379039592e-01
31591.8 1.504093857e-01
31605.3 1.631958868e-01
31618.8 1.761161415e-01
31632.3 1.891578807e-01
31645.8 2.019798691e-01
31659.4 2.147162556e-01
31672.9 2.271765258e-01
31686.4 2.393258454e-01
31699.9 2.512402007e-01
31713.4 2.627461557e-01
31726.9 2.742472600e-01
31740.4 2.853662333e-01
31753.9 2.961062706e-01
31767.5 3.066932422e-01
31781.0 3.169955459e-01
31794.5 3.271344662e-01
31808.0 3.370853483e-01
31821.5 3.467851738e-01
31835.0 3.563160987e-01
31848.5 3.655703404e-01
31862.0 3.745735724e-01
31875.5 3.833499396e-01
31889.1 3.917591652e-01
31902.6 3.998885108e-01
31916.1 4.077005087e-01
31929.6 4.151437544e-01
31943.1 4.222777186e-01
31956.6 4.290316445e-01
31970.1 4.354480237e-01
31983.6 4.420651744e-01
31997.2 4.477733813e-01
32010.7 4.531804817e-01
32024.2 4.582646058e-01
32037.7 4.629905058e-01
32051.2 4.674321014e-01
32064.7 4.715655801e-01
32078.2 4.754051829e-01
32091.7 4.789887303e-01
32105.3 4.822752274e-01
32118.8 4.853149232e-01
32132.3 4.875981084e-01
32145.8 4.901660609e-01
32159.3 4.925495252e-01
32172.8 4.947257325e-01
32186.3 4.966975110e-01
32199.8 4.985025813e-01
32213.4 5.003706826e-01
32226.9 5.022779830e-01
32240.4 5.036700842e-01
32253.9 5.049216492e-01
32267.4 5.060358653e-01
32280.9 5.070561814e-01
32294.4 5.079831772e-01
32307.9 5.088169331e-01
32321.5 5.095636322e-01
32335.0 5.102434154e-01
32348.5 5.108494140e-01
32362.0 5.114125543e-01
32375.5 5.119011555e-01
32389.0 5.123426687e-01
32402.5 5.127262158e-01
32416.0 5.130717090e-01
32429.6 5.133735244e-01
32443.1 5.138352316e-01
32456.6 5.144968776e-01
32470.1 5.146979444e-01
32483.6 5.148657158e-01
32497.1 5.149799294e-01
32510.6 5.150786808e-01
32524.1 5.151656986e-01
32537.7 5.152522371e-01
32551.2 5.153137166e-01
32564.7 5.153643731e-01
32578.2 5.153918618e-01
32591.7 5.154279836e-01
32605.2 5.154540194e-01
32618.7 5.154635800e-01
32632.2 5.154669335e-01
32645.8 5.154573272e-01
32659.3 5.154573723e-01
32672.8 5.156139263e-01
32686.3 5.160472849e-01
32699.8 5.160396952e-01
32713.3 5.160540095e-01
32726.8 5.160559808e-01
32740.3 5.160639506e-01
32753.9 5.160807559e-01
32767.4 5.161154809e-01
32780.9 5.161687283e-01
32794.4 5.162288674e-01
32807.9 5.162981256e-01
32821.4 5.163632954e-01
32834.9 5.164413384e-01
32848.4 5.165194029e-01
32861.9 5.166233758e-01
32875.5 5.167286458e-01
32889.0 5.168449776e-01
32902.5 5.175800086e-01
32916.0 5.177152987e-01
32929.5 5.178563748e-01
32943.0 5.179901780e-01
32956.5 5.181309052e-01
32970.0 5.182599970e-01
32983.6 5.184143924e-01
32997.1 5.185541786e-01
33010.6 5.186796495e-01
33024.1 5.188085830e-01
33037.6 5.189464931e-01
33051.1 5.190841023e-01
33064.6 5.192085538e-01
33078.1 5.193379667e-01
33091.7 5.194532692e-01
33105.2 5.195766971e-01
33118.7 5.202337088e-01
33132.2 5.204556633e-01
33145.7 5.205936618e-01
33159.2 5.207265507e-01
33172.7 5.208655731e-01
33186.2 5.209992856e-01
33199.8 5.211378376e-01
33213.3 5.212576372e-01
33226.8 5.213926181e-01
33240.3 5.215411621e-01
33253.8 5.217087450e-01
33267.3 5.218925875e-01
33280.8 5.220781945e-01
33294.3 5.222664407e-01
33307.9 5.224522726e-01
33321.4 5.226646143e-01
33334.9 5.228951360e-01
33348.4 5.236704428e-01
33361.9 5.240355317e-01
33375.4 5.243102570e-01
33388.9 5.246056867e-01
33402.4 5.249067189e-01
33416.0 5.252235481e-01
33429.5 5.255301929e-01
33443.0 5.258563837e-01
33456.5 5.262037937e-01
33470.0 5.265655226e-01
33483.5 5.269361125e-01
33497.0 5.273071591e-01
33510.5 5.276842962e-01
33524.1 5.280537435e-01
33537.6 5.284302611e-01
33551.1 5.287942631e-01
33564.6 5.291530544e-01
33578.1 5.295115122e-01
33591.6 5.298680333e-01
33605.1 5.302313626e-01
33618.6 5.305728536e-01
33632.2 5.308958984e-01
33645.7 5.311980791e-01
33659.2 5.314843980e-01
33672.7 5.317593826e-01
33686.2 5.320200310e-01
33699.7 5.322720176e-01
33713.2 5.325078603e-01
33726.7 5.331340882e-01
33740.2 5.341546567e-01
33753.8 5.343340087e-01
33767.3 5.344956267e-01
33780.8 5.346423582e-01
33794.3 5.347856733e-01
33807.8 5.349233766e-01
33821.3 5.350636502e-01
33834.8 5.352021947e-01
33848.3 5.353445114e-01
33861.9 5.354761355e-01
33875.4 5.355950615e-01
33888.9 5.357176604e-01
33902.4 5.358314004e-01
33915.9 5.359529660e-01
33929.4 5.360778222e-01
33942.9 5.362056677e-01
33956.4 5.363370255e-01
33970.0 5.364603759e-01
33983.5 5.365886541e-01
33997.0 5.367245005e-01
34010.5 5.368870081e-01
34024.0 5.370601157e-01
34037.5 5.372387705e-01
34051.0 5.374351004e-01
34064.5 5.376395575e-01
34078.1 5.378669501e-01
34091.6 5.382053007e-01
34105.1 5.389815443e-01
34118.6 5.392382069e-01
34132.1 5.395003997e-01
34145.6 5.397672270e-01
34159.1 5.405818417e-01
34172.6 5.408984503e-01
34186.2 5.411621966e-01
34199.7 5.414136271e-01
34213.2 5.416587868e-01
34226.7 5.418888988e-01
34240.2 5.421015926e-01
34253.7 5.422895188e-01
34267.2 5.424553152e-01
34280.7 5.426169727e-01
34294.3 5.427619696e-01
34307.8 5.429097213e-01
34321.3 5.430776323e-01
34334.8 5.432344502e-01
34348.3 5.433171376e-01
34361.8 5.432863442e-01
34375.3 5.431716413e-01
34388.8 5.430316108e-01
34402.4 5.428731158e-01
34415.9 5.426967284e-01
34429.4 5.425022406e-01
34442.9 5.429260223e-01
34456.4 5.427003021e-01
34469.9 5.424522774e-01
34483.4 5.424032766e-01
34496.9 5.425472237e-01
34510.5 5.422957842e-01
34524.0 5.420564444e-01
34537.5 5.418286701e-01
34551.0 5.416303890e-01
34564.5 5.414746587e-01
34578.0 5.413631902e-01
34591.5 5.412962675e-01
34605.0 5.412741190e-01
34618.5 5.413174738e-01
34632.1 5.414306198e-01
34645.6 5.416158457e-01
34659.1 5.418810346e-01
34672.6 5.422221989e-01
34686.1 5.426471401e-01
34699.6 5.431534032e-01
34713.1 5.437406759e-01
34726.6 5.444120036e-01
34740.2 5.451499937e-01
34753.7 5.459541318e-01
34767.2 5.472698303e-01
34780.7 5.483515756e-01
34794.2 5.495509468e-01
34807.7 5.508626777e-01
34821.2 5.518197215e-01
34834.7 5.527319324e-01
34848.3 5.535730699e-01
34861.8 5.543176729e-01
34875.3 5.549150686e-01
34888.8 5.553417680e-01
34902.3 5.555186079e-01
34915.8 5.554166622e-01
34929.3 5.550155496e-01
34942.8 5.542589492e-01
34956.4 5.531125337e-01
34969.9 5.515055473e-01
34983.4 5.493905618e-01
34996.9 5.466882693e-01
35010.4 5.433869191e-01
35023.9 5.394695148e-01
35037.4 5.348990364e-01
35050.9 5.296430273e-01
35064.5 5.237101930e-01
35078.0 5.175435902e-01
35091.5 5.102241256e-01
35105.0 5.023594588e-01
35118.5 4.937946926e-01
35132.0 4.843354406e-01
35145.5 4.743110187e-01
35159.0 4.638156099e-01
35172.6 4.529257240e-01
35186.1 4.415868473e-01
35199.6 4.298484452e-01
35213.1 4.177859950e-01
35226.6 4.054733820e-01
35240.1 3.929863447e-01
35253.6 3.803841542e-01
35267.1 3.677622908e-01
35280.7 3.551643640e-01
35294.2 3.426152322e-01
35307.7 3.302233303e-01
35321.2 3.180111183e-01
35334.7 3.060279520e-01
35348.2 2.945921637e-01
35361.7 2.832101332e-01
35375.2 2.720945975e-01
35388.8 2.612959585e-01
35402.3 2.508389475e-01
35415.8 2.407428211e-01
35429.3 2.312339287e-01
35442.8 2.218623989e-01
35456.3 2.128240488e-01
35469.8 2.041342486e-01
35483.3 1.957947877e-01
35496.8 1.877761203e-01
35510.4 1.800990890e-01
35523.9 1.729198729e-01
35537.4 1.658272740e-01
35550.9 1.590319572e-01
35564.4 1.525016199e-01
35577.9 1.462349134e-01
35591.4 1.402231711e-01
35604.9 1.344389089e-01
35618.5 1.288847940e-01
35632.0 1.235328995e-01
35645.5 1.183736672e-01
35659.0 1.134117114e-01
35672.5 1.086193279e-01
35686.0 1.040762449e-01
35699.5 9.966492571e-02
35713.0 9.535061221e-02
35726.6 9.118702928e-02
35740.1 8.715660060e-02
35753.6 8.326438128e-02
35767.1 7.950776028e-02
35780.6 7.594696635e-02
35794.1 7.242237961e-02
35807.6 6.901068306e-02
35821.1 6.571152211e-02
35834.7 6.253747935e-02
35848.2 5.952488458e-02
35861.7 5.657367125e-02
35875.2 5.371956936e-02
35888.7 5.096712484e-02
35902.2 4.832838810e-02
35915.7 4.579253534e-02
35929.2 4.335864063e-02
35942.8 4.103348168e-02
35956.3 3.880046306e-02
35969.8 3.667147450e-02
35983.3 3.464359892e-02
35996.8 3.270524961e-02
36010.3 3.086511264e-02
36023.8 2.911474299e-02
36037.3 2.747774468e-02
36050.9 2.591453255e-02
36064.4 2.441985531e-02
36077.9 2.301290642e-02
36091.4 2.168577851e-02
36104.9 2.042397066e-02
36118.4 1.924324834e-02
36131.9 1.813107733e-02
36145.4 1.708420925e-02
36159.0 1.610439204e-02
36172.5 1.517820829e-02
36186.0 1.431205083e-02
36199.5 1.351439972e-02
36213.0 1.274549516e-02
36226.5 1.202804064e-02
36240.0 1.135419096e-02
36253.5 1.072343835e-02
36267.1 1.013941401e-02
36280.6 9.581372251e-03
36294.1 9.058196601e-03
36307.6 8.575780607e-03
36321.1 8.118901234e-03
36334.6 7.694911951e-03
36348.1 7.296568123e-03
36361.6 6.917251874e-03
36375.2 6.564352747e-03
36388.7 6.232640659e-03
36402.2 5.926901504e-03
36415.7 5.644026497e-03
36429.2 5.368439341e-03
36442.7 5.110933708e-03
36456.2 4.872800396e-03
36469.7 4.644918560e-03
36483.2 4.435040401e-03
36496.8 4.238518052e-03
36510.3 4.048639553e-03
36523.8 3.875335398e-03
36537.3 3.707325815e-03
36550.8 3.550618820e-03
36564.3 3.407654208e-03
36577.8 3.265403073e-03
36591.3 3.134321113e-03
36604.9 3.015009193e-03
36618.4 2.898781892e-03
36631.9 2.790759325e-03
36645.4 2.685265776e-03
36658.9 2.583275857e-03
36672.4 2.492073617e-03
36685.9 2.402656678e-03
36699.4 2.320702931e-03
36713.0 2.244974291e-03
36726.5 2.168011744e-03
36740.0 2.095218346e-03
36753.5 2.026784847e-03
36767.0 1.958203065e-03
36780.5 1.898650457e-03
36794.0 1.842301212e-03
36807.5 1.784811148e-03
36821.1 1.734473813e-03
36834.6 1.684015782e-03
36848.1 1.636212618e-03
36861.6 1.595373677e-03
36875.1 1.545816217e-03
36888.6 1.496316256e-03
36902.1 1.456690898e-03
36915.6 1.418178789e-03
36929.2 1.383520854e-03
36942.7 1.351675533e-03
36956.2 1.314602393e-03
36969.7 1.282026692e-03
36983.2 1.249718822e-03
36996.7 1.214533212e-03
37010.2 1.183939323e-03
37023.7 1.153340451e-03
37037.3 1.122018774e-03
37050.8 1.094412069e-03
37064.3 1.066032105e-03
37077.8 1.039360666e-03
37091.3 1.014628578e-03
37104.8 9.853393871e-04
37118.3 9.566264363e-04
37131.8 9.297796882e-04
37145.4 9.015938848e-04
37158.9 8.778763127e-04
37172.4 8.563438531e-04
37185.9 8.324277712e-04
37199.4 8.098045013e-04
37212.9 7.869023059e-04
37226.4 7.642669395e-04
37239.9 7.429889326e-04
37253.5 7.179149574e-04
37267.0 6.936567340e-04
37280.5 6.729224487e-04
37294.0 6.491949210e-04
37307.5 6.263731476e-04
37321.0 6.057225206e-04
37334.5 5.826136614e-04
37348.0 5.622844297e-04
37361.5 5.434853910e-04
37375.1 5.207654248e-04
37388.6 5.020545691e-04
37402.1 4.841878781e-04
37415.6 4.621615338e-04
37429.1 4.418925718e-04
37442.6 4.228560095e-04
37456.1 4.042553662e-04
37469.6 3.893710527e-04
37483.2 3.717468916e-04
37496.7 3.528097874e-04
37510.2 3.387883161e-04
37523.7 3.236503927e-04
37537.2 3.082618139e-04
37550.7 2.960924540e-04
37564.2 2.803167519e-04
37577.7 2.643774377e-04
37591.3 2.537661422e-04
37604.8 2.421767682e-04
37618.3 2.303908408e-04
37631.8 2.204943834e-04
37645.3 2.088836468e-04
37658.8 1.991682206e-04
37672.3 1.914465109e-04
37685.8 1.801566599e-04
37699.4 1.698058125e-04
37712.9 1.628455770e-04
37726.4 1.552482163e-04
37739.9 1.495630549e-04
37753.4 1.453151664e-04
37766.9 1.382850863e-04
37780.4 1.316553564e-04
37793.9 1.236441053e-04
37807.5 1.154651396e-04
37821.0 1.120065324e-04
37834.5 1.110084282e-04
37848.0 1.074500283e-04
37861.5 1.042246451e-04
37875.0 1.009241783e-04
37888.5 9.556294701e-05
37902.0 9.267820983e-05
37915.6 9.012442760e-05
37929.1 8.447166809e-05
37942.6 8.162151432e-05
37956.1 8.072434222e-05
37969.6 7.821340547e-05
37983.1 7.949307057e-05
37996.6 8.072293074e-05
38010.1 7.700497368e-05
38023.7 7.547516371e-05
38037.2 7.442794421e-05
38050.7 7.218007123e-05
38064.2 7.307962814e-05
38077.7 7.142213144e-05
38091.2 6.653468594e-05
38104.7 6.545864287e-05
38118.2 6.458015304e-05
38131.8 6.189441162e-05
38145.3 6.032372043e-05
38158.8 5.840740048e-05
38172.3 5.621712301e-05
38185.8 5.554510206e-05
38199.3 5.477680013e-05
38212.8 5.376716235e-05
38226.3 5.383425850e-05
38239.8 5.482854352e-05
38253.4 5.522231212e-05
38266.9 5.695450004e-05
38280.4 5.798471279e-05
38293.9 5.686801259e-05
38307.4 5.631828775e-05
38320.9 5.559347336e-05
38334.4 5.446895766e-05
38347.9 5.680004779e-05
38361.5 5.685826897e-05
38375.0 5.146262804e-05
38388.5 4.840318352e-05
38402.0 4.753319574e-05
38415.5 4.669370089e-05
38429.0 4.896591378e-05
38442.5 4.842933064e-05
38456.0 4.538868969e-05
38469.6 4.473731668e-05
38483.1 4.356127467e-05
38496.6 4.237497097e-05
38510.1 4.385029233e-05
38523.6 4.599669097e-05
38537.1 4.341488304e-05
38550.6 4.335122288e-05
38564.1 4.491607648e-05
38577.7 4.447233392e-05
38591.2 4.326047381e-05
38604.7 4.312237077e-05
38618.2 3.960901988e-05
38631.7 3.979488878e-05
38645.2 4.251974411e-05
38658.7 4.209225484e-05
38672.2 4.181645135e-05
38685.8 4.252000903e-05
38699.3 4.134263098e-05
38712.8 4.039242785e-05
38726.3 4.030947204e-05
38739.8 3.916574383e-05
38753.3 3.924275647e-05
38766.8 3.982542593e-05
38780.3 3.755848664e-05
38793.9 3.518036965e-05
38807.4 3.736855384e-05
38820.9 3.938806596e-05
38834.4 3.846800144e-05
38847.9 3.715470792e-05
38861.4 3.397274889e-05
38874.9 3.072335338e-05
38888.4 3.016286132e-05
38902.0 3.177595164e-05
38915.5 3.417053164e-05
38929.0 3.758015188e-05
38942.5 4.113582687e-05
38956.0 4.174491416e-05
38969.5 4.194538882e-05
38983.0 4.081491408e-05
38996.5 3.822190319e-05
39010.1 3.869239423e-05
39023.6 3.792617750e-05
39037.1 3.602635222e-05
39050.6 3.697702087e-05
39064.1 3.821798200e-05
39077.6 3.883500621e-05
39091.1 4.176794168e-05
39104.6 4.455753659e-05
39118.2 4.312629788e-05
39131.7 4.157349612e-05
39145.2 4.419332014e-05
39158.7 4.324788840e-05
39172.2 4.064909720e-05
39185.7 4.348415923e-05
39199.2 4.517894468e-05
39212.7 4.573075683e-05
39226.2 4.681702602e-05
39239.8 4.609097033e-05
39253.3 4.486117042e-05
39266.8 4.524168532e-05
39280.3 4.642942142e-05
39293.8 4.496394468e-05
39307.3 4.467538764e-05
39320.8 4.365322352e-05
39334.3 4.128052770e-05
39347.9 4.275776690e-05
39361.4 4.649429189e-05
39374.9 5.003596248e-05
39388.4 5.333665479e-05
39401.9 5.580359473e-05
39415.4 5.557269947e-05
39428.9 5.359878742e-05
39442.4 5.301451970e-05
39456.0 5.172609276e-05
39469.5 5.135129120e-05
39483.0 5.320429073e-05
39496.5 5.228439564e-05
39510.0 5.116224648e-05
39523.5 5.287655296e-05
39537.0 5.599825116e-05
39550.5 5.728862297e-05
39564.1 5.881707982e-05
39577.6 6.140451255e-05
39591.1 6.052804334e-05
39604.6 6.095677144e-05
39618.1 6.184524460e-05
39631.6 5.991267922e-05
39645.1 5.913531347e-05
39658.6 6.095310252e-05
39672.2 6.257958309e-05
39685.7 6.187621523e-05
39699.2 6.301214712e-05
39712.7 6.396501756e-05
39726.2 6.214840523e-05
39739.7 6.482720915e-05
39753.2 6.739143199e-05
39766.7 6.590762037e-05
39780.3 6.349755442e-05
39793.8 6.309144457e-05
39807.3 6.335081257e-05
39820.8 6.283586987e-05
39834.3 6.547596617e-05
39847.8 6.705117010e-05
39861.3 6.745327470e-05
39874.8 6.894532526e-05
39888.4 6.897993175e-05
39901.9 6.648340366e-05
39915.4 6.441742220e-05
39928.9 6.605973607e-05
39942.4 6.836999750e-05
39955.9 6.946260955e-05
39969.4 6.895513426e-05
39982.9 6.675924532e-05
39996.5 6.620317664e-05
40010.0 6.733383502e-05
40023.5 6.700416322e-05
40037.0 6.385546334e-05
40050.5 6.274758164e-05
40064.0 6.291486827e-05
40077.5 6.283426614e-05
40091.0 6.584900838e-05
40104.5 6.889352697e-05
40118.1 6.886823859e-05
40131.6 6.707960954e-05
40145.1 6.753863257e-05
40158.6 6.608291294e-05
40172.1 6.144880604e-05
40185.6 5.999148350e-05
40199.1 5.820545196e-05
40212.6 5.567443172e-05
40226.2 5.497326202e-05
40239.7 5.792405489e-05
40253.2 6.033135690e-05
40266.7 6.034174495e-05
40280.2 6.086555271e-05
40293.7 6.027164183e-05
40307.2 6.045110586e-05
40320.7 6.222401786e-05
40334.3 6.377529055e-05
40347.8 6.208084887e-05
40361.3 6.291165898e-05
40374.8 6.800980437e-05
40388.3 7.121162022e-05
40401.8 7.226863864e-05
40415.3 7.136936261e-05
40428.8 6.852357634e-05
40442.4 6.476137965e-05
40455.9 6.579704757e-05
40469.4 6.853742329e-05
40482.9 6.976637585e-05
40496.4 7.172492820e-05
40509.9 7.380700945e-05
40523.4 7.445319939e-05
40536.9 7.391139670e-05
40550.5 7.556703154e-05
40564.0 7.447304315e-05
40577.5 7.216913464e-05
40591.0 7.156089359e-05
40604.5 7.164425605e-05
40618.0 7.009437171e-05
40631.5 6.836390669e-05
40645.0 7.043835749e-05
40658.6 7.099758791e-05
40672.1 7.129858235e-05
40685.6 7.216621158e-05
40699.1 7.279162994e-05
40712.6 7.163606508e-05
40726.1 7.258201981e-05
40739.6 7.494803712e-05
40753.1 7.386713869e-05
40766.7 7.204542684e-05
40780.2 7.102240525e-05
40793.7 7.029758850e-05
40807.2 6.809301913e-05
40820.7 7.000257716e-05
40834.2 7.224630284e-05
40847.7 7.154464635e-05
40861.2 7.014348981e-05
40874.8 7.017756393e-05
40888.3 7.064511327e-05
40901.8 6.954439730e-05
40915.3 7.109477481e-05
40928.8 7.234868797e-05
40942.3 7.225538018e-05
40955.8 7.141411335e-05
40969.3 7.180387867e-05
40982.8 7.076709101e-05
40996.4 7.069891428e-05
41009.9 7.292400725e-05
41023.4 7.408333721e-05
41036.9 7.267329181e-05
41050.4 7.042034522e-05
41063.9 7.047450812e-05
41077.4 6.833640951e-05
41090.9 6.709924145e-05
41104.5 6.770124845e-05
41118.0 6.875107111e-05
41131.5 6.685083546e-05
41145.0 6.556046987e-05
41158.5 6.578539063e-05
41172.0 6.440728529e-05
41185.5 6.318066225e-05
41199.0 6.402604619e-05
41212.6 6.698893999e-05
41226.1 6.743604492e-05
41239.6 6.881815989e-05
41253.1 7.015659819e-05
41266.6 7.053109852e-05
41280.1 6.922065110e-05
41293.6 6.858645461e-05
41307.1 6.640561884e-05
41320.7 6.400684955e-05
41334.2 6.349191644e-05
41347.7 6.428309668e-05
41361.2 6.311938547e-05
41374.7 5.992015461e-05
41388.2 6.007405222e-05
41401.7 6.095980712e-05
41415.2 6.159453819e-05
41428.8 6.152212719e-05
41442.3 6.148360539e-05
41455.8 5.881515317e-05
41469.3 5.731549363e-05
41482.8 5.771674566e-05
41496.3 5.897022582e-05
41509.8 5.845243160e-05
41523.3 5.944008325e-05
41536.9 6.136405826e-05
41550.4 6.113703173e-05
41563.9 5.942301979e-05
41577.4 5.832379185e-05
41590.9 5.905556519e-05
41604.4 5.900481718e-05
41617.9 5.958155241e-05
41631.4 6.007057838e-05
41645.0 5.955735828e-05
41658.5 5.798992034e-05
41672.0 5.922935634e-05
41685.5 5.975339981e-05
41699.0 5.868147979e-05
41712.5 5.711100686e-05
41726.0 5.821398041e-05
41739.5 5.891840420e-05
41753.1 5.865296073e-05
41766.6 5.818559184e-05
41780.1 5.738164061e-05
41793.6 5.443498213e-05
41807.1 5.343952518e-05
41820.6 5.554159429e-05
41834.1 5.715148867e-05
41847.6 5.664072648e-05
41861.1 5.509615736e-05
41874.7 5.443009385e-05
41888.2 5.172491354e-05
41901.7 4.982317337e-05
41915.2 5.006485516e-05
41928.7 5.315189752e-05
41942.2 5.308316333e-05
41955.7 5.239634700e-05
41969.2 5.158949622e-05
41982.8 5.047658298e-05
41996.3 4.807432069e-05
42009.8 4.864703066e-05
42023.3 5.064329010e-05
42036.8 5.274641573e-05
42050.3 5.362890711e-05
42063.8 5.405905072e-05
42077.3 5.155958863e-05
42090.9 4.832467385e-05
42104.4 4.638897258e-05
42117.9 4.724903434e-05
42131.4 4.764860294e-05
42144.9 4.740762413e-05
42158.4 4.894151160e-05
42171.9 5.136159418e-05
42185.4 5.294948040e-05
42199.0 5.374791664e-05
42212.5 5.497741422e-05
42226.0 5.450466774e-05
42239.5 5.214564095e-05
42253.0 5.026403038e-05
42266.5 5.070241355e-05
42280.0 4.947486688e-05
42293.5 4.762656862e-05
42307.1 4.661425328e-05
42320.6 4.731466142e-05
42334.1 4.549053424e-05
42347.6 4.374499474e-05
42361.1 4.294755385e-05
42374.6 4.341000883e-05
42388.1 4.350496312e-05
42401.6 4.522112286e-05
42415.2 4.649886747e-05
42428.7 4.595800961e-05
42442.2 4.243415574e-05
42455.7 4.167975806e-05
42469.2 4.154460435e-05
42482.7 4.143211294e-05
42496.2 4.076214883e-05
42509.7 4.374254247e-05
42523.3 4.518025024e-05
42536.8 4.431025929e-05
42550.3 4.200668860e-05
42563.8 4.171535191e-05
42577.3 4.091918455e-05
42590.8 4.007274204e-05
42604.3 3.981733744e-05
42617.8 4.138628651e-05
42631.4 3.987249146e-05
42644.9 3.813059494e-05
42658.4 3.782703379e-05
42671.9 3.966497324e-05
42685.4 3.932459510e-05
42698.9 3.819043575e-05
42712.4 3.692565459e-05
42725.9 3.579835071e-05
42739.5 3.317243990e-05
42753.0 3.320799509e-05
42766.5 3.496724448e-05
42780.0 3.672014841e-05
42793.5 3.577597919e-05
42807.0 3.518122540e-05
42820.5 3.501022642e-05
42834.0 3.463419158e-05
42847.5 3.319121142e-05
42861.1 3.342093156e-05
42874.6 3.356363138e-05
42888.1 3.298905839e-05
42901.6 3.178107616e-05
42915.1 3.186670327e-05
42928.6 3.031649251e-05
42942.1 2.826214059e-05
42955.6 2.814285231e-05
42969.2 3.084849836e-05
42982.7 3.218036994e-05
42996.2 3.167312963e-05
43009.7 3.046061631e-05
43023.2 3.121835626e-05
43036.7 3.089039592e-05
43050.2 2.982544059e-05
43063.7 2.912740483e-05
43077.3 2.956868467e-05
43090.8 2.846069060e-05
43104.3 2.934934521e-05
43117.8 3.223797421e-05
43131.3 3.710575240e-05
43144.8 3.606490057e-05
43158.3 3.304653087e-05
43171.8 2.948293471e-05
43185.4 2.767222645e-05
43198.9 2.567040599e-05
43212.4 2.489658045e-05
43225.9 2.459891198e-05
43239.4 2.533819905e-05
43252.9 2.411333092e-05
43266.4 2.393515556e-05
43279.9 2.493219346e-05
43293.5 2.546152531e-05
43307.0 2.225830736e-05
43320.5 2.039160612e-05
43334.0 1.942135601e-05
43347.5 1.996779943e-05
43361.0 2.102361412e-05
43374.5 2.282785524e-05
43388.0 2.429906424e-05
43401.6 2.209482314e-05
43415.1 1.876488412e-05
43428.6 1.863456116e-05
43442.1 2.117755814e-05
43455.6 2.393229075e-05
43469.1 2.530655769e-05
43482.6 2.707195844e-05
43496.1 2.824813746e-05
43509.7 2.705587486e-05
43523.2 2.546404374e-05
43536.7 2.507999441e-05
43550.2 2.536767457e-05
43563.7 2.356167086e-05
43577.2 2.118842213e-05
43590.7 1.994119466e-05
43604.2 1.960888755e-05
43617.8 1.753552867e-05
43631.3 1.700639764e-05
43644.8 1.579329587e-05
43658.3 1.406624175e-05
43671.8 1.214604301e-05
43685.3 1.446881484e-05
43698.8 1.588417821e-05
43712.3 1.721868496e-05
43725.8 1.520496882e-05
43739.4 1.304067977e-05
43752.9 1.170369596e-05
43766.4 1.179734345e-05
43779.9 1.296395528e-05
43793.4 1.583948088e-05
43806.9 1.718541485e-05
43820.4 1.445135369e-05
43833.9 1.341069113e-05
43847.5 1.357107618e-05
43861.0 1.544601339e-05
43874.5 1.658527459e-05
43888.0 1.759446059e-05
43901.5 1.868533852e-05
43915.0 1.855683101e-05
43928.5 1.587198977e-05
43942.0 1.310597427e-05
43955.6 1.133126458e-05
43969.1 1.228801221e-05
43982.6 1.336093390e-05
43996.1 1.468643258e-05
44009.6 1.598349995e-05
44023.1 1.577998430e-05
44036.6 1.417795258e-05
44050.1 1.133159242e-05
44063.7 9.457226738e-06
44077.2 1.016590466e-05
44090.7 1.155768021e-05
44104.2 1.253318529e-05
44117.7 1.312964962e-05
44131.2 1.331670154e-05
44144.7 1.434375864e-05
44158.2 1.233812809e-05
44171.8 1.122201529e-05
44185.3 1.207946608e-05
44198.8 1.444359784e-05
44212.3 1.489795014e-05
44225.8 1.532300320e-05
44239.3 1.529162276e-05
44252.8 1.448455764e-05
44266.3 1.234031272e-05
44279.9 1.053766174e-05
44293.4 9.602441051e-06
44306.9 9.088582444e-06
44320.4 9.546355529e-06
44333.9 1.046462986e-05
44347.4 1.156425374e-05
44360.9 1.266718364e-05
44374.4 1.338053895e-05
44388.0 1.463851866e-05
44401.5 1.574917348e-05
44415.0 1.551471990e-05
44428.5 1.434844232e-05
44442.0 1.306735123e-05
44455.5 1.254863695e-05
44469.0 1.311306521e-05
44482.5 1.315936979e-05
44496.1 1.123176805e-05
44509.6 1.043059787e-05
44523.1 1.011222530e-05
44536.6 1.019498232e-05
44550.1 1.060322194e-05
44563.6 1.085674650e-05
44577.1 1.064736670e-05
44590.6 9.997019009e-06
44604.1 1.031289968e-05
44617.7 1.187445839e-05
44631.2 1.179840667e-05
44644.7 9.983819448e-06
44658.2 8.015124254e-06
44671.7 7.382259079e-06
44685.2 7.238590452e-06
44698.7 7.127905568e-06
44712.2 7.049143759e-06
44725.8 8.318216080e-06
44739.3 9.016925833e-06
44752.8 8.903288988e-06
44766.3 8.179809420e-06
44779.8 9.418843888e-06
44793.3 1.077388960e-05
44806.8 1.048957176e-05
44820.3 1.023801588e-05
44833.9 1.050946737e-05
44847.4 1.237385286e-05
44860.9 1.356662927e-05
44874.4 1.514817966e-05
44887.9 1.550832620e-05
44901.4 1.286542550e-05
44914.9 1.144333193e-05
44928.4 1.120682226e-05
44942.0 1.205165092e-05
44955.5 1.275584035e-05
44969.0 1.325701875e-05
44982.5 1.104962418e-05
44996.0 9.964065397e-06
45009.5 8.947562197e-06
45023.0 8.847308845e-06
45036.5 7.268225672e-06
45050.1 7.070381658e-06
45063.6 8.984238763e-06
45077.1 1.133712616e-05
45090.6 1.313423235e-05
45104.1 1.419545269e-05
45117.6 1.503721517e-05
45131.1 1.384797760e-05
45144.6 1.156041207e-05
45158.2 7.942473012e-06
45171.7 7.513273826e-06
45185.2 9.840993233e-06
45198.7 1.324021554e-05
45212.2 1.494977344e-05
45225.7 1.601644713e-05
45239.2 1.727312553e-05
45252.7 1.731147405e-05
45266.3 1.586560305e-05
45279.8 1.443769524e-05
45293.3 1.238801415e-05
45306.8 1.193934975e-05
45320.3 1.246242509e-05
45333.8 1.313005397e-05
45347.3 1.363654185e-05
45360.8 1.437927145e-05
45374.4 1.378414283e-05
45387.9 1.413987893e-05
45401.4 1.772186983e-05
45414.9 1.940697187e-05
45428.4 1.746683119e-05
45441.9 1.440978259e-05
45455.4 1.210665798e-05
45468.9 1.030028945e-05
45482.5 8.118103408e-06
45496.0 6.575779120e-06
45509.5 6.016094854e-06
45523.0 5.949774768e-06
45536.5 5.739703036e-06
45550.0 4.496680249e-06
45563.5 4.603235140e-06
45577.0 5.786849664e-06
45590.5 7.369625185e-06
45604.1 8.500206302e-06
45617.6 8.228245359e-06
45631.1 8.503798316e-06
45644.6 8.582069915e-06
45658.1 8.262476073e-06
45671.6 7.409472371e-06
45685.1 7.759100959e-06
45698.6 9.849079230e-06
45712.2 9.334744321e-06
45725.7 7.172052322e-06
45739.2 5.362084775e-06
45752.7 5.426296294e-06
45766.2 6.283662723e-06
45779.7 7.308627013e-06
45793.2 7.739355002e-06
45806.7 7.927553153e-06
45820.3 9.103366415e-06
45833.8 7.314004026e-06
45847.3 6.781193521e-06
45860.8 7.342105392e-06
45874.3 7.457254395e-06
45887.8 7.725875822e-06
45901.3 6.763626764e-06
45914.8 5.040257445e-06
45928.4 5.302215631e-06
45941.9 5.609031657e-06
45955.4 4.434834169e-06
45968.9 4.907171862e-06
45982.4 7.028372503e-06
45995.9 5.704944499e-06
46009.4 4.149064610e-06
46022.9 2.882777268e-06
46036.5 1.816316313e-06
46050.0 3.246569274e-06
46063.5 4.204064448e-06
46077.0 3.197442763e-06
46090.5 2.601115065e-06
46104.0 2.462684914e-06
46117.5 1.937122759e-06
46131.0 1.940196794e-06
46144.6 1.384653077e-06
46158.1 1.337419577e-06
46171.6 2.714460552e-06
46185.1 4.556779463e-06
46198.6 4.586922813e-06
46212.1 2.705500217e-06
46225.6 3.332380525e-06
46239.1 3.581541647e-06
46252.7 3.297136395e-06
46266.2 2.732365062e-06
46279.7 3.857225239e-06
46293.2 6.776405564e-06
46306.7 7.792983490e-06
46320.2 7.813678792e-06
46333.7 7.454130861e-06
46347.2 7.790526176e-06
46360.8 7.194630810e-06
46374.3 5.877347480e-06
46387.8 4.986494404e-06
46401.3 5.191752386e-06
46414.8 6.674576801e-06
46428.3 5.468736315e-06
46441.8 4.637143968e-06
46455.3 5.443304716e-06
46468.8 6.881677379e-06
46482.4 7.639210278e-06
46495.9 7.386564872e-06
46509.4 7.502099458e-06
46522.9 7.269642455e-06
46536.4 7.053961075e-06
46549.9 5.771498233e-06
46563.4 6.381828566e-06
46576.9 7.203247102e-06
46590.5 7.216154226e-06
46604.0 7.021986653e-06
46617.5 5.247783687e-06
46631.0 4.612130994e-06
46644.5 4.756590729e-06
46658.0 4.850990462e-06
46671.5 5.287296070e-06
46685.0 5.124373815e-06
46698.6 5.637014932e-06
46712.1 6.408054488e-06
46725.6 7.024925400e-06
46739.1 6.358437962e-06
46752.6 6.713740885e-06
46766.1 7.424434529e-06
46779.6 7.533282519e-06
46793.1 7.197426131e-06
46806.7 5.891053014e-06
46820.2 5.087166697e-06
46833.7 5.904010741e-06
46847.2 5.843793903e-06
46860.7 4.829344583e-06
46874.2 4.350276335e-06
46887.7 4.447810125e-06
46901.2 4.205437857e-06
46914.8 3.288845342e-06
46928.3 2.654843330e-06
46941.8 2.134260008e-06
46955.3 2.032334906e-06
46968.8 3.530011042e-06
46982.3 3.877211426e-06
46995.8 4.570515659e-06
47009.3 4.695426217e-06
47022.9 5.938343651e-06
47036.4 6.443745177e-06
47049.9 6.611454919e-06
47063.4 7.086265224e-06
47076.9 6.334580919e-06
47090.4 4.963541994e-06
47103.9 1.079405566e-06
47117.4 4.876058738e-07
47131.0 2.838864244e-07
47144.5 3.736862411e-07
47158.0 6.373817167e-07
47171.5 7.997022425e-07
47185.0 1.320619531e-06
47198.5 2.566395638e-06
47212.0 2.664934782e-06
47225.5 2.490151833e-06
47239.1 2.896422785e-06
47252.6 2.552844848e-06
47266.1 1.937963535e-06
47279.6 1.479407331e-06
47293.1 1.210466696e-06
47306.6 1.408761576e-06
47320.1 1.848279644e-06
47333.6 2.070979345e-06
47347.1 2.088676029e-06
47360.7 1.881061172e-06
47374.2 2.021273399e-06
47387.7 2.344583214e-06
47401.2 1.658162962e-06
47414.7 1.587951511e-06
47428.2 2.468187431e-06
47441.7 3.659769832e-06
47455.2 5.033487193e-06
47468.8 4.230680772e-06
47482.3 3.407973597e-06
47495.8 2.674023385e-06
47509.3 2.483598314e-06
47522.8 2.828167391e-06
47536.3 2.545450728e-06
47549.8 1.738630081e-06
47563.3 2.155200331e-06
47576.9 2.250709349e-06
47590.4 2.416667109e-06
47603.9 1.667679660e-06
47617.4 1.151509127e-06
47630.9 7.832308199e-07
47644.4 4.697091705e-07
47657.9 6.280421704e-07
47671.4 5.766177938e-07
47685.0 2.700505429e-08
47698.5 5.848960684e-09
47712.0 1.630232185e-08
47725.5 1.153615060e-07
47739.0 1.120856536e-06
47752.5 1.342866933e-06
47766.0 1.000019434e-06
47779.5 3.522917472e-07
47793.1 2.800041946e-08
47806.6 5.341752748e-09
47820.1 5.337476857e-09
47833.6 5.333215663e-09
47847.1 5.328964321e-09
47860.6 5.324723109e-09
47874.1 6.195085622e-09
47887.6 1.356189745e-07
47901.2 7.568927808e-07
47914.7 4.144991659e-07
47928.2 1.924202239e-08
47941.7 5.299478615e-09
47955.2 5.295299032e-09
47968.7 5.291124459e-09
47982.2 5.286956410e-09
47995.7 6.587750548e-08
48009.3 9.609895990e-07
48022.8 1.617451457e-06
48036.3 1.158654294e-06
48049.8 1.289587976e-06
48063.3 1.458238911e-06
48076.8 1.670930867e-06
48090.3 1.959789756e-06
48103.8 1.627774729e-06
48117.4 8.882260538e-07
48130.9 1.571592896e-08
48144.4 5.242857984e-09
48157.9 5.238697658e-09
48171.4 5.234533670e-09
48184.9 5.782213526e-09
48198.4 1.244590258e-07
48211.9 1.629574607e-06
48225.5 2.462571919e-06
48239.0 2.141700777e-06
48252.5 1.569999922e-06
48266.0 8.544495873e-07
48279.5 1.025125980e-07
48293.0 6.243015369e-09
48306.5 5.192538860e-09
48320.0 5.188288835e-09
48333.5 5.184027089e-09
48347.1 5.179752824e-09
48360.6 5.175465477e-09
48374.1 5.171164295e-09
48387.6 6.246792543e-09
48401.1 1.149153604e-07
48414.6 9.522336155e-07
48428.1 1.687347154e-06
48441.6 2.163245161e-06
48455.2 2.440873583e-06
48468.7 2.182159911e-06
48482.2 1.373762484e-06
48495.7 5.505512396e-07
48509.2 3.096518324e-08
48522.7 5.369963227e-09
48536.2 3.016647082e-08
48549.7 5.357482131e-08
48563.3 6.392326137e-09
48576.8 5.104591948e-09
48590.3 5.206041222e-09
48603.8 4.654753067e-08
48617.3 1.403847790e-07
48630.8 7.412413510e-09
48644.3 5.081355448e-09
48657.8 5.076635678e-09
48671.4 3.679411024e-08
48684.9 5.006836574e-07
48698.4 7.027723342e-07
48711.9 4.631483641e-07
48725.4 9.183559789e-07
48738.9 6.806854323e-07
48752.4 2.340175068e-07
48765.9 9.817284390e-09
48779.5 5.038859148e-09
48793.0 5.031880054e-09
48806.5 5.024792986e-09
48820.0 5.454069417e-09
48833.5 7.811459976e-08
48847.0 1.020613644e-06
48860.5 1.669270923e-06
48874.0 2.059064826e-06
48887.6 2.243287655e-06
48901.1 2.120893152e-06
48914.6 2.012413675e-06
48928.1 2.063359169e-06
48941.6 2.041891303e-06
48955.1 1.403135206e-06
48968.6 4.971674924e-08
48982.1 4.930499661e-09
48995.7 4.923077147e-09
49009.2 4.915632859e-09
49022.7 4.908163683e-09
49036.2 4.900670658e-09
49049.7 4.893154579e-09
49063.2 4.885612726e-09
49076.7 4.878047748e-09
49090.2 4.870459789e-09
49103.8 1.297533634e-08
49117.3 5.434686174e-07
49130.8 1.023235721e-06
49144.3 6.209787315e-07
49157.8 1.397058113e-08
49171.3 4.824434021e-09
49184.8 4.816682032e-09
49198.3 4.808908540e-09
49211.8 4.801112260e-09
49225.4 4.793293587e-09
49238.9 4.785454016e-09
49252.4 4.777591977e-09
49265.9 4.769708672e-09
49279.4 4.761805170e-09
49292.9 4.753879612e-09
49306.4 4.745933947e-09
49319.9 4.737968848e-09
49333.5 4.729982210e-09
49347.0 4.721976653e-09
49360.5 4.713952146e-09
49374.0 4.705907343e-09
49387.5 4.697844484e-09
49401.0 4.689763205e-09
49414.5 4.683977597e-09
49428.0 4.678642048e-09
49441.6 4.670497917e-09
49455.1 1.178483238e-08
49468.6 3.873358317e-07
49482.1 3.218838509e-08
49495.6 4.637750723e-09
49509.1 4.629523455e-09
49522.6 4.621279772e-09
49536.1 4.613020826e-09
49549.7 4.604747282e-09
49563.2 4.596458115e-09
49576.7 4.588154815e-09
49590.2 4.579837707e-09
49603.7 4.571505927e-09
49617.2 5.805355232e-09
49630.7 3.878200316e-08
49644.2 1.997906288e-07
49657.8 4.745640061e-07
49671.3 7.183709288e-07
49684.8 1.296948957e-06
49698.3 6.539945241e-07
49711.8 5.284769409e-07
49725.3 6.550913602e-07
49738.8 1.007695748e-06
49752.3 1.676752593e-06
49765.9 1.705715286e-06
49779.4 1.501836955e-06
49792.9 1.150041097e-06
49806.4 9.368878027e-07
49819.9 9.521773510e-07
49833.4 1.246600014e-06
49846.9 1.253950060e-06
49860.4 1.416299175e-06
49874.0 1.752362110e-06
49887.5 6.935507839e-07
49901.0 3.615396726e-07
49914.5 2.390657123e-07
49928.0 2.523105062e-07
49941.5 5.533283801e-07
49955.0 5.596453876e-07
49968.5 8.257949667e-07
49982.1 2.758727233e-07
49995.6 6.037017644e-08
50009.1 1.168290472e-07
50022.6 4.529557439e-07
50036.1 6.079231976e-07
50049.6 1.661993820e-07
50063.1 8.037168911e-09
50076.6 4.277186899e-09
50090.1 4.273864755e-09
50103.7 7.326825589e-09
50117.2 2.768443691e-08
50130.7 9.381317688e-08
50144.2 2.785454309e-07
50157.7 4.804232070e-07
50171.2 6.685608314e-07
50184.7 7.288757256e-07
50198.2 7.682814657e-07
50211.8 7.966397953e-07
50225.3 5.500381803e-07
50238.8 7.060540327e-07
50252.3 2.277865726e-08
50265.8 4.169059925e-09
50279.3 4.160915447e-09
50292.8 4.152758269e-09
50306.3 4.144588692e-09
50319.9 4.136406716e-09
50333.4 4.128211410e-09
50346.9 4.120003341e-09
50360.4 4.211795317e-09
50373.9 1.662862866e-08
50387.4 1.387460913e-07
50400.9 3.581107575e-07
50414.4 7.206733420e-07
50428.0 1.088695150e-06
50441.5 1.047750707e-06
50455.0 8.096856759e-07
50468.5 4.094517231e-08
50482.0 4.118768439e-09
50495.5 4.028330450e-09
50509.0 4.191891460e-09
50522.5 7.449797901e-09
50536.1 1.045575496e-08
50549.6 4.738316279e-09
50563.1 3.985943444e-09
50576.6 3.977416913e-09
50590.1 3.968873941e-09
50603.6 3.960312565e-09
50617.1 1.586606068e-08
50630.6 3.249405360e-07
50644.2 4.630078183e-07
50657.7 3.003486193e-07
50671.2 1.074075829e-08
50684.7 3.913583067e-09
50698.2 3.906119193e-09
50711.7 5.531500739e-09
50725.2 3.145945869e-08
50738.7 1.371735830e-08
50752.3 4.123589450e-09
50765.8 3.868417752e-09
50779.3 3.864697619e-09
50792.8 3.857347089e-09
50806.3 3.849666309e-09
50819.8 3.841959157e-09
50833.3 4.681060003e-09
50846.8 2.578944566e-08
50860.4 2.796783704e-08
50873.9 1.184414928e-08
50887.4 5.438520870e-08
50900.9 3.716382845e-07
50914.4 8.052160405e-07
50927.9 1.281350394e-06
50941.4 1.158112668e-06
50954.9 7.081334804e-07
50968.4 1.521658088e-08
50982.0 3.747212805e-09
50995.5 3.739120906e-09
