10780.3 0.000000000e+00
10787.5 0.000000000e+00
10794.6 0.000000000e+00
10801.7 0.000000000e+00
10808.9 0.000000000e+00
10816.0 0.000000000e+00
10823.2 0.000000000e+00
10830.3 0.000000000e+00
10837.5 0.000000000e+00
10844.6 0.000000000e+00
10851.8 0.000000000e+00
10858.9 0.000000000e+00
10866.0 0.000000000e+00
10873.2 0.000000000e+00
10880.3 0.000000000e+00
10887.5 0.000000000e+00
10894.6 0.000000000e+00
10901.8 0.000000000e+00
10908.9 0.000000000e+00
10916.0 0.000000000e+00
10923.2 0.000000000e+00
10930.3 0.000000000e+00
10937.5 0.000000000e+00
10944.6 0.000000000e+00
10951.8 0.000000000e+00
10958.9 0.000000000e+00
10966.1 0.000000000e+00
10973.2 0.000000000e+00
10980.3 0.000000000e+00
10987.5 0.000000000e+00
10994.6 0.000000000e+00
11001.8 0.000000000e+00
11008.9 0.000000000e+00
11016.1 0.000000000e+00
11023.2 0.000000000e+00
11030.4 0.000000000e+00
11037.5 0.000000000e+00
11044.6 0.000000000e+00
11051.8 0.000000000e+00
11058.9 0.000000000e+00
11066.1 0.000000000e+00
11073.2 0.000000000e+00
11080.4 0.000000000e+00
11087.5 0.000000000e+00
11094.6 0.000000000e+00
11101.8 0.000000000e+00
11108.9 0.000000000e+00
11116.1 0.000000000e+00
11128.0 0.000000000e+00
11149.4 0.000000000e+00
11170.9 0.000000000e+00
11192.3 0.000000000e+00
11213.8 0.000000000e+00
11235.2 0.000000000e+00
11256.6 0.000000000e+00
11278.1 0.000000000e+00
11299.5 0.000000000e+00
11321.0 0.000000000e+00
11342.4 0.000000000e+00
11363.8 0.000000000e+00
11385.3 0.000000000e+00
11406.7 0.000000000e+00
11428.2 0.000000000e+00
11449.6 0.000000000e+00
11471.1 0.000000000e+00
11492.5 0.000000000e+00
11513.9 0.000000000e+00
11535.4 0.000000000e+00
11556.8 0.000000000e+00
11578.3 0.000000000e+00
11599.7 0.000000000e+00
11621.1 0.000000000e+00
11642.6 0.000000000e+00
11664.0 0.000000000e+00
11685.5 0.000000000e+00
11706.9 0.000000000e+00
11728.4 0.000000000e+00
11749.8 0.000000000e+00
11771.2 0.000000000e+00
11792.7 0.000000000e+00
11814.1 0.000000000e+00
11835.6 0.000000000e+00
11857.0 0.000000000e+00
11878.4 0.000000000e+00
11899.9 0.000000000e+00
11921.3 0.000000000e+00
11942.8 0.000000000e+00
11964.2 0.000000000e+00
11985.6 0.000000000e+00
12007.1 0.000000000e+00
12028.5 0.000000000e+00
12050.0 0.000000000e+00
12071.4 0.000000000e+00
12092.9 0.000000000e+00
12114.3 0.000000000e+00
12135.7 0.000000000e+00
12157.2 0.000000000e+00
12178.6 0.000000000e+00
12200.1 0.000000000e+00
12221.5 0.000000000e+00
12242.9 0.000000000e+00
12264.4 0.000000000e+00
12285.8 0.000000000e+00
12307.3 0.000000000e+00
12328.7 0.000000000e+00
12350.1 0.000000000e+00
12371.6 0.000000000e+00
12393.0 0.000000000e+00
12414.5 0.000000000e+00
12435.9 0.000000000e+00
12457.4 0.000000000e+00
12478.8 0.000000000e+00
12500.2 0.000000000e+00
12521.7 0.000000000e+00
12543.1 0.000000000e+00
12564.6 0.000000000e+00
12586.0 0.000000000e+00
12607.4 0.000000000e+00
12628.9 0.000000000e+00
12650.3 0.000000000e+00
12671.8 0.000000000e+00
12693.2 0.000000000e+00
12714.6 0.000000000e+00
12736.1 0.000000000e+00
12757.5 0.000000000e+00
12779.0 0.000000000e+00
12800.4 0.000000000e+00
12821.9 0.000000000e+00
12843.3 0.000000000e+00
12864.7 0.000000000e+00
12886.2 0.000000000e+00
12907.6 0.000000000e+00
12929.1 0.000000000e+00
12950.5 0.000000000e+00
12971.9 0.000000000e+00
12993.4 0.000000000e+00
13014.8 0.000000000e+00
13036.3 0.000000000e+00
13057.7 0.000000000e+00
13079.1 0.000000000e+00
13100.6 0.000000000e+00
13122.0 0.000000000e+00
13143.5 0.000000000e+00
13164.9 0.000000000e+00
13186.4 0.000000000e+00
13207.8 0.000000000e+00
13229.2 0.000000000e+00
13250.7 0.000000000e+00
13272.1 0.000000000e+00
13293.6 0.000000000e+00
13315.0 0.000000000e+00
13336.4 0.000000000e+00
13357.9 0.000000000e+00
13379.3 0.000000000e+00
13400.8 0.000000000e+00
13422.2 0.000000000e+00
13443.6 0.000000000e+00
13465.1 0.000000000e+00
13486.5 0.000000000e+00
13508.0 0.000000000e+00
13529.4 0.000000000e+00
13550.9 0.000000000e+00
13572.3 0.000000000e+00
13593.7 0.000000000e+00
13615.2 0.000000000e+00
13636.6 0.000000000e+00
13658.1 0.000000000e+00
13679.5 0.000000000e+00
13700.9 0.000000000e+00
13722.4 0.000000000e+00
13743.8 0.000000000e+00
13765.3 0.000000000e+00
13786.7 0.000000000e+00
13808.1 0.000000000e+00
13829.6 0.000000000e+00
13851.0 0.000000000e+00
13872.5 0.000000000e+00
13893.9 0.000000000e+00
13915.4 0.000000000e+00
13936.8 0.000000000e+00
13958.2 0.000000000e+00
13979.7 0.000000000e+00
14001.1 0.000000000e+00
14022.6 0.000000000e+00
14044.0 0.000000000e+00
14065.4 0.000000000e+00
14086.9 0.000000000e+00
14108.3 0.000000000e+00
14129.8 0.000000000e+00
14151.2 0.000000000e+00
14172.7 0.000000000e+00
14194.1 0.000000000e+00
14215.5 0.000000000e+00
14237.0 0.000000000e+00
14258.4 0.000000000e+00
14279.9 0.000000000e+00
14301.3 0.000000000e+00
14322.7 0.000000000e+00
14344.2 0.000000000e+00
14365.6 0.000000000e+00
14387.1 0.000000000e+00
14408.5 0.000000000e+00
14429.9 0.000000000e+00
14451.4 0.000000000e+00
14472.8 0.000000000e+00
14494.3 0.000000000e+00
14515.7 0.000000000e+00
14537.2 0.000000000e+00
14558.6 0.000000000e+00
14580.0 0.000000000e+00
14601.5 0.000000000e+00
14622.9 0.000000000e+00
14644.4 0.000000000e+00
14665.8 0.000000000e+00
14687.2 0.000000000e+00
14708.7 0.000000000e+00
14730.1 0.000000000e+00
14751.6 0.000000000e+00
14773.0 0.000000000e+00
14794.4 0.000000000e+00
14815.9 0.000000000e+00
14837.3 0.000000000e+00
14858.8 0.000000000e+00
14880.2 0.000000000e+00
14901.7 0.000000000e+00
14923.1 0.000000000e+00
14944.5 0.000000000e+00
14966.0 0.000000000e+00
14987.4 0.000000000e+00
15008.9 0.000000000e+00
15030.3 0.000000000e+00
15051.7 0.000000000e+00
15073.2 0.000000000e+00
15094.6 0.000000000e+00
15116.1 0.000000000e+00
15137.5 0.000000000e+00
15158.9 0.000000000e+00
15180.4 0.000000000e+00
15201.8 0.000000000e+00
15223.3 0.000000000e+00
15244.7 0.000000000e+00
15266.2 0.000000000e+00
15287.6 0.000000000e+00
15309.0 0.000000000e+00
15330.5 0.000000000e+00
15351.9 0.000000000e+00
15373.4 0.000000000e+00
15394.8 0.000000000e+00
15416.2 0.000000000e+00
15437.7 0.000000000e+00
15459.1 0.000000000e+00
15480.6 0.000000000e+00
15502.0 0.000000000e+00
15523.4 0.000000000e+00
15544.9 0.000000000e+00
15566.3 0.000000000e+00
15587.8 0.000000000e+00
15609.2 0.000000000e+00
15630.7 0.000000000e+00
15652.1 0.000000000e+00
15673.5 0.000000000e+00
15695.0 0.000000000e+00
15716.4 0.000000000e+00
15737.9 0.000000000e+00
15759.3 0.000000000e+00
15780.7 0.000000000e+00
15802.2 0.000000000e+00
15823.6 0.000000000e+00
15845.1 0.000000000e+00
15866.5 0.000000000e+00
15887.9 0.000000000e+00
15909.4 0.000000000e+00
15930.8 0.000000000e+00
15952.3 0.000000000e+00
15973.7 0.000000000e+00
15995.2 0.000000000e+00
16016.6 0.000000000e+00
16038.0 0.000000000e+00
16059.5 0.000000000e+00
16080.9 0.000000000e+00
16102.4 0.000000000e+00
16123.8 0.000000000e+00
16145.2 0.000000000e+00
16166.7 0.000000000e+00
16188.1 0.000000000e+00
16209.6 0.000000000e+00
16231.0 0.000000000e+00
16252.4 0.000000000e+00
16273.9 0.000000000e+00
16295.3 0.000000000e+00
16316.8 0.000000000e+00
16338.2 0.000000000e+00
16359.7 0.000000000e+00
16381.1 0.000000000e+00
16402.5 0.000000000e+00
16424.0 0.000000000e+00
16445.4 0.000000000e+00
16466.9 0.000000000e+00
16488.3 0.000000000e+00
16509.7 0.000000000e+00
16531.2 0.000000000e+00
16552.6 0.000000000e+00
16574.1 0.000000000e+00
16595.5 0.000000000e+00
16617.0 0.000000000e+00
16638.4 0.000000000e+00
16659.8 0.000000000e+00
16681.3 0.000000000e+00
16702.7 0.000000000e+00
16724.2 0.000000000e+00
16745.6 0.000000000e+00
16767.0 0.000000000e+00
16788.5 0.000000000e+00
16809.9 0.000000000e+00
16831.4 0.000000000e+00
16852.8 0.000000000e+00
16874.2 0.000000000e+00
16895.7 0.000000000e+00
16917.1 0.000000000e+00
16938.6 0.000000000e+00
16960.0 0.000000000e+00
16981.5 0.000000000e+00
17002.9 0.000000000e+00
17024.3 0.000000000e+00
17045.8 0.000000000e+00
17067.2 0.000000000e+00
17088.7 0.000000000e+00
17110.1 0.000000000e+00
17131.5 0.000000000e+00
17153.0 0.000000000e+00
17174.4 0.000000000e+00
17195.9 0.000000000e+00
17217.3 0.000000000e+00
17238.7 0.000000000e+00
17260.2 0.000000000e+00
17281.6 0.000000000e+00
17303.1 0.000000000e+00
17324.5 0.000000000e+00
17346.0 0.000000000e+00
17367.4 0.000000000e+00
17388.8 0.000000000e+00
17410.3 0.000000000e+00
17431.7 0.000000000e+00
17453.2 0.000000000e+00
17474.6 0.000000000e+00
17496.0 0.000000000e+00
17517.5 0.000000000e+00
17538.9 0.000000000e+00
17560.4 0.000000000e+00
17581.8 0.000000000e+00
17603.2 0.000000000e+00
17624.7 0.000000000e+00
17646.1 0.000000000e+00
17667.6 0.000000000e+00
17689.0 0.000000000e+00
17710.5 0.000000000e+00
17731.9 0.000000000e+00
17753.3 0.000000000e+00
17774.8 0.000000000e+00
17796.2 0.000000000e+00
17817.7 0.000000000e+00
17839.1 0.000000000e+00
17860.5 0.000000000e+00
17882.0 0.000000000e+00
17903.4 0.000000000e+00
17924.9 0.000000000e+00
17946.3 0.000000000e+00
17967.7 0.000000000e+00
17989.2 0.000000000e+00
18010.6 0.000000000e+00
18032.1 0.000000000e+00
18053.5 0.000000000e+00
18075.0 0.000000000e+00
18096.4 0.000000000e+00
18117.8 0.000000000e+00
18139.3 0.000000000e+00
18160.7 0.000000000e+00
18182.2 0.000000000e+00
18203.6 0.000000000e+00
18225.0 0.000000000e+00
18246.5 0.000000000e+00
18267.9 0.000000000e+00
18289.4 0.000000000e+00
18310.8 0.000000000e+00
18332.2 0.000000000e+00
18353.7 0.000000000e+00
18375.1 0.000000000e+00
18396.6 0.000000000e+00
18418.0 0.000000000e+00
18439.5 0.000000000e+00
18460.9 0.000000000e+00
18482.3 0.000000000e+00
18503.8 0.000000000e+00
18525.2 0.000000000e+00
18546.7 0.000000000e+00
18568.1 0.000000000e+00
18589.5 0.000000000e+00
18611.0 0.000000000e+00
18632.4 0.000000000e+00
18653.9 0.000000000e+00
18675.3 0.000000000e+00
18696.7 0.000000000e+00
18718.2 0.000000000e+00
18739.6 0.000000000e+00
18761.1 0.000000000e+00
18782.5 0.000000000e+00
18804.0 0.000000000e+00
18825.4 0.000000000e+00
18846.8 0.000000000e+00
18868.3 0.000000000e+00
18889.7 0.000000000e+00
18911.2 0.000000000e+00
18932.6 0.000000000e+00
18954.0 0.000000000e+00
18975.5 0.000000000e+00
18996.9 0.000000000e+00
19018.4 0.000000000e+00
19039.8 0.000000000e+00
19061.2 0.000000000e+00
19082.7 0.000000000e+00
19104.1 0.000000000e+00
19125.6 0.000000000e+00
19147.0 0.000000000e+00
19168.5 0.000000000e+00
19189.9 0.000000000e+00
19211.3 0.000000000e+00
19232.8 0.000000000e+00
19254.2 0.000000000e+00
19275.7 0.000000000e+00
19297.1 0.000000000e+00
19318.5 0.000000000e+00
19340.0 0.000000000e+00
19361.4 0.000000000e+00
19382.9 0.000000000e+00
19404.3 0.000000000e+00
19425.8 0.000000000e+00
19447.2 0.000000000e+00
19468.6 0.000000000e+00
19490.1 0.000000000e+00
19511.5 0.000000000e+00
19533.0 0.000000000e+00
19554.4 0.000000000e+00
19575.8 0.000000000e+00
19597.3 0.000000000e+00
19618.7 0.000000000e+00
19640.2 0.000000000e+00
19661.6 0.000000000e+00
19683.0 0.000000000e+00
19704.5 0.000000000e+00
19725.9 0.000000000e+00
19747.4 0.000000000e+00
19768.8 0.000000000e+00
19790.3 0.000000000e+00
19811.7 0.000000000e+00
19833.1 0.000000000e+00
19854.6 0.000000000e+00
19876.0 0.000000000e+00
19897.5 0.000000000e+00
19918.9 0.000000000e+00
19940.3 0.000000000e+00
19961.8 0.000000000e+00
19983.2 0.000000000e+00
20004.7 1.217416374e-10
20026.1 9.597208947e-11
20047.5 7.553759858e-11
20069.0 5.921599127e-11
20090.4 4.707452853e-11
20111.9 3.724506799e-11
20133.3 2.960502820e-11
20154.8 2.381865096e-11
20176.2 1.893242637e-11
20197.6 1.517365264e-11
20219.1 1.261755517e-11
20240.5 1.039662933e-11
20262.0 8.701720213e-12
20283.4 7.529338743e-12
20304.8 6.700687922e-12
20326.3 6.008512059e-12
20347.7 5.367201224e-12
20369.2 4.876105376e-12
20390.6 4.308531701e-12
20412.0 3.997930573e-12
20433.5 3.710551934e-12
20454.9 3.347532470e-12
20476.4 3.066652913e-12
20497.8 2.974956334e-12
20519.3 3.032561271e-12
20540.7 3.215002151e-12
20562.1 3.559014820e-12
20583.6 4.109552837e-12
20605.0 4.636388170e-12
20626.5 4.963988641e-12
20647.9 5.221571746e-12
20669.3 5.389731489e-12
20690.8 5.318566415e-12
20712.2 5.299160875e-12
20733.7 5.953892542e-12
20755.1 6.811618517e-12
20776.5 8.224390604e-12
20798.0 1.037620721e-11
20819.4 1.292836836e-11
20840.9 1.567427764e-11
20862.3 1.803228092e-11
20883.8 2.160029156e-11
20905.2 2.547675100e-11
20926.6 2.908881943e-11
20948.1 3.476359056e-11
20969.5 4.212657186e-11
20991.0 5.035628737e-11
21012.4 6.075685597e-11
21033.8 7.831124904e-11
21055.3 1.029530714e-10
21076.7 1.289305704e-10
21098.2 1.623971932e-10
21119.6 2.021612332e-10
21141.0 2.310179140e-10
21162.5 2.393186206e-10
21183.9 2.303852526e-10
21205.4 2.143235745e-10
21226.8 1.941082116e-10
21248.3 1.748745590e-10
21269.7 1.592248443e-10
21291.1 1.467725199e-10
21312.6 1.352642152e-10
21334.0 1.302061447e-10
21355.5 1.325270172e-10
21376.9 1.314491838e-10
21398.3 1.250959002e-10
21419.8 1.173698439e-10
21441.2 1.111111467e-10
21462.7 1.013412727e-10
21484.1 9.302612569e-11
21505.5 9.286288243e-11
21527.0 9.927043506e-11
21548.4 1.081400369e-10
21569.9 1.177727037e-10
21591.3 1.323888617e-10
21612.8 1.507162055e-10
21634.2 1.568427328e-10
21655.6 1.484216648e-10
21677.1 1.309265405e-10
21698.5 1.161379066e-10
21720.0 1.094065963e-10
21741.4 1.062990262e-10
21762.8 1.100909449e-10
21784.3 1.164967523e-10
21805.7 1.240744045e-10
21827.2 1.356872591e-10
21848.6 1.568591831e-10
21870.1 1.777054156e-10
21891.5 1.876588433e-10
21912.9 1.969041767e-10
21934.4 2.191186241e-10
21955.8 2.437730004e-10
21977.3 2.566859979e-10
21998.7 2.650427385e-10
22020.1 3.119273414e-10
22041.6 4.029731016e-10
22063.0 5.191931463e-10
22084.5 6.633034841e-10
22105.9 8.400587573e-10
22127.3 1.062803329e-09
22148.8 1.292984182e-09
22170.2 1.579291335e-09
22191.7 1.976578181e-09
22213.1 2.613000532e-09
22234.6 3.356639740e-09
22256.0 4.039023911e-09
22277.4 4.808169852e-09
22298.9 5.422698240e-09
22320.3 5.816302716e-09
22341.8 6.025432023e-09
22363.2 6.436505030e-09
22384.6 6.823038012e-09
22406.1 7.135698618e-09
22427.5 7.695331548e-09
22449.0 9.107051257e-09
22470.4 1.155101024e-08
22491.8 1.440742950e-08
22513.3 1.794437607e-08
22534.7 2.202312075e-08
22556.2 2.673023019e-08
22577.6 3.123072894e-08
22599.1 3.557027185e-08
22620.5 3.953368681e-08
22641.9 4.439197816e-08
22663.4 4.864705954e-08
22684.8 4.905205746e-08
22706.3 4.850814847e-08
22727.7 5.065321999e-08
22749.1 5.480144522e-08
22770.6 5.689071747e-08
22792.0 5.884195160e-08
22813.5 6.127282404e-08
22834.9 6.429077634e-08
22856.3 6.827653840e-08
22877.8 6.951979465e-08
22899.2 7.019418872e-08
22920.7 7.389799843e-08
22942.1 7.883729634e-08
22963.6 8.126120758e-08
22985.0 8.412892873e-08
23006.4 1.006420692e-07
23027.9 1.264423884e-07
23049.3 1.576970432e-07
23070.8 1.966947350e-07
23092.2 2.504345409e-07
23113.6 3.321834442e-07
23135.1 4.323970562e-07
23156.5 5.510703891e-07
23178.0 7.128482888e-07
23199.4 9.370754042e-07
23220.8 1.230125918e-06
23242.3 1.496428806e-06
23263.7 1.720872948e-06
23285.2 1.962071024e-06
23306.6 2.302466286e-06
23328.1 2.564410874e-06
23349.5 2.659658788e-06
23370.9 2.778239418e-06
23392.4 2.802156569e-06
23413.8 2.711952168e-06
23435.3 2.482994883e-06
23456.7 2.339444916e-06
23478.1 2.341470674e-06
23499.6 2.595931122e-06
23521.0 2.961380173e-06
23542.5 3.222447333e-06
23563.9 3.338091887e-06
23585.3 3.486571493e-06
23606.8 3.620659815e-06
23628.2 3.413140483e-06
23649.7 3.057972928e-06
23671.1 2.858181501e-06
23692.6 2.837888948e-06
23714.0 2.710273642e-06
23735.4 2.590896454e-06
23756.9 2.694477849e-06
23778.3 2.991379758e-06
23799.8 3.458593337e-06
23821.2 4.020565939e-06
23842.6 4.401023000e-06
23864.1 4.534699416e-06
23885.5 4.530978759e-06
23907.0 4.704331756e-06
23928.4 4.908531470e-06
23949.8 4.887283730e-06
23971.3 5.033248773e-06
23992.7 5.371658099e-06
24014.2 5.524984031e-06
24035.6 5.370319339e-06
24057.1 5.138514478e-06
24078.5 5.062157550e-06
24099.9 4.993305966e-06
24121.4 4.801493488e-06
24142.8 4.590202784e-06
24164.3 4.313258686e-06
24185.7 3.971175735e-06
24207.1 3.892606213e-06
24228.6 3.918277955e-06
24250.0 3.746387076e-06
24271.5 3.490875507e-06
24292.9 3.675525105e-06
24314.4 4.396571125e-06
24335.8 4.847717011e-06
24357.2 5.037130639e-06
24378.7 5.123585174e-06
24400.1 5.092344644e-06
24421.6 4.891755186e-06
24443.0 4.412293160e-06
24464.4 4.067467795e-06
24485.9 3.863863930e-06
24507.3 3.764921154e-06
24528.8 4.066608045e-06
24550.2 4.605737996e-06
24571.6 5.133203545e-06
24593.1 5.524475179e-06
24614.5 6.075801102e-06
24636.0 6.772468441e-06
24657.4 6.801083499e-06
24678.9 6.433628706e-06
24700.3 6.031020092e-06
24721.7 5.823706330e-06
24743.2 5.573536190e-06
24764.6 5.111995247e-06
24786.1 4.891571863e-06
24807.5 4.724282510e-06
24828.9 4.545190847e-06
24850.4 4.373406476e-06
24871.8 4.296303767e-06
24893.3 4.025488581e-06
24914.7 3.549905541e-06
24936.1 3.116109308e-06
24957.6 2.859165978e-06
24979.0 4.032886674e-06
25000.5 5.071620588e-06
25021.9 6.654367542e-06
25038.3 8.728218094e-06
25051.8 1.041859608e-05
25065.3 1.192106643e-05
25078.9 1.290436180e-05
25092.4 1.438751237e-05
25105.9 1.444665984e-05
25119.4 1.441032489e-05
25132.9 1.461476192e-05
25146.4 1.477082151e-05
25159.9 1.469716404e-05
25173.4 1.445859648e-05
25187.0 1.511938269e-05
25200.5 1.532194050e-05
25214.0 1.520569051e-05
25227.5 1.501444793e-05
25241.0 1.534592400e-05
25254.5 1.484542188e-05
25268.0 1.451094221e-05
25281.5 1.506029025e-05
25295.1 1.538267063e-05
25308.6 1.527851971e-05
25322.1 1.564730490e-05
25335.6 1.648455128e-05
25349.1 1.623525399e-05
25362.6 1.608100201e-05
25376.1 1.653768012e-05
25389.6 1.679801395e-05
25403.2 1.712198321e-05
25416.7 1.747391960e-05
25430.2 1.786006773e-05
25443.7 1.801087884e-05
25457.2 1.830079567e-05
25470.7 1.924279979e-05
25484.2 1.988265854e-05
25497.7 1.961972434e-05
25511.2 1.956594999e-05
25524.8 1.999001378e-05
25538.3 1.972727289e-05
25551.8 1.926086372e-05
25565.3 1.889066745e-05
25578.8 1.783863601e-05
25592.3 1.752835595e-05
25605.8 1.756242387e-05
25619.3 1.706489907e-05
25632.9 1.652064656e-05
25646.4 1.621246483e-05
25659.9 1.644185025e-05
25673.4 1.701628728e-05
25686.9 1.765655618e-05
25700.4 1.760407282e-05
25713.9 1.800981889e-05
25727.4 1.867873177e-05
25741.0 1.904887402e-05
25754.5 1.976494438e-05
25768.0 1.948694501e-05
25781.5 1.912700908e-05
25795.0 1.956839185e-05
25808.5 2.003606118e-05
25822.0 2.024817266e-05
25835.5 2.010612009e-05
25849.1 2.006973623e-05
25862.6 1.934736070e-05
25876.1 1.910856893e-05
25889.6 1.884080306e-05
25903.1 1.804273370e-05
25916.6 1.748021580e-05
25930.1 1.641828992e-05
25943.6 1.488096146e-05
25957.2 1.306262882e-05
25970.7 1.246172332e-05
25984.2 1.194993857e-05
25997.7 1.100800257e-05
26011.2 1.013868320e-05
26024.7 8.960819079e-06
26038.2 8.547536047e-06
26051.7 8.413603278e-06
26065.3 8.722088641e-06
26078.8 8.340913087e-06
26092.3 7.772539096e-06
26105.8 7.967348142e-06
26119.3 7.816121878e-06
26132.8 7.356167362e-06
26146.3 6.805672121e-06
26159.8 6.762096415e-06
26173.4 6.465760130e-06
26186.9 7.056135351e-06
26200.4 7.656051769e-06
26213.9 7.482290846e-06
26227.4 7.556523964e-06
26240.9 8.413869173e-06
26254.4 8.950091551e-06
26267.9 9.070925401e-06
26281.5 9.503728115e-06
26295.0 9.367532979e-06
26308.5 9.111825935e-06
26322.0 8.964445260e-06
26335.5 8.724450825e-06
26349.0 8.265025666e-06
26362.5 8.013783847e-06
26376.0 7.975933049e-06
26389.5 7.860263940e-06
26403.1 7.442628182e-06
26416.6 7.135133379e-06
26430.1 6.939500941e-06
26443.6 6.808388490e-06
26457.1 6.714418303e-06
26470.6 6.584188938e-06
26484.1 6.363454981e-06
26497.6 6.269093839e-06
26511.2 6.149143189e-06
26524.7 5.925796932e-06
26538.2 5.770621253e-06
26551.7 5.640559815e-06
26565.2 4.969945942e-06
26578.7 4.695823324e-06
26592.2 5.297536043e-06
26605.7 5.434226323e-06
26619.3 5.512988450e-06
26632.8 5.970500610e-06
26646.3 6.383486585e-06
26659.8 6.640169142e-06
26673.3 7.352095195e-06
26686.8 7.712845118e-06
26700.3 6.759900791e-06
26713.8 6.126171005e-06
26727.4 6.073923163e-06
26740.9 5.504227337e-06
26754.4 4.746695001e-06
26767.9 4.096357079e-06
26781.4 3.663248502e-06
26794.9 2.947766124e-06
26808.4 2.687125762e-06
26821.9 2.550386137e-06
26835.5 2.043264812e-06
26849.0 1.943736753e-06
26862.5 2.119131488e-06
26876.0 2.331844762e-06
26889.5 2.169201794e-06
26903.0 1.989993995e-06
26916.5 1.901565294e-06
26930.0 2.126323378e-06
26943.6 1.959964012e-06
26957.1 1.635381219e-06
26970.6 1.569129548e-06
26984.1 1.382089855e-06
26997.6 1.323625008e-06
27011.1 1.617124071e-06
27024.6 1.604514372e-06
27038.1 1.214889177e-06
27051.7 1.157094671e-06
27065.2 1.145614795e-06
27078.7 8.647980401e-07
27092.2 7.300306296e-07
27105.7 5.385182196e-07
27119.2 2.614480625e-07
27132.7 2.614149250e-07
27146.2 2.591858687e-07
27159.8 6.113137832e-07
27173.3 6.061499398e-07
27186.8 6.744339319e-07
27200.3 6.737864844e-07
27213.8 6.931624887e-07
27227.3 6.946273219e-07
27240.8 6.940750246e-07
27254.3 5.876956338e-07
27267.9 1.543168027e-07
27281.4 1.540325171e-07
27294.9 8.903510214e-08
27308.4 1.836168433e-07
27321.9 3.833154676e-07
27335.4 3.689237976e-07
27348.9 3.782471655e-07
27362.4 3.783437020e-07
27375.9 4.249313035e-07
27389.5 5.668242607e-07
27403.0 5.631447393e-07
27416.5 6.363388906e-07
27430.0 4.188930253e-07
27443.5 4.164426553e-07
27457.0 4.070101237e-07
27470.5 5.306723885e-07
27484.0 5.293852214e-07
27497.6 7.066648861e-07
27511.1 9.828736103e-07
27524.6 8.966629391e-07
27538.1 8.933402596e-07
27551.6 9.823305826e-07
27565.1 1.162493404e-06
27578.6 1.163929451e-06
27592.1 1.265830301e-06
27605.7 9.923450751e-07
27619.2 9.800472046e-07
27632.7 1.420358240e-06
27646.2 1.667632626e-06
27659.7 1.779909438e-06
27673.2 1.939385159e-06
27686.7 2.111549582e-06
27700.2 2.267415999e-06
27713.8 2.222888543e-06
27727.3 1.968418007e-06
27740.8 1.563402409e-06
27754.3 1.573655057e-06
27767.8 1.747092612e-06
27781.3 1.611937998e-06
27794.8 1.677311027e-06
27808.3 1.591155535e-06
27821.9 1.798152055e-06
27835.4 2.286774284e-06
27848.9 2.577543470e-06
27862.4 2.538838972e-06
27875.9 2.515419487e-06
27889.4 2.598483028e-06
27902.9 2.605253974e-06
27916.4 2.911677593e-06
27930.0 3.222896303e-06
27943.5 3.205259973e-06
27957.0 3.363896816e-06
27970.5 3.652298906e-06
27984.0 4.022870537e-06
27997.5 4.325153301e-06
28011.0 4.251610848e-06
28024.5 3.901839705e-06
28038.1 3.645484058e-06
28051.6 3.557039203e-06
28065.1 3.316369708e-06
28078.6 3.269252401e-06
28092.1 2.860770337e-06
28105.6 2.735397482e-06
28119.1 2.953996254e-06
28132.6 3.195737318e-06
28146.2 3.464076398e-06
28159.7 3.420506684e-06
28173.2 3.312882419e-06
28186.7 3.153596585e-06
28200.2 3.505867669e-06
28213.7 3.555923969e-06
28227.2 3.633179937e-06
28240.7 3.548690212e-06
28254.2 3.602293467e-06
28267.8 3.965471543e-06
28281.3 4.150292055e-06
28294.8 4.344888399e-06
28308.3 4.178637232e-06
28321.8 3.984610675e-06
28335.3 3.731456334e-06
28348.8 3.629412858e-06
28362.3 3.247189984e-06
28375.9 3.095576823e-06
28389.4 3.169405043e-06
28402.9 3.299222872e-06
28416.4 3.387498078e-06
28429.9 3.790565216e-06
28443.4 4.105822499e-06
28456.9 4.439482990e-06
28470.4 4.761020424e-06
28484.0 4.226842159e-06
28497.5 4.037882478e-06
28511.0 4.231883698e-06
28524.5 4.355377333e-06
28538.0 3.891412654e-06
28551.5 3.491506502e-06
28565.0 3.360940635e-06
28578.5 3.164594936e-06
28592.1 3.357058035e-06
28605.6 3.525485071e-06
28619.1 3.080290766e-06
28632.6 2.480940428e-06
28646.1 2.339241380e-06
28659.6 2.711430359e-06
28673.1 2.642124440e-06
28686.6 2.503192944e-06
28700.2 2.592879247e-06
28713.7 2.338493353e-06
28727.2 2.125614146e-06
28740.7 2.372324250e-06
28754.2 2.380148941e-06
28767.7 2.013065761e-06
28781.2 1.876728154e-06
28794.7 2.109303932e-06
28808.3 2.280744240e-06
28821.8 2.438771712e-06
28835.3 2.620348581e-06
28848.8 2.777871441e-06
28862.3 3.221933754e-06
28875.8 3.465872261e-06
28889.3 3.457538982e-06
28902.8 3.651936916e-06
28916.4 3.633238877e-06
28929.9 3.549895066e-06
28943.4 3.330347442e-06
28956.9 3.195739962e-06
28970.4 3.237999458e-06
28983.9 3.296505717e-06
28997.4 4.336409178e-06
29010.9 4.885775667e-06
29024.5 5.026162260e-06
29038.0 5.538625291e-06
29051.5 6.226004853e-06
29065.0 6.770047132e-06
29078.5 6.936107015e-06
29092.0 7.033811912e-06
29105.5 6.600072078e-06
29119.0 6.523305133e-06
29132.5 7.394363812e-06
29146.1 8.101963882e-06
29159.6 8.666407775e-06
29173.1 9.051069297e-06
29186.6 9.683510319e-06
29200.1 1.018073972e-05
29213.6 1.055983608e-05
29227.1 1.091085038e-05
29240.6 1.085503191e-05
29254.2 1.105277878e-05
29267.7 1.141712070e-05
29281.2 1.187223850e-05
29294.7 1.204140144e-05
29308.2 1.259028087e-05
29321.7 1.308759012e-05
29335.2 1.336889623e-05
29348.7 1.322629802e-05
29362.3 1.297000663e-05
29375.8 1.293264166e-05
29389.3 1.275723918e-05
29402.8 1.308907599e-05
29416.3 1.349619977e-05
29429.8 1.363671077e-05
29443.3 1.378848530e-05
29456.8 1.426777444e-05
29470.4 1.459868932e-05
29483.9 1.487644959e-05
29497.4 1.605203407e-05
29510.9 1.702509339e-05
29524.4 1.787030041e-05
29537.9 1.866833334e-05
29551.4 1.958949634e-05
29564.9 2.067000953e-05
29578.5 2.168763032e-05
29592.0 2.317647258e-05
29605.5 2.421391162e-05
29619.0 2.564429962e-05
29632.5 2.727039651e-05
29646.0 2.937169809e-05
29659.5 3.147517269e-05
29673.0 3.437642713e-05
29686.6 3.747685107e-05
29700.1 3.993702141e-05
29713.6 4.296963509e-05
29727.1 4.591175232e-05
29740.6 4.868235606e-05
29754.1 5.173077165e-05
29767.6 5.502630547e-05
29781.1 5.809495890e-05
29794.7 6.208509295e-05
29808.2 6.671648842e-05
29821.7 7.088320623e-05
29835.2 7.566632005e-05
29848.7 8.189070806e-05
29862.2 8.850654996e-05
29875.7 9.561033878e-05
29889.2 1.034735779e-04
29902.8 1.110396597e-04
29916.3 1.191696360e-04
29929.8 1.284687992e-04
29943.3 1.383925490e-04
29956.8 1.481820973e-04
29970.3 1.581910125e-04
29983.8 1.696537602e-04
29997.3 1.818880237e-04
30010.9 1.954388408e-04
30024.4 2.099149890e-04
30037.9 2.246709642e-04
30051.4 2.402067453e-04
30064.9 2.576232622e-04
30078.4 2.767375686e-04
30091.9 2.966505459e-04
30105.4 3.175200794e-04
30118.9 3.397981893e-04
30132.5 3.636439251e-04
30146.0 3.892813538e-04
30159.5 4.172078988e-04
30173.0 4.461210949e-04
30186.5 4.768564211e-04
30200.0 5.094533085e-04
30213.5 5.445271494e-04
30227.0 5.814423392e-04
30240.6 6.209849443e-04
30254.1 6.634215773e-04
30267.6 7.078471187e-04
30281.1 7.556750034e-04
30294.6 8.079328897e-04
30308.1 8.636519917e-04
30321.6 9.230551517e-04
30335.1 9.871472387e-04
30348.7 1.055706902e-03
30362.2 1.129298317e-03
30375.7 1.209870467e-03
30389.2 1.295757318e-03
30402.7 1.388055330e-03
30416.2 1.487915924e-03
30429.7 1.595608123e-03
30443.2 1.712695736e-03
30456.8 1.839270145e-03
30470.3 1.976553342e-03
30483.8 2.125847504e-03
30497.3 2.288464619e-03
30510.8 2.462595299e-03
30524.3 2.651945918e-03
30537.8 2.857874519e-03
30551.3 3.081780830e-03
30564.9 3.325752337e-03
30578.4 3.591242471e-03
30591.9 3.880455457e-03
30605.4 4.195578513e-03
30618.9 4.539086361e-03
30632.4 4.913801128e-03
30645.9 5.322644488e-03
30659.4 5.774550833e-03
30673.0 6.261863412e-03
30686.5 6.799088489e-03
30700.0 7.384080954e-03
30713.5 8.020725662e-03
30727.0 8.717613459e-03
30740.5 9.479762425e-03
30754.0 1.031378789e-02
30767.5 1.122603137e-02
30781.1 1.222473754e-02
30794.6 1.331754272e-02
30808.1 1.451318116e-02
30821.6 1.582076280e-02
30835.1 1.725108847e-02
30848.6 1.881528989e-02
30862.1 2.052568077e-02
30875.6 2.239447668e-02
30889.2 2.443448006e-02
30902.7 2.666085414e-02
30916.2 2.909008911e-02
30929.7 3.173846181e-02
30943.2 3.466398175e-02
30956.7 3.780594844e-02
30970.2 4.122121610e-02
30983.7 4.493227294e-02
30997.2 4.895904545e-02
31010.8 5.332191422e-02
31024.3 5.804220492e-02
31037.8 6.314202883e-02
31051.3 6.864432634e-02
31064.8 7.456981868e-02
31078.3 8.094101508e-02
31091.8 8.777521318e-02
31105.3 9.509133923e-02
31118.9 1.029064081e-01
31132.4 1.112326813e-01
31145.9 1.200808979e-01
31159.4 1.294515619e-01
31172.9 1.393502691e-01
31186.4 1.497646354e-01
31199.9 1.606901775e-01
31213.4 1.723078809e-01
31227.0 1.842025810e-01
31240.5 1.965335786e-01
31254.0 2.092602769e-01
31267.5 2.223464220e-01
31281.0 2.357328356e-01
31294.5 2.493784066e-01
31308.0 2.632142364e-01
31321.5 2.771831045e-01
31335.1 2.912160580e-01
31348.6 3.052379453e-01
31362.1 3.191891046e-01
31375.6 3.329705873e-01
31389.1 3.465276028e-01
31402.6 3.597670988e-01
31416.1 3.726278458e-01
31429.6 3.850378361e-01
31443.2 3.969200525e-01
31456.7 4.082288655e-01
31470.2 4.189051694e-01
31483.7 4.294127235e-01
31497.2 4.387334526e-01
31510.7 4.473381748e-01
31524.2 4.552231691e-01
31537.7 4.623791555e-01
31551.3 4.688389954e-01
31564.8 4.746158047e-01
31578.3 4.797497047e-01
31591.8 4.842784507e-01
31605.3 4.882358692e-01
31618.8 4.916783777e-01
31632.3 4.946454213e-01
31645.8 4.971987328e-01
31659.4 4.993772462e-01
31672.9 5.012303389e-01
31686.4 5.027989076e-01
31699.9 5.041194694e-01
31713.4 5.052315207e-01
31726.9 5.065876082e-01
31740.4 5.075671531e-01
31753.9 5.082441525e-01
31767.5 5.088212462e-01
31781.0 5.093243435e-01
31794.5 5.097667136e-01
31808.0 5.101687768e-01
31821.5 5.105341920e-01
31835.0 5.108736902e-01
31848.5 5.111905630e-01
31862.0 5.114962183e-01
31875.5 5.117944843e-01
31889.1 5.120829568e-01
31902.6 5.123600958e-01
31916.1 5.126317410e-01
31929.6 5.129041465e-01
31943.1 5.131748622e-01
31956.6 5.134439891e-01
31970.1 5.137148382e-01
31983.6 5.145757364e-01
31997.2 5.148315786e-01
32010.7 5.150886664e-01
32024.2 5.153361411e-01
32037.7 5.155789387e-01
32051.2 5.158114028e-01
32064.7 5.160395639e-01
32078.2 5.162540159e-01
32091.7 5.164617012e-01
32105.3 5.166589990e-01
32118.8 5.168545557e-01
32132.3 5.164627711e-01
32145.8 5.166474957e-01
32159.3 5.168256131e-01
32172.8 5.170043863e-01
32186.3 5.171885822e-01
32199.8 5.173744728e-01
32213.4 5.177687089e-01
32226.9 5.183590612e-01
32240.4 5.185463439e-01
32253.9 5.187345021e-01
32267.4 5.189314010e-01
32280.9 5.191247800e-01
32294.4 5.193212969e-01
32307.9 5.195152650e-01
32321.5 5.197169994e-01
32335.0 5.199225392e-01
32348.5 5.201356842e-01
32362.0 5.203491081e-01
32375.5 5.205681667e-01
32389.0 5.207949007e-01
32402.5 5.210262872e-01
32416.0 5.212656532e-01
32429.6 5.215038032e-01
32443.1 5.219348085e-01
32456.6 5.225981782e-01
32470.1 5.228351580e-01
32483.6 5.230619981e-01
32497.1 5.232903410e-01
32510.6 5.235121308e-01
32524.1 5.237308663e-01
32537.7 5.239446110e-01
32551.2 5.241591230e-01
32564.7 5.243757884e-01
32578.2 5.245913299e-01
32591.7 5.248094418e-01
32605.2 5.250189123e-01
32618.7 5.252249020e-01
32632.2 5.254222874e-01
32645.8 5.256220879e-01
32659.3 5.258129214e-01
32672.8 5.261632316e-01
32686.3 5.267852156e-01
32699.8 5.269563683e-01
32713.3 5.271284052e-01
32726.8 5.273047914e-01
32740.3 5.274870262e-01
32753.9 5.276686438e-01
32767.4 5.278560732e-01
32780.9 5.280397980e-01
32794.4 5.282342754e-01
32807.9 5.284319102e-01
32821.4 5.286410102e-01
32834.9 5.288533813e-01
32848.4 5.290722635e-01
32861.9 5.292993169e-01
32875.5 5.295358680e-01
32889.0 5.297879084e-01
32902.5 5.306733553e-01
32916.0 5.309503824e-01
32929.5 5.312332256e-01
32943.0 5.315357817e-01
32956.5 5.318465071e-01
32970.0 5.321683170e-01
32983.6 5.324983792e-01
32997.1 5.328362595e-01
33010.6 5.331857927e-01
33024.1 5.335413814e-01
33037.6 5.339097730e-01
33051.1 5.342810233e-01
33064.6 5.346680909e-01
33078.1 5.350635281e-01
33091.7 5.354747638e-01
33105.2 5.358942308e-01
33118.7 5.368694766e-01
33132.2 5.373921334e-01
33145.7 5.378350418e-01
33159.2 5.382849496e-01
33172.7 5.387308074e-01
33186.2 5.391793625e-01
33199.8 5.396219009e-01
33213.3 5.400664421e-01
33226.8 5.405075136e-01
33240.3 5.409435852e-01
33253.8 5.413782314e-01
33267.3 5.418044228e-01
33280.8 5.422316444e-01
33294.3 5.426527275e-01
33307.9 5.430759343e-01
33321.4 5.434913498e-01
33334.9 5.439012886e-01
33348.4 5.448424107e-01
33361.9 5.453429898e-01
33375.4 5.457397715e-01
33388.9 5.461248669e-01
33402.4 5.465069918e-01
33416.0 5.468768879e-01
33429.5 5.472431292e-01
33443.0 5.476022339e-01
33456.5 5.479535843e-01
33470.0 5.482989335e-01
33483.5 5.486329565e-01
33497.0 5.489689095e-01
33510.5 5.492963106e-01
33524.1 5.496211336e-01
33537.6 5.499379780e-01
33551.1 5.502496607e-01
33564.6 5.505592667e-01
33578.1 5.508646993e-01
33591.6 5.511705444e-01
33605.1 5.514657728e-01
33618.6 5.517621817e-01
33632.2 5.520538110e-01
33645.7 5.523451151e-01
33659.2 5.526374726e-01
33672.7 5.529257394e-01
33686.2 5.532169187e-01
33699.7 5.535059901e-01
33713.2 5.538017078e-01
33726.7 5.545159743e-01
33740.2 5.556688721e-01
33753.8 5.559675302e-01
33767.3 5.562646502e-01
33780.8 5.565688663e-01
33794.3 5.568721186e-01
33807.8 5.571830368e-01
33821.3 5.574944973e-01
33834.8 5.578086733e-01
33848.3 5.581251396e-01
33861.9 5.584391877e-01
33875.4 5.587580535e-01
33888.9 5.590698522e-01
33902.4 5.593785379e-01
33915.9 5.596780805e-01
33929.4 5.599689216e-01
33942.9 5.602514524e-01
33956.4 5.605205081e-01
33970.0 5.607842267e-01
33983.5 5.610326079e-01
33997.0 5.612732033e-01
34010.5 5.615043926e-01
34024.0 5.617254276e-01
34037.5 5.619418251e-01
34051.0 5.621484484e-01
34064.5 5.623527344e-01
34078.1 5.625465466e-01
34091.6 5.628371554e-01
34105.1 5.635737603e-01
34118.6 5.637427515e-01
34132.1 5.639067856e-01
34145.6 5.640589308e-01
34159.1 5.647857059e-01
34172.6 5.649809702e-01
34186.2 5.651139958e-01
34199.7 5.652427252e-01
34213.2 5.653626774e-01
34226.7 5.654814781e-01
34240.2 5.655924361e-01
34253.7 5.657017681e-01
34267.2 5.658108018e-01
34280.7 5.659188640e-01
34294.3 5.660321127e-01
34307.8 5.661397842e-01
34321.3 5.662426556e-01
34334.8 5.663333815e-01
34348.3 5.664145642e-01
34361.8 5.664914333e-01
34375.3 5.665570388e-01
34388.8 5.666185108e-01
34402.4 5.666722517e-01
34415.9 5.667252658e-01
34429.4 5.667825548e-01
34442.9 5.675079633e-01
34456.4 5.675790419e-01
34469.9 5.676520117e-01
34483.4 5.679482557e-01
34496.9 5.684467739e-01
34510.5 5.685266072e-01
34524.0 5.686141427e-01
34537.5 5.687038503e-01
34551.0 5.688016368e-01
34564.5 5.689030343e-01
34578.0 5.690065973e-01
34591.5 5.691171210e-01
34605.0 5.692282912e-01
34618.5 5.693450380e-01
34632.1 5.694639411e-01
34645.6 5.695858731e-01
34659.1 5.697121155e-01
34672.6 5.698378600e-01
34686.1 5.699685462e-01
34699.6 5.700997371e-01
34713.1 5.702333679e-01
34726.6 5.703705422e-01
34740.2 5.705077124e-01
34753.7 5.706518258e-01
34767.2 5.712793202e-01
34780.7 5.716176497e-01
34794.2 5.720413147e-01
34807.7 5.725666424e-01
34821.2 5.727244608e-01
34834.7 5.728807395e-01
34848.3 5.730351683e-01
34861.8 5.731877766e-01
34875.3 5.733344403e-01
34888.8 5.734804064e-01
34902.3 5.736211584e-01
34915.8 5.737581387e-01
34929.3 5.738927606e-01
34942.8 5.740208575e-01
34956.4 5.741468393e-01
34969.9 5.742661990e-01
34983.4 5.743818291e-01
34996.9 5.744973332e-01
35010.4 5.746151047e-01
35023.9 5.747338816e-01
35037.4 5.748478126e-01
35050.9 5.749567596e-01
35064.5 5.750626183e-01
35078.0 5.756995694e-01
35091.5 5.759382424e-01
35105.0 5.763638445e-01
35118.5 5.767894981e-01
35132.0 5.768855762e-01
35145.5 5.769695251e-01
35159.0 5.770489462e-01
35172.6 5.771237716e-01
35186.1 5.771941216e-01
35199.6 5.772566383e-01
35213.1 5.773026481e-01
35226.6 5.773381563e-01
35240.1 5.773584208e-01
35253.6 5.773746395e-01
35267.1 5.773932836e-01
35280.7 5.774092594e-01
35294.2 5.774240967e-01
35307.7 5.774396094e-01
35321.2 5.774552180e-01
35334.7 5.774721331e-01
35348.2 5.780418779e-01
35361.7 5.781784054e-01
35375.2 5.781950213e-01
35388.8 5.782105032e-01
35402.3 5.782274974e-01
35415.8 5.782454091e-01
35429.3 5.788663323e-01
35442.8 5.789369519e-01
35456.3 5.789645376e-01
35469.8 5.789961497e-01
35483.3 5.790296693e-01
35496.8 5.790642205e-01
35510.4 5.791267211e-01
35523.9 5.798197554e-01
35537.4 5.798666096e-01
35550.9 5.799170268e-01
35564.4 5.799704868e-01
35577.9 5.800293692e-01
35591.4 5.800927983e-01
35604.9 5.801609833e-01
35618.5 5.802336708e-01
35632.0 5.803080401e-01
35645.5 5.803856516e-01
35659.0 5.804671771e-01
35672.5 5.805534273e-01
35686.0 5.810522513e-01
35699.5 5.814166698e-01
35713.0 5.815168652e-01
35726.6 5.816200290e-01
35740.1 5.817242053e-01
35753.6 5.818313682e-01
35767.1 5.819404157e-01
35780.6 5.827002821e-01
35794.1 5.828113907e-01
35807.6 5.829236158e-01
35821.1 5.830376818e-01
35834.7 5.831537853e-01
35848.2 5.838272102e-01
35861.7 5.840712239e-01
35875.2 5.841896100e-01
35888.7 5.843193918e-01
35902.2 5.844571205e-01
35915.7 5.845950840e-01
35929.2 5.847334274e-01
35942.8 5.848724103e-01
35956.3 5.850115641e-01
35969.8 5.851516440e-01
35983.3 5.852943920e-01
35996.8 5.854400610e-01
36010.3 5.855854428e-01
36023.8 5.857297961e-01
36037.3 5.863734949e-01
36050.9 5.866980881e-01
36064.4 5.868416444e-01
36077.9 5.869862057e-01
36091.4 5.871311098e-01
36104.9 5.872752415e-01
36118.4 5.874189682e-01
36131.9 5.875629755e-01
36145.4 5.877067885e-01
36159.0 5.878502140e-01
36172.5 5.879944650e-01
36186.0 5.881377683e-01
36199.5 5.889034138e-01
36213.0 5.890801777e-01
36226.5 5.892254488e-01
36240.0 5.893728831e-01
36253.5 5.895205610e-01
36267.1 5.896692479e-01
36280.6 5.898175839e-01
36294.1 5.899641701e-01
36307.6 5.901105705e-01
36321.1 5.902566266e-01
36334.6 5.904003706e-01
36348.1 5.905440610e-01
36361.6 5.906889100e-01
36375.2 5.908332266e-01
36388.7 5.909783334e-01
36402.2 5.911234936e-01
36415.7 5.912683933e-01
36429.2 5.914127407e-01
36442.7 5.915557616e-01
36456.2 5.916982486e-01
36469.7 5.918387558e-01
36483.2 5.919782635e-01
36496.8 5.925836521e-01
36510.3 5.929448860e-01
36523.8 5.930811714e-01
36537.3 5.932166691e-01
36550.8 5.933491218e-01
36564.3 5.934792536e-01
36577.8 5.936082242e-01
36591.3 5.937322126e-01
36604.9 5.938522106e-01
36618.4 5.939706894e-01
36631.9 5.940871398e-01
36645.4 5.942024916e-01
36658.9 5.943151874e-01
36672.4 5.944240960e-01
36685.9 5.945298611e-01
36699.4 5.952578050e-01
36713.0 5.953926469e-01
36726.5 5.954866768e-01
36740.0 5.955758265e-01
36753.5 5.956619513e-01
36767.0 5.957445491e-01
36780.5 5.958239867e-01
36794.0 5.959027210e-01
36807.5 5.959783058e-01
36821.1 5.960523939e-01
36834.6 5.961262648e-01
36848.1 5.961956291e-01
36861.6 5.962615878e-01
36875.1 5.963265671e-01
36888.6 5.963888323e-01
36902.1 5.964510546e-01
36915.6 5.965146468e-01
36929.2 5.965755918e-01
36942.7 5.973281090e-01
36956.2 5.973890164e-01
36969.7 5.974489526e-01
36983.2 5.975095574e-01
36996.7 5.975686619e-01
37010.2 5.976244931e-01
37023.7 5.976797213e-01
37037.3 5.977348132e-01
37050.8 5.977916668e-01
37064.3 5.978514840e-01
37077.8 5.979118354e-01
37091.3 5.979737139e-01
37104.8 5.980376238e-01
37118.3 5.981021226e-01
37131.8 5.981685774e-01
37145.4 5.982348809e-01
37158.9 5.982988764e-01
37172.4 5.983635410e-01
37185.9 5.984287527e-01
37199.4 5.984948710e-01
37212.9 5.985640658e-01
37226.4 5.986338385e-01
37239.9 5.987039137e-01
37253.5 5.987759027e-01
37267.0 5.988473329e-01
37280.5 5.989187302e-01
37294.0 5.989903237e-01
37307.5 5.990594209e-01
37321.0 5.991279716e-01
37334.5 5.991961285e-01
37348.0 5.992611699e-01
37361.5 6.000196353e-01
37375.1 6.000811823e-01
37388.6 6.001368675e-01
37402.1 6.003280262e-01
37415.6 6.009030720e-01
37429.1 6.009413695e-01
37442.6 6.009741544e-01
37456.1 6.009998992e-01
37469.6 6.010178972e-01
37483.2 6.010310110e-01
37496.7 6.010377381e-01
37510.2 6.010377877e-01
37523.7 6.010321823e-01
37537.2 6.010177467e-01
37550.7 6.009943338e-01
37564.2 6.009628663e-01
37577.7 6.009206258e-01
37591.3 6.008686225e-01
37604.8 6.008076407e-01
37618.3 6.007353707e-01
37631.8 6.006546830e-01
37645.3 6.005675305e-01
37658.8 6.004716994e-01
37672.3 6.003693720e-01
37685.8 6.002609854e-01
37699.4 6.001433456e-01
37712.9 6.000180191e-01
37726.4 5.998854034e-01
37739.9 5.997433560e-01
37753.4 5.995946662e-01
37766.9 5.999211396e-01
37780.4 5.999756390e-01
37793.9 5.998138714e-01
37807.5 5.996503181e-01
37821.0 5.994835485e-01
37834.5 5.993169627e-01
37848.0 5.991506480e-01
37861.5 5.989823778e-01
37875.0 5.988146130e-01
37888.5 5.986467087e-01
37902.0 5.984781782e-01
37915.6 5.983144702e-01
37929.1 5.981563244e-01
37942.6 5.980036431e-01
37956.1 5.978607792e-01
37969.6 5.977250762e-01
37983.1 5.975950139e-01
37996.6 5.974753107e-01
38010.1 5.973634388e-01
38023.7 5.972585008e-01
38037.2 5.971650382e-01
38050.7 5.970806009e-01
38064.2 5.970055619e-01
38077.7 5.969464661e-01
38091.2 5.969021576e-01
38104.7 5.968716626e-01
38118.2 5.968580876e-01
38131.8 5.968572673e-01
38145.3 5.968684966e-01
38158.8 5.968945056e-01
38172.3 5.970883459e-01
38185.8 5.976647547e-01
38199.3 5.977204426e-01
38212.8 5.977859621e-01
38226.3 5.978620951e-01
38239.8 5.979517438e-01
38253.4 5.980511614e-01
38266.9 5.981592616e-01
38280.4 5.982773150e-01
38293.9 5.984003630e-01
38307.4 5.985262540e-01
38320.9 5.986560968e-01
38334.4 5.987848749e-01
38347.9 5.989111507e-01
38361.5 5.990360161e-01
38375.0 5.991560135e-01
38388.5 5.998347290e-01
38402.0 6.000448146e-01
38415.5 6.001458328e-01
38429.0 6.002345720e-01
38442.5 6.003127632e-01
38456.0 6.003767268e-01
38469.6 6.004245981e-01
38483.1 6.004557372e-01
38496.6 6.004645952e-01
38510.1 6.004493402e-01
38523.6 6.004135249e-01
38537.1 6.003546472e-01
38550.6 6.002698868e-01
38564.1 6.001608302e-01
38577.7 6.005535145e-01
38591.2 6.005460016e-01
38604.7 6.003463596e-01
38618.2 6.001132337e-01
38631.7 5.998444724e-01
38645.2 5.995429906e-01
38658.7 5.992078030e-01
38672.2 5.988367906e-01
38685.8 5.984348805e-01
38699.3 5.980031804e-01
38712.8 5.975392338e-01
38726.3 5.970463697e-01
38739.8 5.965232325e-01
38753.3 5.959657260e-01
38766.8 5.953772383e-01
38780.3 5.947598813e-01
38793.9 5.941119008e-01
38807.4 5.934369820e-01
38820.9 5.927377368e-01
38834.4 5.920146584e-01
38847.9 5.912724755e-01
38861.4 5.905158782e-01
38874.9 5.897433207e-01
38888.4 5.889560665e-01
38902.0 5.881581775e-01
38915.5 5.873467003e-01
38929.0 5.865231861e-01
38942.5 5.856925122e-01
38956.0 5.848516331e-01
38969.5 5.840011728e-01
38983.0 5.838191043e-01
38996.5 5.829578206e-01
39010.1 5.820917090e-01
39023.6 5.812240565e-01
39037.1 5.803525022e-01
39050.6 5.794733237e-01
39064.1 5.785885818e-01
39077.6 5.776958245e-01
39091.1 5.767886224e-01
39104.6 5.758668542e-01
39118.2 5.749267128e-01
39131.7 5.739610998e-01
39145.2 5.732978632e-01
39158.7 5.725791389e-01
39172.2 5.715129050e-01
39185.7 5.704007379e-01
39199.2 5.692360686e-01
39212.7 5.680072938e-01
39226.2 5.667029195e-01
39239.8 5.653152221e-01
39253.3 5.638303682e-01
39266.8 5.622354712e-01
39280.3 5.605196061e-01
39293.8 5.586647478e-01
39307.3 5.566558489e-01
39320.8 5.544802247e-01
39334.3 5.521214759e-01
39347.9 5.495621988e-01
39361.4 5.467886401e-01
39374.9 5.440907266e-01
39388.4 5.411543968e-01
39401.9 5.376366219e-01
39415.4 5.338430063e-01
39428.9 5.297500939e-01
39442.4 5.253455736e-01
39456.0 5.206171337e-01
39469.5 5.155514868e-01
39483.0 5.101396535e-01
39496.5 5.043760317e-01
39510.0 4.982532369e-01
39523.5 4.917670087e-01
39537.0 4.849253023e-01
39550.5 4.777258428e-01
39564.1 4.701671801e-01
39577.6 4.622581005e-01
39591.1 4.540071668e-01
39604.6 4.454254604e-01
39618.1 4.365289076e-01
39631.6 4.273359127e-01
39645.1 4.178645481e-01
39658.6 4.081402644e-01
39672.2 3.981907640e-01
39685.7 3.880329551e-01
39699.2 3.780794745e-01
39712.7 3.676120329e-01
39726.2 3.569857796e-01
39739.7 3.462636253e-01
39753.2 3.354752531e-01
39766.7 3.246495959e-01
39780.3 3.141775392e-01
39793.8 3.033571897e-01
39807.3 2.925846780e-01
39820.8 2.818850976e-01
39834.3 2.712844278e-01
39847.8 2.608063762e-01
39861.3 2.504723077e-01
39874.8 2.403025326e-01
39888.4 2.303164332e-01
39901.9 2.205325228e-01
39915.4 2.109664469e-01
39928.9 2.016322225e-01
39942.4 1.925404925e-01
39955.9 1.837012155e-01
39969.4 1.751230788e-01
39982.9 1.668123720e-01
39996.5 1.587732441e-01
40010.0 1.510068769e-01
40023.5 1.435197867e-01
40037.0 1.363131336e-01
40050.5 1.293865898e-01
40064.0 1.227379136e-01
40077.5 1.163637154e-01
40091.0 1.102606228e-01
40104.5 1.044251548e-01
40118.1 9.885088317e-02
40131.6 9.353201134e-02
40145.1 8.846303794e-02
40158.6 8.363666595e-02
40172.1 7.904534782e-02
40185.6 7.472990652e-02
40199.1 7.061868808e-02
40212.6 6.675474257e-02
40226.2 6.301643314e-02
40239.7 5.947524207e-02
40253.2 5.612163815e-02
40266.7 5.294758683e-02
40280.2 4.994580137e-02
40293.7 4.710863815e-02
40307.2 4.442781535e-02
40320.7 4.189638473e-02
40334.3 3.950630729e-02
40347.8 3.724953207e-02
40361.3 3.512063704e-02
40374.8 3.311379485e-02
40388.3 3.122215948e-02
40401.8 2.943872460e-02
40415.3 2.775836852e-02
40428.8 2.617507478e-02
40442.4 2.468373165e-02
40455.9 2.328037318e-02
40469.4 2.195952184e-02
40482.9 2.071536111e-02
40496.4 1.954320518e-02
40509.9 1.844025263e-02
40523.4 1.740185651e-02
40536.9 1.642446562e-02
40550.5 1.550527517e-02
40564.0 1.464039937e-02
40577.5 1.382585340e-02
40591.0 1.305877817e-02
40604.5 1.234353147e-02
40618.0 1.167045487e-02
40631.5 1.102918147e-02
40645.0 1.042549358e-02
40658.6 9.856781261e-03
40672.1 9.320627336e-03
40685.6 8.815978574e-03
40699.1 8.341303327e-03
40712.6 7.893623424e-03
40726.1 7.476903201e-03
40739.6 7.082508447e-03
40753.1 6.708127866e-03
40766.7 6.355522455e-03
40780.2 6.024130177e-03
40793.7 5.711673390e-03
40807.2 5.416318193e-03
40820.7 5.137805097e-03
40834.2 4.875414517e-03
40847.7 4.627564307e-03
40861.2 4.392714586e-03
40874.8 4.170530814e-03
40888.3 3.959786229e-03
40901.8 3.760474891e-03
40915.3 3.572664537e-03
40928.8 3.395910772e-03
40942.3 3.228869018e-03
40955.8 3.071334461e-03
40969.3 2.923128433e-03
40982.8 2.782836347e-03
40996.4 2.649864903e-03
41009.9 2.524221871e-03
41023.4 2.405631729e-03
41036.9 2.294573347e-03
41050.4 2.188332853e-03
41063.9 2.086897251e-03
41077.4 1.990577533e-03
41090.9 1.899120771e-03
41104.5 1.813273295e-03
41118.0 1.732275911e-03
41131.5 1.655002752e-03
41145.0 1.581734340e-03
41158.5 1.512264232e-03
41172.0 1.446098400e-03
41185.5 1.383806113e-03
41199.0 1.325064199e-03
41212.6 1.268338234e-03
41226.1 1.213916225e-03
41239.6 1.162034281e-03
41253.1 1.113108187e-03
41266.6 1.066284216e-03
41280.1 1.021439170e-03
41293.6 9.789945905e-04
41307.1 9.385649081e-04
41320.7 9.001318727e-04
41334.2 8.641079228e-04
41347.7 8.304130893e-04
41361.2 7.979178033e-04
41374.7 7.669141128e-04
41388.2 7.377753736e-04
41401.7 7.101047057e-04
41415.2 6.825364582e-04
41428.8 6.556047589e-04
41442.3 6.297063449e-04
41455.8 6.051892261e-04
41469.3 5.821449977e-04
41482.8 5.613713538e-04
41496.3 5.409466462e-04
41509.8 5.212389120e-04
41523.3 5.032270419e-04
41536.9 4.866339889e-04
41550.4 4.701274624e-04
41563.9 4.530562190e-04
41577.4 4.365830163e-04
41590.9 4.209550849e-04
41604.4 4.063455219e-04
41617.9 3.922690986e-04
41631.4 3.788324983e-04
41645.0 3.656899236e-04
41658.5 3.533330718e-04
41672.0 3.422262236e-04
41685.5 3.321438009e-04
41699.0 3.221670422e-04
41712.5 3.123453512e-04
41726.0 3.032026255e-04
41739.5 2.941742849e-04
41753.1 2.850419354e-04
41766.6 2.765527694e-04
41780.1 2.689305630e-04
41793.6 2.612284249e-04
41807.1 2.534541505e-04
41820.6 2.458260262e-04
41834.1 2.386266499e-04
41847.6 2.316122334e-04
41861.1 2.253566767e-04
41874.7 2.194908527e-04
41888.2 2.135775505e-04
41901.7 2.073756334e-04
41915.2 2.017700100e-04
41928.7 1.967425124e-04
41942.2 1.919767542e-04
41955.7 1.869280560e-04
41969.2 1.823431956e-04
41982.8 1.777783837e-04
41996.3 1.730125150e-04
42009.8 1.684996127e-04
42023.3 1.644282424e-04
42036.8 1.605791976e-04
42050.3 1.568304220e-04
42063.8 1.537162271e-04
42077.3 1.509498701e-04
42090.9 1.482620516e-04
42104.4 1.459116753e-04
42117.9 1.442648022e-04
42131.4 1.426353328e-04
42144.9 1.406153876e-04
42158.4 1.382260953e-04
42171.9 1.359672069e-04
42185.4 1.335824635e-04
42199.0 1.313789507e-04
42212.5 1.293244677e-04
42226.0 1.271145559e-04
42239.5 1.243703447e-04
42253.0 1.216706644e-04
42266.5 1.193365093e-04
42280.0 1.170913900e-04
42293.5 1.150003222e-04
42307.1 1.133584453e-04
42320.6 1.120903950e-04
42334.1 1.105866205e-04
42347.6 1.089452391e-04
42361.1 1.077899597e-04
42374.6 1.067528247e-04
42388.1 1.049533149e-04
42401.6 1.020243967e-04
42415.2 9.893250689e-05
42428.7 9.603811807e-05
42442.2 9.376089803e-05
42455.7 9.238467151e-05
42469.2 9.143388216e-05
42482.7 9.043313055e-05
42496.2 8.946144372e-05
42509.7 8.899782647e-05
42523.3 8.842295114e-05
42536.8 8.702973347e-05
42550.3 8.490115269e-05
42563.8 8.239909938e-05
42577.3 7.972114400e-05
42590.8 7.696509026e-05
42604.3 7.471316337e-05
42617.8 7.313958301e-05
42631.4 7.194678458e-05
42644.9 7.099712596e-05
42658.4 7.058314415e-05
42671.9 7.048086019e-05
42685.4 7.015796713e-05
42698.9 6.944453855e-05
42712.4 6.859147650e-05
42725.9 6.745756813e-05
42739.5 6.588403717e-05
42753.0 6.431573781e-05
42766.5 6.296766068e-05
42780.0 6.156182653e-05
42793.5 6.002474309e-05
42807.0 5.893182560e-05
42820.5 5.861251498e-05
42834.0 5.864892885e-05
42847.5 5.882798397e-05
42861.1 5.927407102e-05
42874.6 5.992013091e-05
42888.1 6.038167984e-05
42901.6 6.064960552e-05
42915.1 6.090532612e-05
42928.6 6.070611695e-05
42942.1 6.007197883e-05
42955.6 5.911317424e-05
42969.2 5.811632114e-05
42982.7 5.699293922e-05
42996.2 5.550473875e-05
43009.7 5.410787223e-05
43023.2 5.283463175e-05
43036.7 5.146677633e-05
43050.2 5.015993868e-05
43063.7 4.906306875e-05
43077.3 4.806855239e-05
43090.8 4.697131614e-05
43104.3 4.623225924e-05
43117.8 4.570244750e-05
43131.3 4.569442289e-05
43144.8 4.580054952e-05
43158.3 4.601041051e-05
43171.8 4.635277769e-05
43185.4 4.683162586e-05
43198.9 4.701434475e-05
43212.4 4.719116100e-05
43225.9 4.755824052e-05
43239.4 4.759260842e-05
43252.9 4.710436217e-05
43266.4 4.635173606e-05
43279.9 4.551346769e-05
43293.5 4.471580020e-05
43307.0 4.386464538e-05
43320.5 4.294179639e-05
43334.0 4.207415914e-05
43347.5 4.165436869e-05
43361.0 4.171803329e-05
43374.5 4.217092242e-05
43388.0 4.270752604e-05
43401.6 4.294258525e-05
43415.1 4.276785647e-05
43428.6 4.252286605e-05
43442.1 4.211486723e-05
43455.6 4.145304293e-05
43469.1 4.030525771e-05
43482.6 3.880938356e-05
43496.1 3.710422914e-05
43509.7 3.580372763e-05
43523.2 3.510914928e-05
43536.7 3.491588683e-05
43550.2 3.504706119e-05
43563.7 3.525678737e-05
43577.2 3.559069090e-05
43590.7 3.620296023e-05
43604.2 3.706954592e-05
43617.8 3.744423248e-05
43631.3 3.718785147e-05
43644.8 3.640403916e-05
43658.3 3.543488308e-05
43671.8 3.431739741e-05
43685.3 3.344285215e-05
43698.8 3.273183073e-05
43712.3 3.217139024e-05
43725.8 3.147942754e-05
43739.4 3.106938657e-05
43752.9 3.097834993e-05
43766.4 3.132236890e-05
43779.9 3.173689474e-05
43793.4 3.217828260e-05
43806.9 3.235663659e-05
43820.4 3.221846286e-05
43833.9 3.212664178e-05
43847.5 3.224303450e-05
43861.0 3.237975973e-05
43874.5 3.215967082e-05
43888.0 3.168531648e-05
43901.5 3.102821909e-05
43915.0 3.040861394e-05
43928.5 2.971773791e-05
43942.0 2.893946841e-05
43955.6 2.808423854e-05
43969.1 2.765637826e-05
43982.6 2.766816018e-05
43996.1 2.805047565e-05
44009.6 2.830085668e-05
44023.1 2.837853940e-05
44036.6 2.857651459e-05
44050.1 2.883970672e-05
44063.7 2.891810073e-05
44077.2 2.863905868e-05
44090.7 2.815135840e-05
44104.2 2.771752169e-05
44117.7 2.756863993e-05
44131.2 2.800020151e-05
44144.7 2.860866653e-05
44158.2 2.924770034e-05
44171.8 2.954259291e-05
44185.3 2.948106439e-05
44198.8 2.910096456e-05
44212.3 2.840165617e-05
44225.8 2.760722491e-05
44239.3 2.649067415e-05
44252.8 2.553063653e-05
44266.3 2.472160964e-05
44279.9 2.471626612e-05
44293.4 2.517631942e-05
44306.9 2.606710842e-05
44320.4 2.706512665e-05
44333.9 2.815628407e-05
44347.4 2.924295583e-05
44360.9 3.028205992e-05
44374.4 3.157035518e-05
44388.0 3.291194092e-05
44401.5 3.425755609e-05
44415.0 3.515916609e-05
44428.5 3.588843982e-05
44442.0 3.621174806e-05
44455.5 3.654909135e-05
44469.0 3.644762013e-05
44482.5 3.579994222e-05
44496.1 3.434084141e-05
44509.6 3.261874349e-05
44523.1 3.113749739e-05
44536.6 3.011057544e-05
44550.1 2.962797777e-05
44563.6 2.935910228e-05
44577.1 2.974664299e-05
44590.6 3.029158110e-05
44604.1 3.115563248e-05
44617.7 3.171054091e-05
44631.2 3.228837847e-05
44644.7 3.252640475e-05
44658.2 3.240712355e-05
44671.7 3.165318629e-05
44685.2 3.051608456e-05
44698.7 2.967562854e-05
44712.2 2.928623109e-05
44725.8 2.918572887e-05
44739.3 2.870063590e-05
44752.8 2.831944606e-05
44766.3 2.782259299e-05
44779.8 2.777289886e-05
44793.3 2.775615125e-05
44806.8 2.795069229e-05
44820.3 2.761817947e-05
44833.9 2.698041095e-05
44847.4 2.640813697e-05
44860.9 2.598668369e-05
44874.4 2.605577163e-05
44887.9 2.581991165e-05
44901.4 2.552973706e-05
44914.9 2.506801179e-05
44928.4 2.501172136e-05
44942.0 2.493862114e-05
44955.5 2.497688336e-05
44969.0 2.497758690e-05
44982.5 2.504328264e-05
44996.0 2.497309249e-05
45009.5 2.439532928e-05
45023.0 2.348864216e-05
45036.5 2.231847695e-05
45050.1 2.130551652e-05
45063.6 2.045305255e-05
45077.1 1.976018542e-05
45090.6 1.899281796e-05
45104.1 1.853624479e-05
45117.6 1.856431176e-05
45131.1 1.899887735e-05
45144.6 1.999455373e-05
45158.2 2.112692666e-05
45171.7 2.213819275e-05
45185.2 2.303890285e-05
45198.7 2.425121440e-05
45212.2 2.524558012e-05
45225.7 2.583824912e-05
45239.2 2.597017877e-05
45252.7 2.595770856e-05
45266.3 2.595398920e-05
45279.8 2.567858272e-05
45293.3 2.525585302e-05
45306.8 2.459102164e-05
45320.3 2.440604654e-05
45333.8 2.437860696e-05
45347.3 2.455509372e-05
45360.8 2.465143860e-05
45374.4 2.459621237e-05
45387.9 2.410521898e-05
45401.4 2.330081424e-05
45414.9 2.239092112e-05
45428.4 2.124742404e-05
45441.9 2.017984221e-05
45455.4 1.907250462e-05
45468.9 1.817043052e-05
45482.5 1.788429216e-05
45496.0 1.834368303e-05
45509.5 1.897581559e-05
45523.0 1.958081003e-05
45536.5 2.038272209e-05
45550.0 2.108225168e-05
45563.5 2.178464550e-05
45577.0 2.221260779e-05
45590.5 2.247647830e-05
45604.1 2.260410199e-05
45617.6 2.257843975e-05
45631.1 2.241019760e-05
45644.6 2.211464239e-05
45658.1 2.214835198e-05
45671.6 2.192414103e-05
45685.1 2.159759180e-05
45698.6 2.098419976e-05
45712.2 2.059677158e-05
45725.7 2.045412323e-05
45739.2 2.012701084e-05
45752.7 1.939183182e-05
45766.2 1.841032833e-05
45779.7 1.776649755e-05
45793.2 1.732537211e-05
45806.7 1.720639714e-05
45820.3 1.728059668e-05
45833.8 1.723415899e-05
45847.3 1.714474627e-05
45860.8 1.702881550e-05
45874.3 1.723100539e-05
45887.8 1.759582408e-05
45901.3 1.799888405e-05
45914.8 1.763514565e-05
45928.4 1.679304704e-05
45941.9 1.647936254e-05
45955.4 1.672694901e-05
45968.9 1.744679901e-05
45982.4 1.778697584e-05
45995.9 1.790062393e-05
46009.4 1.784451661e-05
46022.9 1.809538774e-05
46036.5 1.839080253e-05
46050.0 1.847163665e-05
46063.5 1.866520324e-05
46077.0 1.854840715e-05
46090.5 1.826909411e-05
46104.0 1.774887767e-05
46117.5 1.726196487e-05
46131.0 1.676763119e-05
46144.6 1.588387121e-05
46158.1 1.474909417e-05
46171.6 1.335898273e-05
46185.1 1.257160111e-05
46198.6 1.203853176e-05
46212.1 1.162492984e-05
46225.6 1.122873203e-05
46239.1 1.098287789e-05
46252.7 1.100664529e-05
46266.2 1.082166087e-05
46279.7 1.064304814e-05
46293.2 1.038190322e-05
46306.7 1.044028368e-05
46320.2 1.064967599e-05
46333.7 1.070758530e-05
46347.2 1.079479887e-05
46360.8 1.108037558e-05
46374.3 1.178961219e-05
46387.8 1.219116360e-05
46401.3 1.226175296e-05
46414.8 1.212189084e-05
46428.3 1.185278311e-05
46441.8 1.158605901e-05
46455.3 1.122528299e-05
46468.8 1.087977089e-05
46482.4 1.038048483e-05
46495.9 1.001880339e-05
46509.4 9.688858458e-06
46522.9 9.325489599e-06
46536.4 9.314342751e-06
46549.9 9.497074338e-06
46563.4 9.983912795e-06
46576.9 1.039597952e-05
46590.5 1.085755205e-05
46604.0 1.144378305e-05
46617.5 1.152830547e-05
46631.0 1.143970693e-05
46644.5 1.100456055e-05
46658.0 1.058089526e-05
46671.5 9.988476111e-06
46685.0 9.235826988e-06
46698.6 8.569130095e-06
46712.1 8.038361460e-06
46725.6 8.222802626e-06
46739.1 8.496756658e-06
46752.6 8.644762672e-06
46766.1 8.698884650e-06
46779.6 8.835147992e-06
46793.1 9.460268019e-06
46806.7 9.991260325e-06
46820.2 1.042629616e-05
46833.7 1.098143013e-05
46847.2 1.146702714e-05
46860.7 1.191639525e-05
46874.2 1.215125797e-05
46887.7 1.240454547e-05
46901.2 1.271564916e-05
46914.8 1.330457453e-05
46928.3 1.415578530e-05
46941.8 1.463741214e-05
46955.3 1.527726795e-05
46968.8 1.598886745e-05
46982.3 1.654051812e-05
46995.8 1.618807590e-05
47009.3 1.518218298e-05
47022.9 1.402745025e-05
47036.4 1.270148811e-05
47049.9 1.161615131e-05
47063.4 1.066716168e-05
47076.9 1.008856476e-05
47090.4 1.026813076e-05
47103.9 1.098117731e-05
47117.4 1.174822244e-05
47131.0 1.226292695e-05
47144.5 1.267651663e-05
47158.0 1.319079934e-05
47171.5 1.338773186e-05
47185.0 1.330640079e-05
47198.5 1.288599603e-05
47212.0 1.274264091e-05
47225.5 1.311614757e-05
47239.1 1.363971238e-05
47252.6 1.420657745e-05
47266.1 1.460173849e-05
47279.6 1.510945177e-05
47293.1 1.549802365e-05
47306.6 1.564277770e-05
47320.1 1.580973991e-05
47333.6 1.578663899e-05
47347.1 1.584419699e-05
47360.7 1.555117720e-05
47374.2 1.488624895e-05
47387.7 1.423009614e-05
47401.2 1.370849720e-05
47414.7 1.334412991e-05
47428.2 1.273262605e-05
47441.7 1.199322283e-05
47455.2 1.138784698e-05
47468.8 1.118778375e-05
47482.3 1.126537701e-05
47495.8 1.129551277e-05
47509.3 1.142648152e-05
47522.8 1.185295718e-05
47536.3 1.233876485e-05
47549.8 1.281130428e-05
47563.3 1.308129651e-05
47576.9 1.324357028e-05
47590.4 1.353664583e-05
47603.9 1.342142428e-05
47617.4 1.294760618e-05
47630.9 1.216748642e-05
47644.4 1.166118538e-05
47657.9 1.153778787e-05
47671.4 1.131990538e-05
47685.0 1.090677077e-05
47698.5 1.023263240e-05
47712.0 9.884976951e-06
47725.5 9.742214603e-06
47739.0 9.414656709e-06
47752.5 8.938576170e-06
47766.0 8.343824034e-06
47779.5 8.139403536e-06
47793.1 8.251406734e-06
47806.6 8.355482038e-06
47820.1 8.546798526e-06
47833.6 8.776313641e-06
47847.1 9.129433124e-06
47860.6 9.388926553e-06
47874.1 9.276868837e-06
47887.6 9.087615815e-06
47901.2 8.977213938e-06
47914.7 8.953142452e-06
47928.2 8.600689504e-06
47941.7 8.057158843e-06
47955.2 7.631648899e-06
47968.7 7.285952329e-06
47982.2 7.162888473e-06
47995.7 6.772418648e-06
48009.3 6.074223696e-06
48022.8 5.496163369e-06
48036.3 5.553977504e-06
48049.8 5.724017355e-06
48063.3 5.593292366e-06
48076.8 5.345064246e-06
48090.3 5.140322197e-06
48103.8 5.142238818e-06
48117.4 5.196556929e-06
48130.9 5.118978843e-06
48144.4 4.761658356e-06
48157.9 4.699476428e-06
48171.4 5.123102100e-06
48184.9 5.575597005e-06
48198.4 5.833821867e-06
48211.9 5.841394943e-06
48225.5 5.840615821e-06
48239.0 5.667967852e-06
48252.5 5.337301571e-06
48266.0 4.833550560e-06
48279.5 4.198529511e-06
48293.0 3.689482640e-06
48306.5 3.368565862e-06
48320.0 3.132922068e-06
48333.5 3.051367778e-06
48347.1 3.446352758e-06
48360.6 4.155757791e-06
48374.1 4.946970786e-06
48387.6 5.667255236e-06
48401.1 6.419919428e-06
48414.6 7.247413287e-06
48428.1 8.222189544e-06
48441.6 9.245852653e-06
48455.2 9.862665705e-06
48468.7 1.026586892e-05
48482.2 1.059694182e-05
48495.7 1.088096642e-05
48509.2 1.102226933e-05
48522.7 1.095980773e-05
48536.2 1.089448781e-05
48549.7 1.098089756e-05
48563.3 1.121772729e-05
48576.8 1.147808795e-05
48590.3 1.161486242e-05
48603.8 1.184163387e-05
48617.3 1.220947420e-05
48630.8 1.250247809e-05
48644.3 1.259408052e-05
48657.8 1.233713896e-05
48671.4 1.207515612e-05
48684.9 1.192470961e-05
48698.4 1.166313852e-05
48711.9 1.121407850e-05
48725.4 1.070451296e-05
48738.9 1.049198347e-05
48752.4 1.067465377e-05
48765.9 1.074488721e-05
48779.5 1.060175454e-05
48793.0 1.020733912e-05
48806.5 1.000035952e-05
48820.0 1.010862482e-05
48833.5 1.015385200e-05
48847.0 9.917990486e-06
48860.5 9.438428459e-06
48874.0 9.226403707e-06
48887.6 9.324677941e-06
48901.1 9.415254893e-06
48914.6 9.440292015e-06
48928.1 9.357139745e-06
48941.6 9.379872257e-06
48955.1 9.506315603e-06
48968.6 9.397453530e-06
48982.1 9.124361751e-06
48995.7 8.786104275e-06
49009.2 8.901728804e-06
49022.7 9.009385570e-06
49036.2 8.924663349e-06
49049.7 8.581204532e-06
49063.2 8.301166661e-06
49076.7 8.532446583e-06
49090.2 8.759679774e-06
49103.8 8.820207139e-06
49117.3 8.295196637e-06
49130.8 7.781480521e-06
49144.3 7.404672983e-06
49157.8 7.263537092e-06
49171.3 7.165865753e-06
49184.8 6.748985775e-06
49198.3 6.423141448e-06
49211.8 6.266873158e-06
49225.4 6.464609283e-06
49238.9 6.655669195e-06
49252.4 6.853100990e-06
49265.9 7.017903242e-06
49279.4 7.327186557e-06
49292.9 7.683896362e-06
49306.4 7.944610017e-06
49319.9 8.016138474e-06
49333.5 7.874208268e-06
49347.0 7.782826693e-06
49360.5 7.891096635e-06
49374.0 7.772486079e-06
49387.5 7.319257832e-06
49401.0 6.935164017e-06
49414.5 6.801645116e-06
49428.0 6.967127301e-06
49441.6 6.964492416e-06
49455.1 6.933962068e-06
49468.6 6.637835102e-06
49482.1 6.668290697e-06
49495.6 6.858770473e-06
49509.1 6.598731344e-06
49522.6 6.088449603e-06
49536.1 5.454174779e-06
49549.7 5.195692095e-06
49563.2 5.065289732e-06
49576.7 5.082726693e-06
49590.2 4.942903845e-06
49603.7 4.757370846e-06
49617.2 5.018728652e-06
49630.7 5.451286333e-06
49644.2 5.860770345e-06
49657.8 5.937149590e-06
49671.3 5.797514433e-06
49684.8 5.556522184e-06
49698.3 5.373440051e-06
49711.8 5.238558232e-06
49725.3 4.988640092e-06
49738.8 4.653923864e-06
49752.3 4.402184807e-06
49765.9 4.457676348e-06
49779.4 4.508898909e-06
49792.9 4.116992587e-06
49806.4 3.652626171e-06
49819.9 3.163720319e-06
49833.4 2.758992337e-06
49846.9 2.307355926e-06
49860.4 1.909170627e-06
49874.0 1.533277494e-06
49887.5 1.438864860e-06
49901.0 1.927545628e-06
49914.5 2.531318896e-06
49928.0 3.094848041e-06
49941.5 3.456515941e-06
49955.0 3.890807062e-06
49968.5 4.137299803e-06
49982.1 4.238990632e-06
49995.6 4.093795883e-06
50009.1 3.859745591e-06
50022.6 3.686279274e-06
50036.1 3.555794821e-06
50049.6 3.736117086e-06
50063.1 3.773560126e-06
50076.6 3.711647437e-06
50090.1 3.604912629e-06
50103.7 3.685539533e-06
50117.2 3.818160613e-06
50130.7 3.661577709e-06
50144.2 3.407390365e-06
50157.7 2.957654999e-06
50171.2 2.642943332e-06
50184.7 2.470980002e-06
50198.2 2.422711864e-06
50211.8 2.123883042e-06
50225.3 1.850177592e-06
50238.8 1.907421636e-06
50252.3 2.079957318e-06
50265.8 2.101231032e-06
50279.3 1.835781575e-06
50292.8 1.556515359e-06
50306.3 1.287395859e-06
50319.9 1.399821846e-06
50333.4 1.492842240e-06
50346.9 1.627434722e-06
50360.4 1.706935489e-06
50373.9 1.903427599e-06
50387.4 2.301769579e-06
50400.9 2.615383671e-06
50414.4 2.866541130e-06
50428.0 2.901735531e-06
50441.5 2.890624402e-06
50455.0 2.709325608e-06
50468.5 2.521835120e-06
50482.0 2.197553818e-06
50495.5 1.804065733e-06
50509.0 1.486410135e-06
50522.5 1.226464482e-06
50536.1 9.891601508e-07
50549.6 7.297667821e-07
50563.1 4.434621226e-07
50576.6 1.607477929e-07
50590.1 2.711745650e-08
50603.6 8.246194912e-09
50617.1 4.916393237e-08
50630.6 4.979983491e-08
50644.2 4.966986886e-08
50657.7 4.953953320e-08
50671.2 4.940881505e-08
50684.7 4.927770073e-08
50698.2 4.913821377e-08
50711.7 4.522386487e-08
50725.2 4.654665201e-09
50738.7 3.883575953e-09
50752.3 3.876009947e-09
50765.8 3.933546172e-09
50779.3 9.421606241e-09
50792.8 7.098423339e-08
50806.3 1.314182207e-07
50819.8 2.174895703e-07
50833.3 3.078769375e-07
50846.8 3.714053497e-07
50860.4 4.051867961e-07
50873.9 4.497652305e-07
50887.4 5.189950472e-07
50900.9 4.603203321e-07
50914.4 4.002576874e-07
50927.9 3.195805414e-07
50941.4 3.567380364e-07
50954.9 5.038215463e-07
50968.4 7.429386388e-07
50982.0 9.365431779e-07
50995.5 9.143829920e-07
