13845.7 0.000000000e+00
13861.8 0.000000000e+00
13877.8 0.000000000e+00
13893.9 0.000000000e+00
13910.0 0.000000000e+00
13926.1 0.000000000e+00
13942.2 0.000000000e+00
13958.2 0.000000000e+00
13974.3 0.000000000e+00
13990.4 0.000000000e+00
14006.5 0.000000000e+00
14022.6 0.000000000e+00
14038.6 0.000000000e+00
14054.7 0.000000000e+00
14070.8 0.000000000e+00
14086.9 0.000000000e+00
14103.0 0.000000000e+00
14119.0 0.000000000e+00
14135.1 0.000000000e+00
14151.2 0.000000000e+00
14167.3 0.000000000e+00
14183.4 0.000000000e+00
14199.5 0.000000000e+00
14215.5 0.000000000e+00
14231.6 0.000000000e+00
14247.7 0.000000000e+00
14263.8 0.000000000e+00
14279.9 0.000000000e+00
14295.9 0.000000000e+00
14312.0 0.000000000e+00
14328.1 0.000000000e+00
14344.2 0.000000000e+00
14360.3 0.000000000e+00
14376.3 0.000000000e+00
14392.4 0.000000000e+00
14408.5 0.000000000e+00
14424.6 0.000000000e+00
14440.7 0.000000000e+00
14456.7 0.000000000e+00
14472.8 0.000000000e+00
14488.9 0.000000000e+00
14505.0 0.000000000e+00
14521.1 0.000000000e+00
14537.2 0.000000000e+00
14553.2 0.000000000e+00
14569.3 0.000000000e+00
14585.4 0.000000000e+00
14601.5 0.000000000e+00
14617.6 0.000000000e+00
14633.6 0.000000000e+00
14649.7 0.000000000e+00
14665.8 0.000000000e+00
14681.9 0.000000000e+00
14698.0 0.000000000e+00
14714.0 0.000000000e+00
14730.1 0.000000000e+00
14746.2 0.000000000e+00
14762.3 0.000000000e+00
14778.4 0.000000000e+00
14794.4 0.000000000e+00
14810.5 0.000000000e+00
14826.6 0.000000000e+00
14842.7 0.000000000e+00
14858.8 0.000000000e+00
14874.9 0.000000000e+00
14890.9 0.000000000e+00
14907.0 0.000000000e+00
14923.1 0.000000000e+00
14939.2 0.000000000e+00
14955.3 0.000000000e+00
14971.3 0.000000000e+00
14987.4 0.000000000e+00
15003.5 0.000000000e+00
15019.6 0.000000000e+00
15035.7 0.000000000e+00
15051.7 0.000000000e+00
15067.8 0.000000000e+00
15083.9 0.000000000e+00
15100.0 0.000000000e+00
15116.1 0.000000000e+00
15132.1 0.000000000e+00
15148.2 0.000000000e+00
15164.3 0.000000000e+00
15180.4 0.000000000e+00
15196.5 0.000000000e+00
15212.5 0.000000000e+00
15228.6 0.000000000e+00
15244.7 0.000000000e+00
15260.8 0.000000000e+00
15276.9 0.000000000e+00
15293.0 0.000000000e+00
15309.0 0.000000000e+00
15325.1 0.000000000e+00
15341.2 0.000000000e+00
15357.3 0.000000000e+00
15373.4 0.000000000e+00
15389.4 0.000000000e+00
15405.5 0.000000000e+00
15421.6 0.000000000e+00
15437.7 0.000000000e+00
15453.8 0.000000000e+00
15469.8 0.000000000e+00
15485.9 0.000000000e+00
15502.0 0.000000000e+00
15518.1 0.000000000e+00
15534.2 0.000000000e+00
15550.2 0.000000000e+00
15566.3 0.000000000e+00
15582.4 0.000000000e+00
15598.5 0.000000000e+00
15614.6 0.000000000e+00
15630.7 0.000000000e+00
15646.7 0.000000000e+00
15662.8 0.000000000e+00
15678.9 0.000000000e+00
15695.0 0.000000000e+00
15711.1 0.000000000e+00
15727.1 0.000000000e+00
15743.2 0.000000000e+00
15759.3 0.000000000e+00
15775.4 0.000000000e+00
15791.5 0.000000000e+00
15807.5 0.000000000e+00
15823.6 0.000000000e+00
15839.7 0.000000000e+00
15855.8 0.000000000e+00
15871.9 0.000000000e+00
15887.9 0.000000000e+00
15904.0 0.000000000e+00
15920.1 0.000000000e+00
15936.2 0.000000000e+00
15952.3 0.000000000e+00
15968.4 0.000000000e+00
15984.4 0.000000000e+00
16000.5 0.000000000e+00
16016.6 0.000000000e+00
16032.7 0.000000000e+00
16048.8 0.000000000e+00
16064.8 0.000000000e+00
16080.9 0.000000000e+00
16097.0 0.000000000e+00
16113.1 0.000000000e+00
16129.2 0.000000000e+00
16145.2 0.000000000e+00
16161.3 0.000000000e+00
16177.4 0.000000000e+00
16193.5 0.000000000e+00
16209.6 0.000000000e+00
16225.6 0.000000000e+00
16241.7 0.000000000e+00
16257.8 0.000000000e+00
16273.9 0.000000000e+00
16290.0 0.000000000e+00
16306.1 0.000000000e+00
16322.1 0.000000000e+00
16338.2 0.000000000e+00
16354.3 0.000000000e+00
16370.4 0.000000000e+00
16386.5 0.000000000e+00
16402.5 0.000000000e+00
16418.6 0.000000000e+00
16434.7 0.000000000e+00
16450.8 0.000000000e+00
16466.9 0.000000000e+00
16482.9 0.000000000e+00
16499.0 0.000000000e+00
16515.1 0.000000000e+00
16531.2 0.000000000e+00
16547.3 0.000000000e+00
16563.3 0.000000000e+00
16579.4 0.000000000e+00
16595.5 0.000000000e+00
16611.6 0.000000000e+00
16627.7 0.000000000e+00
16643.8 0.000000000e+00
16659.8 0.000000000e+00
16675.9 0.000000000e+00
16692.0 0.000000000e+00
16708.1 0.000000000e+00
16724.2 0.000000000e+00
16740.2 0.000000000e+00
16756.3 0.000000000e+00
16772.4 0.000000000e+00
16788.5 0.000000000e+00
16804.6 0.000000000e+00
16820.6 0.000000000e+00
16836.7 0.000000000e+00
16852.8 0.000000000e+00
16868.9 0.000000000e+00
16885.0 0.000000000e+00
16901.0 0.000000000e+00
16917.1 0.000000000e+00
16933.2 0.000000000e+00
16949.3 0.000000000e+00
16965.4 0.000000000e+00
16981.5 0.000000000e+00
16997.5 0.000000000e+00
17013.6 0.000000000e+00
17029.7 0.000000000e+00
17045.8 0.000000000e+00
17061.9 0.000000000e+00
17077.9 0.000000000e+00
17094.0 0.000000000e+00
17110.1 0.000000000e+00
17126.2 0.000000000e+00
17142.3 0.000000000e+00
17158.3 0.000000000e+00
17174.4 0.000000000e+00
17190.5 0.000000000e+00
17206.6 0.000000000e+00
17222.7 0.000000000e+00
17238.7 0.000000000e+00
17254.8 0.000000000e+00
17270.9 0.000000000e+00
17287.0 0.000000000e+00
17303.1 0.000000000e+00
17319.2 0.000000000e+00
17335.2 0.000000000e+00
17351.3 0.000000000e+00
17367.4 0.000000000e+00
17383.5 0.000000000e+00
17399.6 0.000000000e+00
17415.6 0.000000000e+00
17431.7 0.000000000e+00
17447.8 0.000000000e+00
17463.9 0.000000000e+00
17480.0 0.000000000e+00
17496.0 0.000000000e+00
17512.1 0.000000000e+00
17528.2 0.000000000e+00
17544.3 0.000000000e+00
17560.4 0.000000000e+00
17576.4 0.000000000e+00
17592.5 0.000000000e+00
17608.6 0.000000000e+00
17624.7 0.000000000e+00
17640.8 0.000000000e+00
17656.8 0.000000000e+00
17672.9 0.000000000e+00
17689.0 0.000000000e+00
17705.1 0.000000000e+00
17721.2 0.000000000e+00
17737.3 0.000000000e+00
17753.3 0.000000000e+00
17769.4 0.000000000e+00
17785.5 0.000000000e+00
17801.6 0.000000000e+00
17817.7 0.000000000e+00
17833.7 0.000000000e+00
17849.8 0.000000000e+00
17865.9 0.000000000e+00
17882.0 0.000000000e+00
17898.1 0.000000000e+00
17914.1 0.000000000e+00
17930.2 0.000000000e+00
17946.3 0.000000000e+00
17962.4 0.000000000e+00
17978.5 0.000000000e+00
17994.5 0.000000000e+00
18010.6 0.000000000e+00
18026.7 0.000000000e+00
18042.8 0.000000000e+00
18058.9 0.000000000e+00
18075.0 0.000000000e+00
18091.0 0.000000000e+00
18107.1 0.000000000e+00
18123.2 0.000000000e+00
18139.3 0.000000000e+00
18155.4 0.000000000e+00
18171.4 0.000000000e+00
18187.5 0.000000000e+00
18203.6 0.000000000e+00
18219.7 0.000000000e+00
18235.8 0.000000000e+00
18251.8 0.000000000e+00
18267.9 0.000000000e+00
18284.0 0.000000000e+00
18300.1 0.000000000e+00
18316.2 0.000000000e+00
18332.2 0.000000000e+00
18348.3 0.000000000e+00
18364.4 0.000000000e+00
18380.5 0.000000000e+00
18396.6 0.000000000e+00
18412.7 0.000000000e+00
18428.7 0.000000000e+00
18444.8 0.000000000e+00
18460.9 0.000000000e+00
18477.0 0.000000000e+00
18493.1 0.000000000e+00
18509.1 0.000000000e+00
18525.2 0.000000000e+00
18541.3 0.000000000e+00
18557.4 0.000000000e+00
18573.5 0.000000000e+00
18589.5 0.000000000e+00
18605.6 0.000000000e+00
18621.7 0.000000000e+00
18637.8 0.000000000e+00
18653.9 0.000000000e+00
18669.9 0.000000000e+00
18686.0 0.000000000e+00
18702.1 0.000000000e+00
18718.2 0.000000000e+00
18734.3 0.000000000e+00
18750.4 0.000000000e+00
18766.4 0.000000000e+00
18782.5 0.000000000e+00
18798.6 0.000000000e+00
18814.7 0.000000000e+00
18830.8 0.000000000e+00
18846.8 0.000000000e+00
18862.9 0.000000000e+00
18879.0 0.000000000e+00
18895.1 0.000000000e+00
18911.2 0.000000000e+00
18927.2 0.000000000e+00
18943.3 0.000000000e+00
18959.4 0.000000000e+00
18975.5 0.000000000e+00
18991.6 0.000000000e+00
19007.6 0.000000000e+00
19023.7 0.000000000e+00
19039.8 0.000000000e+00
19055.9 0.000000000e+00
19072.0 0.000000000e+00
19088.1 0.000000000e+00
19104.1 0.000000000e+00
19120.2 0.000000000e+00
19136.3 0.000000000e+00
19152.4 0.000000000e+00
19168.5 0.000000000e+00
19184.5 0.000000000e+00
19200.6 0.000000000e+00
19216.7 0.000000000e+00
19232.8 0.000000000e+00
19248.9 0.000000000e+00
19264.9 0.000000000e+00
19281.0 0.000000000e+00
19297.1 0.000000000e+00
19313.2 0.000000000e+00
19329.3 0.000000000e+00
19345.3 0.000000000e+00
19361.4 0.000000000e+00
19377.5 0.000000000e+00
19393.6 0.000000000e+00
19409.7 0.000000000e+00
19425.8 0.000000000e+00
19441.8 0.000000000e+00
19457.9 0.000000000e+00
19474.0 0.000000000e+00
19490.1 0.000000000e+00
19506.2 0.000000000e+00
19522.2 0.000000000e+00
19538.3 0.000000000e+00
19554.4 0.000000000e+00
19570.5 0.000000000e+00
19586.6 0.000000000e+00
19602.6 0.000000000e+00
19618.7 0.000000000e+00
19634.8 0.000000000e+00
19650.9 0.000000000e+00
19667.0 0.000000000e+00
19683.0 0.000000000e+00
19699.1 0.000000000e+00
19715.2 0.000000000e+00
19731.3 0.000000000e+00
19747.4 0.000000000e+00
19763.5 0.000000000e+00
19779.5 0.000000000e+00
19795.6 0.000000000e+00
19811.7 0.000000000e+00
19827.8 0.000000000e+00
19843.9 0.000000000e+00
19859.9 0.000000000e+00
19876.0 0.000000000e+00
19892.1 0.000000000e+00
19908.2 0.000000000e+00
19924.3 0.000000000e+00
19940.3 0.000000000e+00
19956.4 0.000000000e+00
19972.5 0.000000000e+00
19988.6 0.000000000e+00
20004.7 3.029675345e-10
20020.7 2.741616467e-10
20036.8 2.496178840e-10
20052.9 2.287547697e-10
20069.0 2.106362031e-10
20085.1 1.962651043e-10
20101.1 1.833274200e-10
20117.2 1.708252493e-10
20133.3 1.609731478e-10
20149.4 1.527642745e-10
20165.5 1.437344002e-10
20181.6 1.374335008e-10
20197.6 1.304192349e-10
20213.7 1.256020193e-10
20229.8 1.211739643e-10
20245.9 1.155544544e-10
20262.0 1.118321972e-10
20278.0 1.084886640e-10
20294.1 1.056210261e-10
20310.2 1.032338221e-10
20326.3 1.010515195e-10
20342.4 9.792114109e-11
20358.4 9.645525860e-11
20374.5 9.542044263e-11
20390.6 9.488189056e-11
20406.7 9.560088319e-11
20422.8 9.560468989e-11
20438.8 9.598363890e-11
20454.9 9.698013853e-11
20471.0 9.845347897e-11
20487.1 1.008754040e-10
20503.2 1.032875194e-10
20519.3 1.054849977e-10
20535.3 1.091438251e-10
20551.4 1.123512538e-10
20567.5 1.170366177e-10
20583.6 1.225767926e-10
20599.7 1.302022356e-10
20615.7 1.380684916e-10
20631.8 1.463547294e-10
20647.9 1.557678843e-10
20664.0 1.664517138e-10
20680.1 1.788329378e-10
20696.1 1.928085033e-10
20712.2 2.083479962e-10
20728.3 2.275418771e-10
20744.4 2.473777617e-10
20760.5 2.717717565e-10
20776.5 2.975699913e-10
20792.6 3.282327681e-10
20808.7 3.638858379e-10
20824.8 4.040588400e-10
20840.9 4.534013106e-10
20857.0 5.111450525e-10
20873.0 5.788431674e-10
20889.1 6.608682765e-10
20905.2 7.587421557e-10
20921.3 8.738987090e-10
20937.4 1.012511784e-09
20953.4 1.178173802e-09
20969.5 1.365085585e-09
20985.6 1.596356826e-09
21001.7 1.880315879e-09
21017.8 2.189613719e-09
21033.8 2.551392447e-09
21049.9 2.965821154e-09
21066.0 3.410074261e-09
21082.1 3.900226291e-09
21098.2 4.399343387e-09
21114.2 4.872529760e-09
21130.3 5.257201833e-09
21146.4 5.539599055e-09
21162.5 5.783540948e-09
21178.6 5.886008528e-09
21194.7 5.952400661e-09
21210.7 5.939746590e-09
21226.8 5.872270752e-09
21242.9 5.741139445e-09
21259.0 5.613656548e-09
21275.1 5.483474917e-09
21291.1 5.349324739e-09
21307.2 5.239953059e-09
21323.3 5.118685044e-09
21339.4 4.981005328e-09
21355.5 4.857937553e-09
21371.5 4.751160351e-09
21387.6 4.647867276e-09
21403.7 4.515479836e-09
21419.8 4.381220342e-09
21435.9 4.227465737e-09
21451.9 4.073922480e-09
21468.0 3.917649717e-09
21484.1 3.763480960e-09
21500.2 3.610117004e-09
21516.3 3.446569719e-09
21532.4 3.294848222e-09
21548.4 3.115688533e-09
21564.5 2.959056290e-09
21580.6 2.760358297e-09
21596.7 2.582516949e-09
21612.8 2.404496230e-09
21628.8 2.226688315e-09
21644.9 2.062809658e-09
21661.0 1.904142328e-09
21677.1 1.763554635e-09
21693.2 1.645422518e-09
21709.2 1.536712970e-09
21725.3 1.423719501e-09
21741.4 1.320233751e-09
21757.5 1.213331080e-09
21773.6 1.110287670e-09
21789.6 1.024696607e-09
21805.7 9.609812007e-10
21821.8 9.052564273e-10
21837.9 8.410744072e-10
21854.0 7.875259310e-10
21870.1 7.688607374e-10
21886.1 7.627131655e-10
21902.2 7.256742454e-10
21918.3 6.714024256e-10
21934.4 6.264077368e-10
21950.5 6.132633324e-10
21966.5 6.334256612e-10
21982.6 7.013447805e-10
21998.7 7.909025514e-10
22014.8 8.416918783e-10
22030.9 8.681376765e-10
22046.9 9.887216395e-10
22063.0 1.097926741e-09
22079.1 1.235566411e-09
22095.2 1.277567971e-09
22111.3 1.349715281e-09
22127.3 1.420170033e-09
22143.4 1.495646074e-09
22159.5 1.567473427e-09
22175.6 1.547840129e-09
22191.7 1.631624476e-09
22207.7 1.842048846e-09
22223.8 2.207219723e-09
22239.9 2.743818216e-09
22256.0 3.430766982e-09
22272.1 4.183706799e-09
22288.2 4.318299461e-09
22304.2 4.463578477e-09
22320.3 3.672164486e-09
22336.4 3.572347591e-09
22352.5 3.235801711e-09
22368.6 2.343171257e-09
22384.6 1.774453476e-09
22400.7 1.979067020e-09
22416.8 2.647090585e-09
22432.9 4.065170852e-09
22449.0 5.185586506e-09
22465.0 6.613067067e-09
22481.1 6.005228372e-09
22497.2 6.401854324e-09
22513.3 5.587566156e-09
22529.4 5.061821431e-09
22545.4 6.041759575e-09
22561.5 9.090212795e-09
22577.6 1.387172891e-08
22593.7 1.556241025e-08
22609.8 1.759144465e-08
22625.9 1.607687922e-08
22641.9 1.312264378e-08
22658.0 1.349299516e-08
22674.1 9.255040882e-09
22690.2 9.922760259e-09
22706.3 1.431989871e-08
22722.3 1.713301934e-08
22738.4 2.133072681e-08
22754.5 1.970382753e-08
22770.6 2.029195693e-08
22786.7 2.895137986e-08
22802.7 3.232645293e-08
22818.8 4.888859283e-08
22834.9 5.715158758e-08
22851.0 6.697441914e-08
22867.1 7.077184616e-08
22883.1 7.188524674e-08
22899.2 7.639197511e-08
22915.3 7.136683079e-08
22931.4 6.697525759e-08
22947.5 5.389281626e-08
22963.6 5.038920961e-08
22979.6 5.949354093e-08
22995.7 4.748670851e-08
23011.8 4.579262730e-08
23027.9 4.577834087e-08
23044.0 4.761703847e-08
23060.0 6.271077501e-08
23076.1 5.288138850e-08
23092.2 4.344021578e-08
23108.3 3.932670289e-08
23124.4 3.916903891e-08
23140.4 4.829286840e-08
23156.5 4.280884890e-08
23172.6 5.317072516e-08
23188.7 1.140320283e-07
23204.8 8.860884206e-08
23220.8 9.769773732e-08
23236.9 3.260895865e-08
23253.0 1.708678458e-08
23269.1 6.271784693e-08
23285.2 1.116158530e-07
23301.3 2.152507520e-07
23317.3 3.731114069e-07
23333.4 4.881386514e-07
23349.5 6.625521614e-07
23365.6 5.902591007e-07
23381.7 4.543682287e-07
23397.7 3.529943569e-07
23413.8 2.822705031e-07
23429.9 2.870743057e-07
23446.0 2.337184266e-07
23462.1 1.559422439e-07
23478.1 3.666531726e-07
23494.2 6.180305373e-07
23510.3 8.129171218e-07
23526.4 8.880658555e-07
23542.5 6.624308129e-07
23558.5 7.382147997e-07
23574.6 8.048248728e-07
23590.7 6.460062086e-07
23606.8 5.850136905e-07
23622.9 5.880297516e-07
23639.0 6.083976663e-07
23655.0 6.357737440e-07
23671.1 6.893378347e-07
23687.2 8.365814634e-07
23703.3 1.007977516e-06
23719.4 8.378325787e-07
23735.4 7.000203629e-07
23751.5 5.662680020e-07
23767.6 5.492268772e-07
23783.7 6.117251773e-07
23799.8 7.899243836e-07
23815.8 1.038555490e-06
23831.9 1.118144486e-06
23848.0 8.425817024e-07
23864.1 7.417120338e-07
23880.2 4.468509743e-07
23896.2 2.944945692e-07
23912.3 2.358705591e-07
23928.4 2.483216588e-07
23944.5 4.016846096e-07
23960.6 7.978102492e-07
23976.7 9.072447056e-07
23992.7 1.308545386e-06
24008.8 2.277796857e-06
24024.9 2.718333247e-06
24041.0 3.290250202e-06
24057.1 2.345267263e-06
24073.1 1.366982653e-06
24089.2 8.725643630e-07
24105.3 1.976894366e-07
24121.4 1.472016427e-07
24137.5 2.566762390e-07
24153.5 3.067005461e-07
24169.6 3.701502134e-07
24185.7 4.109708184e-07
24201.8 3.516935869e-07
24217.9 3.952321694e-07
24233.9 6.016564119e-07
24250.0 5.909211638e-07
24266.1 1.045909228e-06
24282.2 1.335126451e-06
24298.3 1.143223361e-06
24314.4 1.104929450e-06
24330.4 8.735610621e-07
24346.5 9.555469872e-07
24362.6 1.138385842e-06
24378.7 8.889307768e-07
24394.8 8.309851530e-07
24410.8 8.062171989e-07
24426.9 8.198873910e-07
24443.0 9.408846645e-07
24459.1 1.381615065e-06
24475.2 1.048468516e-06
24491.2 8.965902232e-07
24507.3 7.167070303e-07
24523.4 6.028566151e-07
24539.5 6.203752081e-07
24555.6 7.265491310e-07
24571.6 1.000224847e-06
24587.7 1.918665129e-06
24603.8 3.060139018e-06
24619.9 2.780112537e-06
24636.0 2.566795463e-06
24652.0 2.118898686e-06
24668.1 1.825842015e-06
24684.2 1.818940367e-06
24700.3 1.880265690e-06
24716.4 1.962442947e-06
24732.5 2.181130254e-06
24748.5 2.471427267e-06
24764.6 2.934099490e-06
24780.7 3.559727042e-06
24796.8 3.593056366e-06
24812.9 3.584906884e-06
24828.9 3.637561712e-06
24845.0 3.204000499e-06
24861.1 2.824809738e-06
24877.2 2.520924979e-06
24893.3 2.097922963e-06
24909.3 1.908758774e-06
24925.4 1.773375630e-06
24941.5 1.414572635e-06
24957.6 1.448412067e-06
24973.7 1.555802895e-06
24989.7 1.752535587e-06
24997.8 2.578230301e-06
25011.3 2.731142355e-06
25024.8 4.601910996e-06
25038.3 5.611826848e-06
25051.8 7.705857249e-06
25065.3 3.977358570e-06
25078.9 2.004454727e-06
25092.4 9.235438913e-07
25105.9 1.218935619e-06
25119.4 3.551676664e-06
25132.9 4.613091982e-06
25146.4 1.787977743e-06
25159.9 1.732389591e-06
25173.4 5.497206558e-07
25187.0 5.717828128e-06
25200.5 5.345833522e-06
25214.0 6.680777873e-06
25227.5 1.394501110e-06
25241.0 2.335946574e-06
25254.5 3.986690329e-06
25268.0 3.497522473e-06
25281.5 6.844980008e-07
25295.1 3.066978589e-06
25308.6 1.203547022e-06
25322.1 3.404143851e-06
25335.6 4.164347921e-06
25349.1 3.307579000e-06
25362.6 2.294522297e-06
25376.1 4.237324681e-06
25389.6 1.258675215e-06
25403.2 2.461471626e-06
25416.7 1.465193615e-06
25430.2 3.244901982e-06
25443.7 5.585534826e-06
25457.2 3.972626013e-06
25470.7 8.617495818e-06
25484.2 4.236912604e-06
25497.7 5.068012163e-06
25511.2 4.520748814e-06
25524.8 2.428537056e-06
25538.3 4.955724687e-06
25551.8 2.200746589e-06
25565.3 3.427671150e-06
25578.8 1.020071845e-06
25592.3 2.152442642e-06
25605.8 2.989575565e-06
25619.3 2.884047835e-06
25632.9 6.567350981e-07
25646.4 1.994723676e-06
25659.9 4.698948682e-06
25673.4 3.276526079e-06
25686.9 4.500134452e-06
25700.4 6.505410467e-06
25713.9 8.344723054e-06
25727.4 2.132772129e-06
25741.0 1.285010901e-06
25754.5 3.256038586e-06
25768.0 6.601083489e-06
25781.5 4.281663178e-06
25795.0 3.641957333e-06
25808.5 9.363784218e-07
25822.0 2.147156672e-06
25835.5 4.164990680e-06
25849.1 3.370275809e-06
25862.6 4.321498024e-06
25876.1 3.157944401e-06
25889.6 7.785433402e-07
25903.1 1.087754186e-06
25916.6 2.679242873e-06
25930.1 3.020461922e-06
25943.6 1.746268355e-06
25957.2 2.292137904e-08
25970.7 4.777719409e-06
25984.2 2.840525360e-06
25997.7 1.145186139e-06
26011.2 1.260514701e-06
26024.7 2.369824084e-06
26038.2 1.397069629e-06
26051.7 1.748771868e-07
26065.3 3.920536613e-06
26078.8 1.511194181e-06
26092.3 2.590638629e-06
26105.8 7.244640352e-08
26119.3 3.053067273e-07
26132.8 1.471003417e-06
26146.3 1.388745310e-06
26159.8 9.217033662e-07
26173.4 3.449571791e-06
26186.9 2.646497608e-06
26200.4 3.241912541e-06
26213.9 2.731838410e-06
26227.4 4.346045344e-06
26240.9 1.784160260e-06
26254.4 9.124726547e-07
26267.9 3.627656525e-06
26281.5 3.809609224e-06
26295.0 4.159677752e-06
26308.5 3.045723738e-06
26322.0 2.735448491e-06
26335.5 4.337418892e-06
26349.0 2.232585789e-06
26362.5 2.577633826e-06
26376.0 4.266266802e-06
26389.5 5.894242292e-06
26403.1 6.732460111e-06
26416.6 2.598307099e-06
26430.1 4.739119752e-06
26443.6 3.895770200e-06
26457.1 4.135710751e-06
26470.6 4.243083274e-06
26484.1 2.642608975e-06
26497.6 3.359224611e-06
26511.2 3.893192363e-06
26524.7 4.203428071e-06
26538.2 5.930030174e-06
26551.7 5.069240266e-06
26565.2 3.810218782e-06
26578.7 3.114916997e-06
26592.2 4.305084914e-06
26605.7 2.002213242e-06
26619.3 3.785447446e-06
26632.8 5.551665988e-06
26646.3 3.894904641e-06
26659.8 3.763562822e-07
26673.3 1.791872107e-08
26686.8 1.347352241e-06
26700.3 6.932314527e-07
26713.8 3.894067881e-06
26727.4 4.335768067e-06
26740.9 2.712373671e-06
26754.4 4.453496739e-06
26767.9 5.983714042e-06
26781.4 6.477248932e-06
26794.9 5.979193368e-06
26808.4 2.811868847e-06
26821.9 7.707310691e-07
26835.5 1.929391773e-06
26849.0 1.525239232e-06
26862.5 2.331865343e-06
26876.0 5.409453467e-06
26889.5 6.023647652e-06
26903.0 1.745871216e-06
26916.5 3.599626261e-06
26930.0 3.556113778e-06
26943.6 9.808031284e-07
26957.1 2.398129697e-06
26970.6 1.326255362e-06
26984.1 2.371260887e-06
26997.6 2.922689247e-06
27011.1 4.473326535e-06
27024.6 3.982441405e-06
27038.1 5.045695092e-06
27051.7 7.527794461e-06
27065.2 4.262186282e-06
27078.7 2.423516460e-06
27092.2 3.694503878e-06
27105.7 4.612702445e-06
27119.2 2.896350057e-06
27132.7 1.152832176e-06
27146.2 6.212534897e-07
27159.8 4.947248110e-07
27173.3 1.574091117e-06
27186.8 2.260133120e-06
27200.3 3.852989700e-06
27213.8 2.031909957e-06
27227.3 1.131506702e-06
27240.8 2.791136929e-06
27254.3 3.050680521e-06
27267.9 4.578035711e-06
27281.4 3.826532274e-06
27294.9 2.431354665e-06
27308.4 2.754133590e-06
27321.9 1.548516936e-06
27335.4 1.867665894e-06
27348.9 1.273189160e-07
27362.4 1.253635433e-06
27375.9 1.587152380e-06
27389.5 2.128404176e-06
27403.0 1.808593086e-06
27416.5 2.432836989e-06
27430.0 9.646044906e-07
27443.5 1.525334905e-06
27457.0 2.948898636e-08
27470.5 1.679086965e-08
27484.0 8.401946066e-07
27497.6 2.771523715e-06
27511.1 3.693711731e-06
27524.6 2.616597263e-06
27538.1 3.715932294e-06
27551.6 2.025562109e-06
27565.1 1.873302634e-06
27578.6 2.301470262e-06
27592.1 2.778277299e-06
27605.7 4.635327440e-06
27619.2 4.197345364e-06
27632.7 4.524077843e-06
27646.2 5.398612559e-06
27659.7 1.705872898e-06
27673.2 5.334244141e-07
27686.7 1.425208405e-06
27700.2 2.731012449e-06
27713.8 4.368929557e-06
27727.3 4.244476028e-06
27740.8 3.394872358e-06
27754.3 2.831776173e-06
27767.8 2.549216736e-06
27781.3 3.062092322e-06
27794.8 3.386712666e-06
27808.3 3.965646379e-06
27821.9 3.393332959e-06
27835.4 3.190129910e-06
27848.9 2.398396189e-06
27862.4 2.913917726e-06
27875.9 4.360245552e-06
27889.4 2.470751542e-06
27902.9 1.539167572e-06
27916.4 2.222246940e-06
27930.0 8.859733895e-07
27943.5 3.977546813e-06
27957.0 4.159457433e-06
27970.5 2.335003720e-06
27984.0 1.443862978e-06
27997.5 1.916020335e-06
28011.0 3.072820145e-06
28024.5 1.914827088e-06
28038.1 2.340456496e-06
28051.6 2.489672587e-06
28065.1 1.120204707e-06
28078.6 1.145162677e-06
28092.1 1.558341069e-06
28105.6 1.701329088e-06
28119.1 1.567242902e-06
28132.6 9.753745463e-07
28146.2 1.508402476e-06
28159.7 3.517587105e-06
28173.2 2.536063505e-06
28186.7 2.643496107e-06
28200.2 5.016297059e-06
28213.7 2.883002188e-06
28227.2 3.735521297e-06
28240.7 3.132548014e-06
28254.2 2.812495466e-06
28267.8 2.389576440e-06
28281.3 1.512105155e-06
28294.8 8.441758863e-07
28308.3 1.723803254e-06
28321.8 2.852045968e-06
28335.3 2.654160953e-06
28348.8 3.446699520e-06
28362.3 3.123677317e-06
28375.9 7.224930533e-06
28389.4 5.863802627e-06
28402.9 5.713272897e-06
28416.4 1.610283790e-06
28429.9 1.528511405e-06
28443.4 3.636763684e-06
28456.9 5.342847474e-06
28470.4 3.286264577e-06
28484.0 3.066518246e-06
28497.5 5.856869256e-06
28511.0 5.253247114e-06
28524.5 3.011317396e-06
28538.0 6.673801097e-07
28551.5 6.227219354e-07
28565.0 6.911455699e-07
28578.5 2.326611510e-07
28592.1 2.122012942e-06
28605.6 1.450757973e-06
28619.1 1.243247843e-06
28632.6 1.285212689e-06
28646.1 2.662540535e-06
28659.6 2.007559658e-06
28673.1 1.476093303e-06
28686.6 5.376407304e-07
28700.2 1.982987848e-07
28713.7 1.562603103e-07
28727.2 1.884213439e-06
28740.7 1.412845428e-06
28754.2 2.520807687e-06
28767.7 2.313680801e-06
28781.2 6.880384798e-07
28794.7 2.952383355e-06
28808.3 3.328100840e-06
28821.8 3.383416106e-06
28835.3 4.188823619e-06
28848.8 4.400903130e-06
28862.3 2.144159661e-06
28875.8 3.816518885e-06
28889.3 2.958881239e-06
28902.8 5.431490389e-07
28916.4 4.312399142e-07
28929.9 1.180440048e-06
28943.4 2.697202402e-06
28956.9 4.279463292e-06
28970.4 4.187427816e-06
28983.9 4.848056767e-06
28997.4 2.953817339e-06
29010.9 2.776316926e-06
29024.5 1.017204199e-06
29038.0 1.680913851e-06
29051.5 3.952257455e-06
29065.0 3.698747106e-06
29078.5 4.640680759e-06
29092.0 3.897328115e-06
29105.5 2.635427939e-06
29119.0 1.962726395e-06
29132.5 2.681198697e-06
29146.1 5.361172139e-06
29159.6 5.320422965e-06
29173.1 3.342574534e-06
29186.6 2.602695949e-06
29200.1 2.219153545e-06
29213.6 3.269093012e-06
29227.1 1.810548202e-06
29240.6 2.486873609e-06
29254.2 4.259612359e-06
29267.7 2.553728416e-06
29281.2 2.433390834e-06
29294.7 2.980924235e-06
29308.2 6.202199868e-06
29321.7 3.407854120e-06
29335.2 2.510988435e-06
29348.7 1.217265379e-06
29362.3 2.605162176e-06
29375.8 5.730097696e-06
29389.3 2.177201272e-06
29402.8 2.431028604e-06
29416.3 3.049727928e-06
29429.8 5.546359455e-06
29443.3 3.435409564e-06
29456.8 2.136439751e-06
29470.4 1.094233698e-06
29483.9 4.062994893e-07
29497.4 4.216819275e-06
29510.9 2.565244272e-06
29524.4 1.583591197e-06
29537.9 2.102081347e-06
29551.4 3.987364345e-07
29564.9 3.330738959e-07
29578.5 1.973080426e-06
29592.0 4.220968912e-06
29605.5 5.475349937e-06
29619.0 1.903559047e-06
29632.5 1.488523412e-06
29646.0 1.660007784e-06
29659.5 2.483948666e-06
29673.0 4.087072275e-06
29686.6 4.464281370e-06
29700.1 1.233263723e-06
29713.6 2.744960076e-06
29727.1 2.866222400e-06
29740.6 4.605414982e-06
29754.1 3.890688956e-06
29767.6 3.635188999e-06
29781.1 6.217147298e-06
29794.7 5.817513608e-06
29808.2 2.797868495e-06
29821.7 5.440320573e-07
29835.2 2.205859569e-06
29848.7 7.676224343e-06
29862.2 5.524118458e-06
29875.7 4.071917552e-06
29889.2 3.480090839e-06
29902.8 4.064437234e-06
29916.3 5.687010762e-06
29929.8 6.073943852e-06
29943.3 6.015733225e-06
29956.8 6.293284205e-06
29970.3 6.458226323e-06
29983.8 5.553859185e-06
29997.3 2.351154145e-06
30010.9 2.654820053e-06
30024.4 7.720987031e-06
30037.9 9.575902314e-06
30051.4 3.620907721e-06
30064.9 2.510066834e-06
30078.4 6.533473414e-08
30091.9 2.057076929e-06
30105.4 3.055261444e-06
30118.9 1.535035759e-06
30132.5 1.931575793e-06
30146.0 2.302257474e-06
30159.5 1.577776190e-06
30173.0 1.064310298e-06
30186.5 1.737447522e-06
30200.0 1.518904784e-06
30213.5 2.307068409e-06
30227.0 1.001981046e-06
30240.6 1.627562676e-06
30254.1 1.536399917e-06
30267.6 4.390115225e-06
30281.1 4.285813679e-06
30294.6 4.703145183e-06
30308.1 2.945297706e-06
30321.6 3.325310085e-06
30335.1 3.806512501e-06
30348.7 2.973028637e-06
30362.2 4.063883579e-06
30375.7 5.445098663e-06
30389.2 4.802190556e-06
30402.7 7.103069471e-06
30416.2 3.941066055e-06
30429.7 2.941965571e-06
30443.2 3.744375821e-06
30456.8 9.709318879e-07
30470.3 2.224940293e-06
30483.8 4.320135114e-06
30497.3 7.632305236e-06
30510.8 5.395507864e-06
30524.3 3.335610446e-06
30537.8 7.663736561e-07
30551.3 2.867225898e-06
30564.9 3.575797260e-06
30578.4 4.278283150e-06
30591.9 1.712919909e-06
30605.4 6.810025854e-06
30618.9 5.875091830e-06
30632.4 3.666048066e-06
30645.9 3.518636986e-06
30659.4 5.014444501e-06
30673.0 5.691154331e-06
30686.5 5.992098652e-06
30700.0 7.144285277e-06
30713.5 5.971274335e-06
30727.0 3.943352702e-06
30740.5 3.587416505e-06
30754.0 3.173624084e-06
30767.5 5.676978481e-06
30781.1 4.970488263e-06
30794.6 5.508083541e-06
30808.1 7.231767515e-06
30821.6 7.702208484e-06
30835.1 7.843737862e-06
30848.6 7.980916918e-06
30862.1 8.847504193e-06
30875.6 8.599854820e-06
30889.2 6.081359209e-06
30902.7 3.167112684e-06
30916.2 3.349040813e-06
30929.7 3.424994051e-06
30943.2 2.220480679e-06
30956.7 3.039190789e-06
30970.2 4.336125935e-06
30983.7 4.123716528e-06
30997.2 4.169640094e-06
31010.8 2.701773697e-06
31024.3 3.112373779e-06
31037.8 1.766009051e-06
31051.3 1.278266534e-06
31064.8 2.530962394e-06
31078.3 3.646885466e-06
31091.8 6.068240010e-06
31105.3 4.789140952e-06
31118.9 5.613742557e-06
31132.4 7.092171524e-06
31145.9 6.332291053e-06
31159.4 5.155284925e-06
31172.9 5.013550646e-06
31186.4 7.277715818e-06
31199.9 6.943664395e-06
31213.4 9.144195531e-06
31227.0 1.025657841e-05
31240.5 7.768540869e-06
31254.0 2.508963962e-06
31267.5 2.619787144e-06
31281.0 4.378778566e-06
31294.5 2.836654363e-06
31308.0 1.496591746e-06
31321.5 3.398229347e-06
31335.1 3.880488873e-06
31348.6 5.797349392e-06
31362.1 5.758889645e-06
31375.6 5.487511812e-06
31389.1 4.094152459e-06
31402.6 6.160132082e-06
31416.1 5.555825000e-06
31429.6 4.941407848e-06
31443.2 4.460791048e-06
31456.7 3.647716719e-06
31470.2 5.359052991e-06
31483.7 6.769016591e-06
31497.2 6.862796055e-06
31510.7 5.746730395e-06
31524.2 4.321612134e-06
31537.7 4.546018436e-06
31551.3 2.869239700e-06
31564.8 5.300623051e-06
31578.3 4.154095906e-06
31591.8 3.772698460e-06
31605.3 5.237482236e-06
31618.8 8.695188174e-06
31632.3 7.776034051e-06
31645.8 7.507384122e-06
31659.4 7.012655935e-06
31672.9 4.858695542e-06
31686.4 6.330692172e-06
31699.9 6.133079249e-06
31713.4 4.908149408e-06
31726.9 5.072015058e-06
31740.4 3.289694192e-06
31753.9 4.383234614e-06
31767.5 5.930537397e-06
31781.0 8.064958141e-06
31794.5 6.776513196e-06
31808.0 6.258294527e-06
31821.5 4.899102070e-06
31835.0 5.544130691e-06
31848.5 6.486084879e-06
31862.0 5.795854039e-06
31875.5 3.247609698e-06
31889.1 3.921220998e-06
31902.6 6.067816201e-06
31916.1 5.997139189e-06
31929.6 5.397921737e-06
31943.1 3.166328464e-06
31956.6 2.904627808e-06
31970.1 2.280702217e-06
31983.6 1.233233588e-06
31997.2 2.058074755e-06
32010.7 3.265375931e-06
32024.2 3.588368630e-06
32037.7 4.039905491e-06
32051.2 3.572769457e-06
32064.7 1.060249521e-06
32078.2 1.054867897e-06
32091.7 6.343165772e-07
32105.3 2.346074767e-06
32118.8 3.537799109e-06
32132.3 2.048240736e-06
32145.8 2.187301863e-06
32159.3 4.176148273e-06
32172.8 4.625773098e-06
32186.3 1.308579751e-06
32199.8 1.521529978e-06
32213.4 3.188188554e-06
32226.9 1.607220468e-06
32240.4 1.209664768e-06
32253.9 1.593547839e-06
32267.4 1.526795915e-06
32280.9 8.281976790e-07
32294.4 2.677557695e-06
32307.9 2.017099916e-06
32321.5 7.039290448e-07
32335.0 4.938968888e-07
32348.5 7.543498842e-07
32362.0 5.982763466e-07
32375.5 6.435046646e-07
32389.0 1.268651555e-06
32402.5 1.234485792e-06
32416.0 2.795312583e-06
32429.6 3.980949433e-06
32443.1 2.861162440e-06
32456.6 1.935064007e-06
32470.1 8.790315263e-07
32483.6 3.535544979e-08
32497.1 6.784453247e-09
32510.6 8.769844162e-09
32524.1 1.754638284e-07
32537.7 9.549315128e-07
32551.2 1.064734172e-06
32564.7 1.215750730e-06
32578.2 1.739251631e-06
32591.7 1.727558747e-06
32605.2 1.421351581e-06
32618.7 2.529288232e-07
32632.2 1.502626334e-08
32645.8 8.268170645e-08
32659.3 4.642524874e-07
32672.8 1.253186378e-06
32686.3 1.911090160e-06
32699.8 1.563923711e-06
32713.3 5.697265141e-09
32726.8 8.351470334e-08
32740.3 3.087842449e-07
32753.9 2.040417988e-08
32767.4 5.695832348e-09
32780.9 5.695612099e-09
32794.4 5.695461533e-09
32807.9 5.695375078e-09
32821.4 1.330614072e-08
32834.9 2.791922310e-07
32848.4 3.324443517e-08
32861.9 3.604307142e-08
32875.5 4.269369359e-07
32889.0 8.324030959e-07
32902.5 2.056947819e-08
32916.0 5.704320507e-09
32929.5 2.756688119e-07
32943.0 7.902871588e-07
32956.5 1.274978991e-06
32970.0 1.140231917e-06
32983.6 5.582349677e-08
32997.1 5.709941396e-09
33010.6 4.288761486e-07
33024.1 5.387737883e-07
33037.6 7.266080368e-08
33051.1 1.434620392e-07
33064.6 5.730046940e-09
33078.1 8.800376218e-07
33091.7 2.318770191e-08
33105.2 5.723168954e-09
33118.7 6.655121237e-09
33132.2 7.632650920e-07
33145.7 6.505530095e-08
33159.2 5.934797433e-09
33172.7 5.741375771e-09
33186.2 2.505405515e-08
33199.8 1.383763677e-06
33213.3 2.042527857e-06
33226.8 1.957690039e-06
33240.3 3.213729222e-08
33253.8 5.757901022e-09
33267.3 1.202657918e-07
33280.8 6.419308223e-08
33294.3 5.767077040e-09
33307.9 5.770242982e-09
33321.4 6.202014373e-09
33334.9 7.089389286e-08
33348.4 9.724019984e-07
33361.9 2.452615996e-08
33375.4 7.763051114e-09
33388.9 3.785049734e-07
33402.4 1.119134521e-07
33416.0 1.561228413e-06
33429.5 7.486140199e-07
33443.0 2.960639972e-07
33456.5 9.867147725e-09
33470.0 5.817399733e-09
33483.5 5.820813225e-09
33497.0 1.534737354e-08
33510.5 8.593386161e-09
33524.1 5.830954650e-09
33537.6 6.298949590e-07
33551.1 2.368952234e-06
33564.6 2.410396965e-06
33578.1 9.566581042e-07
33591.6 7.115335326e-07
33605.1 5.792501036e-08
33618.6 1.138432716e-07
33632.2 1.067912826e-06
33645.7 1.376063046e-06
33659.2 1.372525381e-06
33672.7 4.934773227e-07
33686.2 7.129248457e-09
33699.7 3.177184316e-07
33713.2 6.209966000e-07
33726.7 6.861048225e-07
33740.2 1.241375674e-06
33753.8 1.820143504e-06
33767.3 1.196608776e-07
33780.8 5.899585957e-09
33794.3 5.901870598e-09
33807.8 3.552042487e-07
33821.3 3.744277501e-06
33834.8 3.078847341e-06
33848.3 2.527927072e-06
33861.9 1.321274645e-06
33875.4 8.789260213e-07
33888.9 1.167817938e-06
33902.4 1.224954338e-06
33915.9 3.130930497e-08
33929.4 5.279924932e-07
33942.9 1.196589201e-06
33956.4 1.049344809e-07
33970.0 6.952071567e-07
33983.5 1.908062734e-06
33997.0 1.715486785e-06
34010.5 9.926943348e-07
34024.0 8.119870160e-07
34037.5 6.645969847e-07
34051.0 7.663639139e-09
34064.5 6.278806080e-09
34078.1 3.363896147e-07
34091.6 3.042504839e-08
34105.1 5.945238542e-09
34118.6 5.946337906e-09
34132.1 6.480623221e-09
34145.6 4.072061966e-07
34159.1 3.258435968e-07
34172.6 1.108785207e-08
34186.2 5.958322444e-09
34199.7 6.619582068e-09
34213.2 1.100397406e-06
34226.7 8.156682804e-07
34240.2 5.385613738e-07
34253.7 9.650673198e-09
34267.2 5.964626355e-09
34280.7 5.965705840e-09
34294.3 1.611113885e-08
34307.8 1.244276521e-08
34321.3 3.243537292e-07
34334.8 7.583453286e-07
34348.3 5.971357547e-09
34361.8 1.357464047e-08
34375.3 3.940705625e-08
34388.8 4.445875577e-07
34402.4 8.158076697e-07
34415.9 4.884425798e-07
34429.4 8.590470250e-07
34442.9 1.402143955e-06
34456.4 3.155736142e-07
34469.9 8.265345231e-07
34483.4 1.592119932e-06
34496.9 1.882739289e-06
34510.5 1.012758884e-06
34524.0 2.090535155e-06
34537.5 1.792175843e-06
34551.0 6.951912152e-09
34564.5 1.234403753e-06
34578.0 8.932003869e-07
34591.5 2.488479817e-06
34605.0 3.619128057e-06
34618.5 2.946828174e-06
34632.1 4.056835718e-06
34645.6 3.354986577e-06
34659.1 1.803642876e-06
34672.6 1.967308893e-06
34686.1 1.985410021e-06
34699.6 5.472690957e-06
34713.1 4.739685467e-06
34726.6 6.370350876e-06
34740.2 7.173341184e-06
34753.7 6.007088923e-06
34767.2 6.073905421e-06
34780.7 5.390002645e-06
34794.2 5.208563962e-06
34807.7 5.029018012e-06
34821.2 5.705727168e-06
34834.7 7.119716194e-06
34848.3 6.755389379e-06
34861.8 8.242518447e-06
34875.3 1.003264239e-05
34888.8 9.806189178e-06
34902.3 8.317795693e-06
34915.8 5.037677503e-06
34929.3 5.011562036e-06
34942.8 6.741467934e-06
34956.4 7.133021763e-06
34969.9 9.070763292e-06
34983.4 9.000529095e-06
34996.9 8.234983366e-06
35010.4 9.700444268e-06
35023.9 1.070379706e-05
35037.4 1.229246621e-05
35050.9 1.121484005e-05
35064.5 1.077892642e-05
35078.0 9.682584145e-06
35091.5 7.744280265e-06
35105.0 1.136061561e-05
35118.5 1.278782974e-05
35132.0 1.396500358e-05
35145.5 1.402042162e-05
35159.0 1.166343721e-05
35172.6 1.407888565e-05
35186.1 1.284556865e-05
35199.6 1.038082566e-05
35213.1 1.131291515e-05
35226.6 1.079491922e-05
35240.1 1.265622184e-05
35253.6 1.321535181e-05
35267.1 1.266030213e-05
35280.7 1.382802265e-05
35294.2 1.016009116e-05
35307.7 1.064667113e-05
35321.2 1.427840044e-05
35334.7 1.255928255e-05
35348.2 1.202898049e-05
35361.7 1.036432900e-05
35375.2 1.459823735e-05
35388.8 1.769755111e-05
35402.3 1.634712058e-05
35415.8 1.615171579e-05
35429.3 1.420142540e-05
35442.8 1.490235117e-05
35456.3 1.637008996e-05
35469.8 1.486188054e-05
35483.3 1.720616873e-05
35496.8 1.940379139e-05
35510.4 1.953003990e-05
35523.9 1.899883094e-05
35537.4 1.782601361e-05
35550.9 1.683407100e-05
35564.4 1.890519497e-05
35577.9 1.833725823e-05
35591.4 1.824108799e-05
35604.9 1.797126220e-05
35618.5 1.844305258e-05
35632.0 1.803633708e-05
35645.5 1.670759223e-05
35659.0 1.907483542e-05
35672.5 1.860828947e-05
35686.0 1.616583108e-05
35699.5 1.376413376e-05
35713.0 1.375681899e-05
35726.6 1.633950201e-05
35740.1 1.951441807e-05
35753.6 1.942463626e-05
35767.1 2.313932682e-05
35780.6 2.401003869e-05
35794.1 2.265482933e-05
35807.6 2.401508292e-05
35821.1 2.631989977e-05
35834.7 2.823859162e-05
35848.2 2.843775212e-05
35861.7 2.734520986e-05
35875.2 2.960624263e-05
35888.7 2.865393120e-05
35902.2 2.916213671e-05
35915.7 3.228906115e-05
35929.2 3.286078205e-05
35942.8 3.699936579e-05
35956.3 3.840074938e-05
35969.8 3.602010723e-05
35983.3 3.580790175e-05
35996.8 3.585181904e-05
36010.3 3.825917091e-05
36023.8 3.933432763e-05
36037.3 3.726522914e-05
36050.9 4.079001942e-05
36064.4 4.070763087e-05
36077.9 3.763263969e-05
36091.4 4.366457060e-05
36104.9 4.742453400e-05
36118.4 4.685722653e-05
36131.9 4.574619779e-05
36145.4 4.481558213e-05
36159.0 4.905146322e-05
36172.5 5.343520218e-05
36186.0 5.514296646e-05
36199.5 5.825458268e-05
36213.0 5.868672349e-05
36226.5 6.171332037e-05
36240.0 6.742854108e-05
36253.5 6.689815068e-05
36267.1 6.815421119e-05
36280.6 7.171560950e-05
36294.1 7.165025388e-05
36307.6 7.174250801e-05
36321.1 6.887599483e-05
36334.6 6.891837415e-05
36348.1 7.297379354e-05
36361.6 7.202971768e-05
36375.2 7.248019585e-05
36388.7 7.599119794e-05
36402.2 7.737903319e-05
36415.7 7.851929452e-05
36429.2 7.702348703e-05
36442.7 7.637983891e-05
36456.2 8.030040874e-05
36469.7 8.110231288e-05
36483.2 8.185841976e-05
36496.8 8.355058168e-05
36510.3 8.057552942e-05
36523.8 8.283551233e-05
36537.3 8.598443450e-05
36550.8 8.415265223e-05
36564.3 8.763156189e-05
36577.8 9.048006567e-05
36591.3 8.990160230e-05
36604.9 9.218031175e-05
36618.4 9.473582438e-05
36631.9 9.975027094e-05
36645.4 1.047470312e-04
36658.9 1.040359140e-04
36672.4 1.063283951e-04
36685.9 1.095274815e-04
36699.4 1.079779461e-04
36713.0 1.101957736e-04
36726.5 1.144426872e-04
36740.0 1.192109909e-04
36753.5 1.276724696e-04
36767.0 1.320764520e-04
36780.5 1.354602198e-04
36794.0 1.433324034e-04
36807.5 1.489217312e-04
36821.1 1.551332867e-04
36834.6 1.605961293e-04
36848.1 1.625092560e-04
36861.6 1.710022430e-04
36875.1 1.783569612e-04
36888.6 1.832720965e-04
36902.1 1.978346457e-04
36915.6 2.112768396e-04
36929.2 2.192230867e-04
36942.7 2.292898854e-04
36956.2 2.353562813e-04
36969.7 2.431691574e-04
36983.2 2.582306210e-04
36996.7 2.710279760e-04
37010.2 2.847871136e-04
37023.7 3.017937222e-04
37037.3 3.166300929e-04
37050.8 3.347653055e-04
37064.3 3.556106896e-04
37077.8 3.750298711e-04
37091.3 3.959017846e-04
37104.8 4.144118769e-04
37118.3 4.336876416e-04
37131.8 4.595083698e-04
37145.4 4.836331857e-04
37158.9 5.076513783e-04
37172.4 5.360232880e-04
37185.9 5.613841362e-04
37199.4 5.888828434e-04
37212.9 6.234972974e-04
37226.4 6.592884339e-04
37239.9 6.982245559e-04
37253.5 7.386576128e-04
37267.0 7.796842062e-04
37280.5 8.301339645e-04
37294.0 8.822727273e-04
37307.5 9.295166906e-04
37321.0 9.822477695e-04
37334.5 1.038039844e-03
37348.0 1.096199518e-03
37361.5 1.165309833e-03
37375.1 1.234246775e-03
37388.6 1.304175078e-03
37402.1 1.383670163e-03
37415.6 1.466200188e-03
37429.1 1.551250750e-03
37442.6 1.644999097e-03
37456.1 1.739220069e-03
37469.6 1.838109516e-03
37483.2 1.947010310e-03
37496.7 2.061777886e-03
37510.2 2.188546141e-03
37523.7 2.324860615e-03
37537.2 2.462162547e-03
37550.7 2.609501163e-03
37564.2 2.767391582e-03
37577.7 2.930416949e-03
37591.3 3.108400277e-03
37604.8 3.299822051e-03
37618.3 3.498058087e-03
37631.8 3.710461010e-03
37645.3 3.935280869e-03
37658.8 4.171392350e-03
37672.3 4.428365114e-03
37685.8 4.700506179e-03
37699.4 4.983741484e-03
37712.9 5.288613785e-03
37726.4 5.612536936e-03
37739.9 5.954136071e-03
37753.4 6.323950647e-03
37766.9 6.722380391e-03
37780.4 7.137255199e-03
37793.9 7.579271955e-03
37807.5 8.049469339e-03
37821.0 8.547588174e-03
37834.5 9.084665842e-03
37848.0 9.656957096e-03
37861.5 1.026374023e-02
37875.0 1.091499204e-02
37888.5 1.160311412e-02
37902.0 1.233131437e-02
37915.6 1.311770109e-02
37929.1 1.395432178e-02
37942.6 1.484435210e-02
37956.1 1.580731789e-02
37969.6 1.682992463e-02
37983.1 1.791490360e-02
37996.6 1.908604150e-02
38010.1 2.033110513e-02
38023.7 2.165825344e-02
38037.2 2.309143602e-02
38050.7 2.461445495e-02
38064.2 2.624086174e-02
38077.7 2.799058460e-02
38091.2 2.984983579e-02
38104.7 3.183393127e-02
38118.2 3.396414241e-02
38131.8 3.623508668e-02
38145.3 3.866188049e-02
38158.8 4.126113013e-02
38172.3 4.404080179e-02
38185.8 4.703471007e-02
38199.3 5.019283560e-02
38212.8 5.355703399e-02
38226.3 5.714191656e-02
38239.8 6.096950319e-02
38253.4 6.503893797e-02
38266.9 6.935670749e-02
38280.4 7.394674433e-02
38293.9 7.880828607e-02
38307.4 8.394703303e-02
38320.9 8.939289312e-02
38334.4 9.513815562e-02
38347.9 1.011818865e-01
38361.5 1.075546716e-01
38375.0 1.142308733e-01
38388.5 1.213288052e-01
38402.0 1.286778562e-01
38415.5 1.363109564e-01
38429.0 1.442396827e-01
38442.5 1.524809072e-01
38456.0 1.610035552e-01
38469.6 1.697888229e-01
38483.1 1.788394504e-01
38496.6 1.881263030e-01
38510.1 1.976176829e-01
38523.6 2.073126660e-01
38537.1 2.171864823e-01
38550.6 2.271883699e-01
38564.1 2.373103455e-01
38577.7 2.477494596e-01
38591.2 2.580844896e-01
38604.7 2.683922406e-01
38618.2 2.787134688e-01
38631.7 2.889718011e-01
38645.2 2.992047856e-01
38658.7 3.093910316e-01
38672.2 3.194734260e-01
38685.8 3.294648051e-01
38699.3 3.393558002e-01
38712.8 3.491080142e-01
38726.3 3.587273037e-01
38739.8 3.682192819e-01
38753.3 3.775471276e-01
38766.8 3.867021339e-01
38780.3 3.957100855e-01
38793.9 4.045324008e-01
38807.4 4.131475694e-01
38820.9 4.216011870e-01
38834.4 4.298056789e-01
38847.9 4.377775959e-01
38861.4 4.455517411e-01
38874.9 4.530775409e-01
38888.4 4.603432073e-01
38902.0 4.673801625e-01
38915.5 4.741683064e-01
38929.0 4.806805170e-01
38942.5 4.869296314e-01
38956.0 4.929119910e-01
38969.5 4.985877181e-01
38983.0 5.045549093e-01
38996.5 5.096695642e-01
39010.1 5.144238374e-01
39023.6 5.188672197e-01
39037.1 5.230265300e-01
39050.6 5.268701792e-01
39064.1 5.304315540e-01
39077.6 5.337335731e-01
39091.1 5.367638120e-01
39104.6 5.395289728e-01
39118.2 5.420559665e-01
39131.7 5.443411136e-01
39145.2 5.466917159e-01
39158.7 5.488217756e-01
39172.2 5.504415837e-01
39185.7 5.518434289e-01
39199.2 5.530870432e-01
39212.7 5.541705635e-01
39226.2 5.551001525e-01
39239.8 5.559147508e-01
39253.3 5.566297949e-01
39266.8 5.572393558e-01
39280.3 5.577600055e-01
39293.8 5.582150034e-01
39307.3 5.585822818e-01
39320.8 5.588734739e-01
39334.3 5.591286986e-01
39347.9 5.593227864e-01
39361.4 5.594694259e-01
39374.9 5.599099138e-01
39388.4 5.603422870e-01
39401.9 5.604279282e-01
39415.4 5.605160980e-01
39428.9 5.606091197e-01
39442.4 5.606894233e-01
39456.0 5.607779852e-01
39469.5 5.608729994e-01
39483.0 5.609490729e-01
39496.5 5.610314098e-01
39510.0 5.611185556e-01
39523.5 5.612007912e-01
39537.0 5.612860920e-01
39550.5 5.613875823e-01
39564.1 5.614985072e-01
39577.6 5.616128257e-01
39591.1 5.617610734e-01
39604.6 5.619223331e-01
39618.1 5.620796812e-01
39631.6 5.622446865e-01
39645.1 5.624059512e-01
39658.6 5.625555717e-01
39672.2 5.627011787e-01
39685.7 5.628454339e-01
39699.2 5.635460350e-01
39712.7 5.637202563e-01
39726.2 5.638642073e-01
39739.7 5.640051826e-01
39753.2 5.641494250e-01
39766.7 5.643004796e-01
39780.3 5.650943040e-01
39793.8 5.652244559e-01
39807.3 5.653473892e-01
39820.8 5.654598706e-01
39834.3 5.655385232e-01
39847.8 5.656087807e-01
39861.3 5.656734106e-01
39874.8 5.657225780e-01
39888.4 5.657679145e-01
39901.9 5.658145397e-01
39915.4 5.658561940e-01
39928.9 5.658915732e-01
39942.4 5.659372405e-01
39955.9 5.659718508e-01
39969.4 5.659838102e-01
39982.9 5.659885706e-01
39996.5 5.659786383e-01
40010.0 5.659379448e-01
40023.5 5.658824059e-01
40037.0 5.658274575e-01
40050.5 5.657665338e-01
40064.0 5.657118724e-01
40077.5 5.656715741e-01
40091.0 5.656269232e-01
40104.5 5.655790842e-01
40118.1 5.655339467e-01
40131.6 5.654855272e-01
40145.1 5.654181898e-01
40158.6 5.653412191e-01
40172.1 5.652612665e-01
40185.6 5.655354019e-01
40199.1 5.657326466e-01
40212.6 5.662810728e-01
40226.2 5.662046814e-01
40239.7 5.661307873e-01
40253.2 5.660762733e-01
40266.7 5.660352489e-01
40280.2 5.659835559e-01
40293.7 5.659325909e-01
40307.2 5.658798411e-01
40320.7 5.658202894e-01
40334.3 5.657546127e-01
40347.8 5.656909417e-01
40361.3 5.656205493e-01
40374.8 5.655515816e-01
40388.3 5.655011923e-01
40401.8 5.654604128e-01
40415.3 5.654254780e-01
40428.8 5.653982671e-01
40442.4 5.653817517e-01
40455.9 5.653619799e-01
40469.4 5.653422429e-01
40482.9 5.653221788e-01
40496.4 5.652953975e-01
40509.9 5.652687700e-01
40523.4 5.652482548e-01
40536.9 5.652287273e-01
40550.5 5.651935652e-01
40564.0 5.651733550e-01
40577.5 5.651722315e-01
40591.0 5.651811891e-01
40604.5 5.654902530e-01
40618.0 5.658709494e-01
40631.5 5.658932017e-01
40645.0 5.659009400e-01
40658.6 5.659123318e-01
40672.1 5.659212416e-01
40685.6 5.659233730e-01
40699.1 5.659226216e-01
40712.6 5.659280722e-01
40726.1 5.663130190e-01
40739.6 5.665576693e-01
40753.1 5.665789008e-01
40766.7 5.666054875e-01
40780.2 5.666324307e-01
40793.7 5.666602857e-01
40807.2 5.666921185e-01
40820.7 5.667033169e-01
40834.2 5.667029445e-01
40847.7 5.666980618e-01
40861.2 5.666833868e-01
40874.8 5.666574507e-01
40888.3 5.666287046e-01
40901.8 5.666044368e-01
40915.3 5.665745888e-01
40928.8 5.665512452e-01
40942.3 5.665333213e-01
40955.8 5.665145562e-01
40969.3 5.664869391e-01
40982.8 5.664595573e-01
40996.4 5.664231886e-01
41009.9 5.663685608e-01
41023.4 5.663059358e-01
41036.9 5.666867445e-01
41050.4 5.668083726e-01
41063.9 5.667132739e-01
41077.4 5.666278158e-01
41090.9 5.665461559e-01
41104.5 5.664663882e-01
41118.0 5.663912689e-01
41131.5 5.663267755e-01
41145.0 5.662569024e-01
41158.5 5.661776847e-01
41172.0 5.660967841e-01
41185.5 5.663574190e-01
41199.0 5.665422580e-01
41212.6 5.664406887e-01
41226.1 5.663424315e-01
41239.6 5.662458504e-01
41253.1 5.661601579e-01
41266.6 5.660895533e-01
41280.1 5.660328821e-01
41293.6 5.659826221e-01
41307.1 5.659505051e-01
41320.7 5.659341333e-01
41334.2 5.659239275e-01
41347.7 5.659162840e-01
41361.2 5.659128494e-01
41374.7 5.659123377e-01
41388.2 5.659121116e-01
41401.7 5.659219907e-01
41415.2 5.659434778e-01
41428.8 5.659775351e-01
41442.3 5.660290088e-01
41455.8 5.661138847e-01
41469.3 5.662179118e-01
41482.8 5.669844900e-01
41496.3 5.671136662e-01
41509.8 5.672534872e-01
41523.3 5.673977866e-01
41536.9 5.675514214e-01
41550.4 5.677132186e-01
41563.9 5.678762366e-01
41577.4 5.680363118e-01
41590.9 5.682074638e-01
41604.4 5.686719324e-01
41617.9 5.692143148e-01
41631.4 5.694115169e-01
41645.0 5.696181593e-01
41658.5 5.698358702e-01
41672.0 5.700507350e-01
41685.5 5.702608391e-01
41699.0 5.704634613e-01
41712.5 5.706499761e-01
41726.0 5.708124821e-01
41739.5 5.709618801e-01
41753.1 5.710943058e-01
41766.6 5.712088257e-01
41780.1 5.713080862e-01
41793.6 5.714023453e-01
41807.1 5.714782171e-01
41820.6 5.715370538e-01
41834.1 5.715842727e-01
41847.6 5.716189809e-01
41861.1 5.716313432e-01
41874.7 5.716085375e-01
41888.2 5.715569981e-01
41901.7 5.714708429e-01
41915.2 5.713498067e-01
41928.7 5.712017362e-01
41942.2 5.716797336e-01
41955.7 5.714773164e-01
41969.2 5.712557743e-01
41982.8 5.710215248e-01
41996.3 5.707743105e-01
42009.8 5.704998950e-01
42023.3 5.702140940e-01
42036.8 5.703431977e-01
42050.3 5.702273635e-01
42063.8 5.698871629e-01
42077.3 5.695362802e-01
42090.9 5.691654433e-01
42104.4 5.687718978e-01
42117.9 5.683581437e-01
42131.4 5.679446141e-01
42144.9 5.675268651e-01
42158.4 5.671051519e-01
42171.9 5.666854143e-01
42185.4 5.662747114e-01
42199.0 5.658589689e-01
42212.5 5.654418232e-01
42226.0 5.650273137e-01
42239.5 5.646122811e-01
42253.0 5.641807254e-01
42266.5 5.637279284e-01
42280.0 5.632528309e-01
42293.5 5.627482157e-01
42307.1 5.622117573e-01
42320.6 5.616583691e-01
42334.1 5.610847338e-01
42347.6 5.604683876e-01
42361.1 5.598085786e-01
42374.6 5.591138168e-01
42388.1 5.583690774e-01
42401.6 5.575616770e-01
42415.2 5.566924115e-01
42428.7 5.563061191e-01
42442.2 5.553469894e-01
42455.7 5.541487540e-01
42469.2 5.528193503e-01
42482.7 5.519412205e-01
42496.2 5.502991337e-01
42509.7 5.484206418e-01
42523.3 5.463747212e-01
42536.8 5.441376742e-01
42550.3 5.416922651e-01
42563.8 5.389765241e-01
42577.3 5.360046980e-01
42590.8 5.327808921e-01
42604.3 5.292882776e-01
42617.8 5.254943645e-01
42631.4 5.213061285e-01
42644.9 5.167951499e-01
42658.4 5.119626368e-01
42671.9 5.068132884e-01
42685.4 5.012295670e-01
42698.9 4.952744000e-01
42712.4 4.889960611e-01
42725.9 4.824067357e-01
42739.5 4.754324823e-01
42753.0 4.680471229e-01
42766.5 4.603723542e-01
42780.0 4.524205280e-01
42793.5 4.441585398e-01
42807.0 4.354609861e-01
42820.5 4.265346900e-01
42834.0 4.173987649e-01
42847.5 4.080684072e-01
42861.1 3.983595263e-01
42874.6 3.885171988e-01
42888.1 3.785654880e-01
42901.6 3.685234047e-01
42915.1 3.582774446e-01
42928.6 3.479876220e-01
42942.1 3.381563611e-01
42955.6 3.281691491e-01
42969.2 3.178260477e-01
42982.7 3.075214617e-01
42996.2 2.973095554e-01
43009.7 2.872022378e-01
43023.2 2.771635878e-01
43036.7 2.672496770e-01
43050.2 2.575090520e-01
43063.7 2.479493238e-01
43077.3 2.385534613e-01
43090.8 2.293526660e-01
43104.3 2.203748685e-01
43117.8 2.116224526e-01
43131.3 2.030848630e-01
43144.8 1.947747978e-01
43158.3 1.867019744e-01
43171.8 1.788652658e-01
43185.4 1.712555018e-01
43198.9 1.638780334e-01
43212.4 1.567355800e-01
43225.9 1.498271505e-01
43239.4 1.431482439e-01
43252.9 1.367005775e-01
43266.4 1.304797688e-01
43279.9 1.244840056e-01
43293.5 1.187090589e-01
43307.0 1.131504436e-01
43320.5 1.077999268e-01
43334.0 1.026557354e-01
43347.5 9.771638848e-02
43361.0 9.297406961e-02
43374.5 8.841942451e-02
43388.0 8.404896266e-02
43401.6 7.986291561e-02
43415.1 7.585073417e-02
43428.6 7.200383447e-02
43442.1 6.832026872e-02
43455.6 6.484542186e-02
43469.1 6.151843362e-02
43482.6 5.830956489e-02
43496.1 5.524402506e-02
43509.7 5.232788289e-02
43523.2 4.960502665e-02
43536.7 4.695227343e-02
43550.2 4.442377068e-02
43563.7 4.202642676e-02
43577.2 3.974347252e-02
43590.7 3.757037249e-02
43604.2 3.550175854e-02
43617.8 3.355058901e-02
43631.3 3.169658439e-02
43644.8 2.993529166e-02
43658.3 2.826102002e-02
43671.8 2.668754134e-02
43685.3 2.519487367e-02
43698.8 2.377852806e-02
43712.3 2.243493272e-02
43725.8 2.117461346e-02
43739.4 1.998071130e-02
43752.9 1.884815735e-02
43766.4 1.778040012e-02
43779.9 1.678269790e-02
43793.4 1.583813915e-02
43806.9 1.493724279e-02
43820.4 1.408522385e-02
43833.9 1.328907152e-02
43847.5 1.253914943e-02
43861.0 1.182439185e-02
43874.5 1.115426948e-02
43888.0 1.052733350e-02
43901.5 9.938511412e-03
43915.0 9.375209451e-03
43928.5 8.850620413e-03
43942.0 8.359361638e-03
43955.6 7.898213652e-03
43969.1 7.452103100e-03
43982.6 7.038495652e-03
43996.1 6.653062506e-03
44009.6 6.292371996e-03
44023.1 5.944299738e-03
44036.6 5.620793689e-03
44050.1 5.321246085e-03
44063.7 5.042897175e-03
44077.2 4.766545637e-03
44090.7 4.507177613e-03
44104.2 4.270664103e-03
44117.7 4.049183466e-03
44131.2 3.837540662e-03
44144.7 3.640244519e-03
44158.2 3.458858426e-03
44171.8 3.283034947e-03
44185.3 3.113631345e-03
44198.8 2.950569443e-03
44212.3 2.807847605e-03
44225.8 2.669099889e-03
44239.3 2.534597423e-03
44252.8 2.404548060e-03
44266.3 2.288882099e-03
44279.9 2.178356516e-03
44293.4 2.069925585e-03
44306.9 1.967938499e-03
44320.4 1.875975938e-03
44333.9 1.790108436e-03
44347.4 1.702709250e-03
44360.9 1.622173335e-03
44374.4 1.548433611e-03
44388.0 1.481576890e-03
44401.5 1.410116397e-03
44415.0 1.344964904e-03
44428.5 1.285211373e-03
44442.0 1.229688940e-03
44455.5 1.169234282e-03
44469.0 1.112808374e-03
44482.5 1.064821192e-03
44496.1 1.024388283e-03
44509.6 9.822808644e-04
44523.1 9.394358191e-04
44536.6 9.028131421e-04
44550.1 8.660422242e-04
44563.6 8.282578799e-04
44577.1 7.874761417e-04
44590.6 7.548146714e-04
44604.1 7.233608936e-04
44617.7 6.918549141e-04
44631.2 6.599835998e-04
44644.7 6.359652405e-04
44658.2 6.159981078e-04
44671.7 5.923322052e-04
44685.2 5.654953178e-04
44698.7 5.404505215e-04
44712.2 5.199785430e-04
44725.8 4.951717188e-04
44739.3 4.727540364e-04
44752.8 4.535373774e-04
44766.3 4.449777974e-04
44779.8 4.312402391e-04
44793.3 4.143549739e-04
44806.8 3.973548704e-04
44820.3 3.850877716e-04
44833.9 3.719238835e-04
44847.4 3.542778582e-04
44860.9 3.398144038e-04
44874.4 3.282856431e-04
44887.9 3.195984962e-04
44901.4 3.025487297e-04
44914.9 2.880768815e-04
44928.4 2.759217783e-04
44942.0 2.673095637e-04
44955.5 2.561879986e-04
44969.0 2.461660662e-04
44982.5 2.414868071e-04
44996.0 2.361259866e-04
45009.5 2.284153844e-04
45023.0 2.172461105e-04
45036.5 2.130547846e-04
45050.1 2.081194985e-04
45063.6 2.014987022e-04
45077.1 1.886590569e-04
45090.6 1.807709968e-04
45104.1 1.758928891e-04
45117.6 1.689747045e-04
45131.1 1.607893746e-04
45144.6 1.539949197e-04
45158.2 1.519639307e-04
45171.7 1.431497573e-04
45185.2 1.309196775e-04
45198.7 1.216954461e-04
45212.2 1.202942441e-04
45225.7 1.186057715e-04
45239.2 1.142070525e-04
45252.7 1.090374421e-04
45266.3 1.062911013e-04
45279.8 1.063796746e-04
45293.3 1.006590164e-04
45306.8 9.586674848e-05
45320.3 9.229676843e-05
45333.8 9.417231037e-05
45347.3 9.172249060e-05
45360.8 8.673136337e-05
45374.4 8.141587106e-05
45387.9 7.972945238e-05
45401.4 7.898596506e-05
45414.9 7.506939620e-05
45428.4 7.150866956e-05
45441.9 6.861606379e-05
45455.4 6.718206821e-05
45468.9 6.406806662e-05
45482.5 6.199002461e-05
45496.0 6.221234112e-05
45509.5 6.117478819e-05
45523.0 5.808333368e-05
45536.5 5.363208700e-05
45550.0 5.323307016e-05
45563.5 5.375667426e-05
45577.0 5.240945908e-05
45590.5 4.613931606e-05
45604.1 4.350507952e-05
45617.6 4.447598807e-05
45631.1 4.491073986e-05
45644.6 4.309055421e-05
45658.1 3.913500036e-05
45671.6 3.812129699e-05
45685.1 3.696994322e-05
45698.6 3.613641084e-05
45712.2 3.392861283e-05
45725.7 3.301582629e-05
45739.2 3.325328983e-05
45752.7 3.164056569e-05
45766.2 2.972021186e-05
45779.7 2.749513630e-05
45793.2 2.760031243e-05
45806.7 2.652245964e-05
45820.3 2.432369129e-05
45833.8 2.023008518e-05
45847.3 1.840521281e-05
45860.8 1.819485374e-05
45874.3 1.659098171e-05
45887.8 1.600698320e-05
45901.3 1.637922007e-05
45914.8 1.774536498e-05
45928.4 1.751986199e-05
45941.9 1.671262509e-05
45955.4 1.508749917e-05
45968.9 1.490579861e-05
45982.4 1.524408440e-05
45995.9 1.369434772e-05
46009.4 1.282116494e-05
46022.9 1.262506327e-05
46036.5 1.179851383e-05
46050.0 1.020384268e-05
46063.5 8.276664666e-06
46077.0 9.286089418e-06
46090.5 1.087133555e-05
46104.0 1.267746370e-05
46117.5 1.220000694e-05
46131.0 1.370898851e-05
46144.6 1.737500655e-05
46158.1 1.858513832e-05
46171.6 1.753379092e-05
46185.1 1.522492096e-05
46198.6 1.359819741e-05
46212.1 1.215199034e-05
46225.6 1.147625099e-05
46239.1 1.215664643e-05
46252.7 1.323891812e-05
46266.2 1.482940345e-05
46279.7 1.350828888e-05
46293.2 1.096967014e-05
46306.7 8.301758976e-06
46320.2 7.725101029e-06
46333.7 8.494289533e-06
46347.2 7.735881927e-06
46360.8 7.242848322e-06
46374.3 7.823982094e-06
46387.8 9.724265341e-06
46401.3 1.128549196e-05
46414.8 1.234592984e-05
46428.3 1.379152039e-05
46441.8 1.499893048e-05
46455.3 1.518334891e-05
46468.8 1.107423613e-05
46482.4 8.308153140e-06
46495.9 6.873266826e-06
46509.4 7.840410558e-06
46522.9 8.846979068e-06
46536.4 8.328411650e-06
46549.9 7.728908567e-06
46563.4 7.219755111e-06
46576.9 7.152521255e-06
46590.5 7.254702751e-06
46604.0 7.837157781e-06
46617.5 1.040278184e-05
46631.0 1.302431923e-05
46644.5 1.515062551e-05
46658.0 1.444853736e-05
46671.5 1.377601934e-05
46685.0 1.314844933e-05
46698.6 1.163226710e-05
46712.1 1.028573119e-05
46725.6 9.172211893e-06
46739.1 9.346472516e-06
46752.6 9.875290181e-06
46766.1 9.857753986e-06
46779.6 9.545335797e-06
46793.1 9.046960738e-06
46806.7 9.684997001e-06
46820.2 9.712162977e-06
46833.7 9.279433171e-06
46847.2 8.233934133e-06
46860.7 7.444141450e-06
46874.2 7.080778768e-06
46887.7 6.766875410e-06
46901.2 8.004960559e-06
46914.8 1.017832834e-05
46928.3 1.209709281e-05
46941.8 1.372408167e-05
46955.3 1.251961628e-05
46968.8 1.159202368e-05
46982.3 1.115596669e-05
46995.8 1.140394515e-05
47009.3 1.120177805e-05
47022.9 1.038081398e-05
47036.4 9.877809494e-06
47049.9 1.008856216e-05
47063.4 9.834645324e-06
47076.9 9.550298012e-06
47090.4 9.718239852e-06
47103.9 1.052433158e-05
47117.4 1.045626963e-05
47131.0 9.460812463e-06
47144.5 7.891614133e-06
47158.0 8.376469736e-06
47171.5 1.056242498e-05
47185.0 1.107293488e-05
47198.5 1.108278294e-05
47212.0 1.016331889e-05
47225.5 1.084011001e-05
47239.1 1.224952944e-05
47252.6 1.204560725e-05
47266.1 1.116853080e-05
47279.6 9.688989611e-06
47293.1 9.678530804e-06
47306.6 1.007712492e-05
47320.1 9.674689296e-06
47333.6 8.908430196e-06
47347.1 8.185100628e-06
47360.7 9.395924489e-06
47374.2 1.062786495e-05
47387.7 1.183588522e-05
47401.2 1.250773121e-05
47414.7 1.297917854e-05
47428.2 1.311439979e-05
47441.7 1.233063734e-05
47455.2 1.082463564e-05
47468.8 8.928429044e-06
47482.3 7.392389079e-06
47495.8 6.209093628e-06
47509.3 5.013656899e-06
47522.8 4.594265347e-06
47536.3 5.175067890e-06
47549.8 5.794318213e-06
47563.3 6.331147619e-06
47576.9 6.120003313e-06
47590.4 6.154072599e-06
47603.9 6.462320762e-06
47617.4 5.809840737e-06
47630.9 4.334325266e-06
47644.4 2.686895300e-06
47657.9 2.451672982e-06
47671.4 3.490197873e-06
47685.0 4.917371974e-06
47698.5 5.691502886e-06
47712.0 4.850328949e-06
47725.5 3.905981794e-06
47739.0 4.426587183e-06
47752.5 3.397425835e-06
47766.0 3.491504188e-06
47779.5 3.130132081e-06
47793.1 2.351661790e-06
47806.6 2.134935198e-06
47820.1 1.392661562e-06
47833.6 7.976592259e-07
47847.1 9.434378659e-07
47860.6 1.622932598e-06
47874.1 3.827701780e-06
47887.6 4.395339652e-06
47901.2 5.108695926e-06
47914.7 5.016517463e-06
47928.2 4.637152913e-06
47941.7 4.288364645e-06
47955.2 3.552856606e-06
47968.7 3.393814347e-06
47982.2 3.421975055e-06
47995.7 4.056135838e-06
48009.3 5.134323421e-06
48022.8 5.852089208e-06
48036.3 6.811695056e-06
48049.8 7.980789213e-06
48063.3 7.683138232e-06
48076.8 6.851836919e-06
48090.3 5.499757059e-06
48103.8 5.038874837e-06
48117.4 4.898198048e-06
48130.9 3.849494965e-06
48144.4 1.484934587e-06
48157.9 1.387117697e-06
48171.4 2.321341656e-06
48184.9 5.153443658e-06
48198.4 7.056187822e-06
48211.9 9.415458668e-06
48225.5 1.051476662e-05
48239.0 1.079079807e-05
48252.5 1.136824834e-05
48266.0 1.051000106e-05
48279.5 9.561647019e-06
48293.0 8.433586593e-06
48306.5 8.130334121e-06
48320.0 7.856459236e-06
48333.5 6.893403377e-06
48347.1 6.648296062e-06
48360.6 6.950660166e-06
48374.1 7.775487357e-06
48387.6 9.303442199e-06
48401.1 9.525471658e-06
48414.6 1.085698805e-05
48428.1 1.220669610e-05
48441.6 1.421064981e-05
48455.2 1.698499449e-05
48468.7 1.495247320e-05
48482.2 1.362954195e-05
48495.7 1.329899900e-05
48509.2 1.316057012e-05
48522.7 1.330858959e-05
48536.2 1.071476683e-05
48549.7 9.960736267e-06
48563.3 1.079117794e-05
48576.8 1.221537469e-05
48590.3 1.538307938e-05
48603.8 1.291891454e-05
48617.3 1.089813467e-05
48630.8 1.026028207e-05
48644.3 1.005808448e-05
48657.8 1.052843565e-05
48671.4 8.278662971e-06
48684.9 8.516764508e-06
48698.4 1.010725054e-05
48711.9 1.141773398e-05
48725.4 1.272160682e-05
48738.9 1.126798279e-05
48752.4 1.129180355e-05
48765.9 1.223707871e-05
48779.5 1.292832829e-05
48793.0 1.325795480e-05
48806.5 1.294311397e-05
48820.0 1.262726343e-05
48833.5 1.304788371e-05
48847.0 1.334406174e-05
48860.5 1.198127815e-05
48874.0 1.106894329e-05
48887.6 1.115326616e-05
48901.1 1.425179703e-05
48914.6 1.732834976e-05
48928.1 1.787375419e-05
48941.6 1.724954749e-05
48955.1 1.635170668e-05
48968.6 1.673515050e-05
48982.1 1.704182058e-05
48995.7 1.435330643e-05
49009.2 1.187613415e-05
49022.7 1.012911040e-05
49036.2 1.045651796e-05
49049.7 1.146785750e-05
49063.2 1.099456238e-05
49076.7 1.162005701e-05
49090.2 1.207134132e-05
49103.8 1.284103976e-05
49117.3 1.508403932e-05
49130.8 1.639985951e-05
49144.3 1.744828329e-05
49157.8 1.762382954e-05
49171.3 1.702428280e-05
49184.8 1.773863294e-05
49198.3 1.712488804e-05
49211.8 1.590752778e-05
49225.4 1.557948239e-05
49238.9 1.598233893e-05
49252.4 1.552011194e-05
49265.9 1.521609784e-05
49279.4 1.437465623e-05
49292.9 1.534585006e-05
49306.4 1.730360756e-05
49319.9 1.818968425e-05
49333.5 1.973430077e-05
49347.0 1.967530220e-05
49360.5 2.059121326e-05
49374.0 2.286923810e-05
49387.5 2.247875600e-05
49401.0 2.223196214e-05
49414.5 2.039948277e-05
49428.0 1.938000728e-05
49441.6 1.948068343e-05
49455.1 1.839216141e-05
49468.6 1.649630997e-05
49482.1 1.482793827e-05
49495.6 1.407207729e-05
49509.1 1.579317290e-05
49522.6 1.800171625e-05
49536.1 1.748130368e-05
49549.7 1.710065796e-05
49563.2 1.728581286e-05
49576.7 1.903145258e-05
49590.2 2.103934433e-05
49603.7 2.053098862e-05
49617.2 2.023746112e-05
49630.7 1.974653126e-05
49644.2 1.945780560e-05
49657.8 2.009865028e-05
49671.3 1.822893439e-05
49684.8 1.673492237e-05
49698.3 1.600897401e-05
49711.8 1.613035094e-05
49725.3 1.694627084e-05
49738.8 1.634533758e-05
49752.3 1.509051544e-05
49765.9 1.604411462e-05
49779.4 1.780043040e-05
49792.9 1.941321597e-05
49806.4 2.117243506e-05
49819.9 1.896269923e-05
49833.4 1.751666353e-05
49846.9 1.642944472e-05
49860.4 1.525835148e-05
49874.0 1.481538299e-05
49887.5 1.334242360e-05
49901.0 1.248757244e-05
49914.5 1.281142132e-05
49928.0 1.302685037e-05
49941.5 1.280150606e-05
49955.0 1.317692367e-05
49968.5 1.368953313e-05
49982.1 1.525570963e-05
49995.6 1.773041045e-05
50009.1 1.625415047e-05
50022.6 1.515861971e-05
50036.1 1.337143541e-05
50049.6 1.310283154e-05
50063.1 1.460370376e-05
50076.6 1.513590334e-05
50090.1 1.515164597e-05
50103.7 1.469185044e-05
50117.2 1.435157457e-05
50130.7 1.530418400e-05
50144.2 1.621708005e-05
50157.7 1.606338494e-05
50171.2 1.646073427e-05
50184.7 1.739652300e-05
50198.2 1.804355795e-05
50211.8 1.843416172e-05
50225.3 1.524183545e-05
50238.8 1.309993699e-05
50252.3 1.308301011e-05
50265.8 1.384606094e-05
50279.3 1.618919674e-05
50292.8 1.863806998e-05
50306.3 1.875269732e-05
50319.9 1.839376381e-05
50333.4 1.776644046e-05
50346.9 1.630033365e-05
50360.4 1.507530403e-05
50373.9 1.427566959e-05
50387.4 1.454820845e-05
50400.9 1.754641443e-05
50414.4 1.995875559e-05
50428.0 2.059834362e-05
50441.5 1.968584000e-05
50455.0 1.802377399e-05
50468.5 1.846359085e-05
50482.0 1.954356543e-05
50495.5 1.820218839e-05
50509.0 1.731846867e-05
50522.5 1.545104142e-05
50536.1 1.497770701e-05
50549.6 1.663294871e-05
50563.1 1.804044598e-05
50576.6 1.896621789e-05
50590.1 1.944107530e-05
50603.6 1.972771840e-05
50617.1 2.079205782e-05
50630.6 2.207951803e-05
50644.2 2.003182804e-05
50657.7 1.830773731e-05
50671.2 1.697600044e-05
50684.7 1.715058072e-05
50698.2 1.902761551e-05
50711.7 1.924778849e-05
50725.2 1.815717049e-05
50738.7 1.642198904e-05
50752.3 1.525172053e-05
50765.8 1.494269269e-05
50779.3 1.528222438e-05
50792.8 1.260732351e-05
50806.3 1.056790998e-05
50819.8 1.029795890e-05
50833.3 1.112692502e-05
50846.8 1.387471302e-05
50860.4 1.575117007e-05
50873.9 1.586579783e-05
50887.4 1.543644382e-05
50900.9 1.514214859e-05
50914.4 1.517613592e-05
50927.9 1.605891182e-05
50941.4 1.625050745e-05
50954.9 1.662542523e-05
50968.4 1.769537900e-05
50982.0 1.882792692e-05
50995.5 1.865811332e-05
