10780.3 0.000000000e+00
10787.5 0.000000000e+00
10794.6 0.000000000e+00
10801.7 0.000000000e+00
10808.9 0.000000000e+00
10816.0 0.000000000e+00
10823.2 0.000000000e+00
10830.3 0.000000000e+00
10837.5 0.000000000e+00
10844.6 0.000000000e+00
10851.8 0.000000000e+00
10858.9 0.000000000e+00
10866.0 0.000000000e+00
10873.2 0.000000000e+00
10880.3 0.000000000e+00
10887.5 0.000000000e+00
10894.6 0.000000000e+00
10901.8 0.000000000e+00
10908.9 0.000000000e+00
10916.0 0.000000000e+00
10923.2 0.000000000e+00
10930.3 0.000000000e+00
10937.5 0.000000000e+00
10944.6 0.000000000e+00
10951.8 0.000000000e+00
10958.9 0.000000000e+00
10966.1 0.000000000e+00
10973.2 0.000000000e+00
10980.3 0.000000000e+00
10987.5 0.000000000e+00
10994.6 0.000000000e+00
11001.8 0.000000000e+00
11008.9 0.000000000e+00
11016.1 0.000000000e+00
11023.2 0.000000000e+00
11030.4 0.000000000e+00
11037.5 0.000000000e+00
11044.6 0.000000000e+00
11051.8 0.000000000e+00
11058.9 0.000000000e+00
11066.1 0.000000000e+00
11073.2 0.000000000e+00
11080.4 0.000000000e+00
11087.5 0.000000000e+00
11094.6 0.000000000e+00
11101.8 0.000000000e+00
11108.9 0.000000000e+00
11116.1 0.000000000e+00
11128.0 0.000000000e+00
11149.4 0.000000000e+00
11170.9 0.000000000e+00
11192.3 0.000000000e+00
11213.8 0.000000000e+00
11235.2 0.000000000e+00
11256.6 0.000000000e+00
11278.1 0.000000000e+00
11299.5 0.000000000e+00
11321.0 0.000000000e+00
11342.4 0.000000000e+00
11363.8 0.000000000e+00
11385.3 0.000000000e+00
11406.7 0.000000000e+00
11428.2 0.000000000e+00
11449.6 0.000000000e+00
11471.1 0.000000000e+00
11492.5 0.000000000e+00
11513.9 0.000000000e+00
11535.4 0.000000000e+00
11556.8 0.000000000e+00
11578.3 0.000000000e+00
11599.7 0.000000000e+00
11621.1 0.000000000e+00
11642.6 0.000000000e+00
11664.0 0.000000000e+00
11685.5 0.000000000e+00
11706.9 0.000000000e+00
11728.4 0.000000000e+00
11749.8 0.000000000e+00
11771.2 0.000000000e+00
11792.7 0.000000000e+00
11814.1 0.000000000e+00
11835.6 0.000000000e+00
11857.0 0.000000000e+00
11878.4 0.000000000e+00
11899.9 0.000000000e+00
11921.3 0.000000000e+00
11942.8 0.000000000e+00
11964.2 0.000000000e+00
11985.6 0.000000000e+00
12007.1 0.000000000e+00
12028.5 0.000000000e+00
12050.0 0.000000000e+00
12071.4 0.000000000e+00
12092.9 0.000000000e+00
12114.3 0.000000000e+00
12135.7 0.000000000e+00
12157.2 0.000000000e+00
12178.6 0.000000000e+00
12200.1 0.000000000e+00
12221.5 0.000000000e+00
12242.9 0.000000000e+00
12264.4 0.000000000e+00
12285.8 0.000000000e+00
12307.3 0.000000000e+00
12328.7 0.000000000e+00
12350.1 0.000000000e+00
12371.6 0.000000000e+00
12393.0 0.000000000e+00
12414.5 0.000000000e+00
12435.9 0.000000000e+00
12457.4 0.000000000e+00
12478.8 0.000000000e+00
12500.2 0.000000000e+00
12521.7 0.000000000e+00
12543.1 0.000000000e+00
12564.6 0.000000000e+00
12586.0 0.000000000e+00
12607.4 0.000000000e+00
12628.9 0.000000000e+00
12650.3 0.000000000e+00
12671.8 0.000000000e+00
12693.2 0.000000000e+00
12714.6 0.000000000e+00
12736.1 0.000000000e+00
12757.5 0.000000000e+00
12779.0 0.000000000e+00
12800.4 0.000000000e+00
12821.9 0.000000000e+00
12843.3 0.000000000e+00
12864.7 0.000000000e+00
12886.2 0.000000000e+00
12907.6 0.000000000e+00
12929.1 0.000000000e+00
12950.5 0.000000000e+00
12971.9 0.000000000e+00
12993.4 0.000000000e+00
13014.8 0.000000000e+00
13036.3 0.000000000e+00
13057.7 0.000000000e+00
13079.1 0.000000000e+00
13100.6 0.000000000e+00
13122.0 0.000000000e+00
13143.5 0.000000000e+00
13164.9 0.000000000e+00
13186.4 0.000000000e+00
13207.8 0.000000000e+00
13229.2 0.000000000e+00
13250.7 0.000000000e+00
13272.1 0.000000000e+00
13293.6 0.000000000e+00
13315.0 0.000000000e+00
13336.4 0.000000000e+00
13357.9 0.000000000e+00
13379.3 0.000000000e+00
13400.8 0.000000000e+00
13422.2 0.000000000e+00
13443.6 0.000000000e+00
13465.1 0.000000000e+00
13486.5 0.000000000e+00
13508.0 0.000000000e+00
13529.4 0.000000000e+00
13550.9 0.000000000e+00
13572.3 0.000000000e+00
13593.7 0.000000000e+00
13615.2 0.000000000e+00
13636.6 0.000000000e+00
13658.1 0.000000000e+00
13679.5 0.000000000e+00
13700.9 0.000000000e+00
13722.4 0.000000000e+00
13743.8 0.000000000e+00
13765.3 0.000000000e+00
13786.7 0.000000000e+00
13808.1 0.000000000e+00
13829.6 0.000000000e+00
13851.0 0.000000000e+00
13872.5 0.000000000e+00
13893.9 0.000000000e+00
13915.4 0.000000000e+00
13936.8 0.000000000e+00
13958.2 0.000000000e+00
13979.7 0.000000000e+00
14001.1 0.000000000e+00
14022.6 0.000000000e+00
14044.0 0.000000000e+00
14065.4 0.000000000e+00
14086.9 0.000000000e+00
14108.3 0.000000000e+00
14129.8 0.000000000e+00
14151.2 0.000000000e+00
14172.7 0.000000000e+00
14194.1 0.000000000e+00
14215.5 0.000000000e+00
14237.0 0.000000000e+00
14258.4 0.000000000e+00
14279.9 0.000000000e+00
14301.3 0.000000000e+00
14322.7 0.000000000e+00
14344.2 0.000000000e+00
14365.6 0.000000000e+00
14387.1 0.000000000e+00
14408.5 0.000000000e+00
14429.9 0.000000000e+00
14451.4 0.000000000e+00
14472.8 0.000000000e+00
14494.3 0.000000000e+00
14515.7 0.000000000e+00
14537.2 0.000000000e+00
14558.6 0.000000000e+00
14580.0 0.000000000e+00
14601.5 0.000000000e+00
14622.9 0.000000000e+00
14644.4 0.000000000e+00
14665.8 0.000000000e+00
14687.2 0.000000000e+00
14708.7 0.000000000e+00
14730.1 0.000000000e+00
14751.6 0.000000000e+00
14773.0 0.000000000e+00
14794.4 0.000000000e+00
14815.9 0.000000000e+00
14837.3 0.000000000e+00
14858.8 0.000000000e+00
14880.2 0.000000000e+00
14901.7 0.000000000e+00
14923.1 0.000000000e+00
14944.5 0.000000000e+00
14966.0 0.000000000e+00
14987.4 0.000000000e+00
15008.9 0.000000000e+00
15030.3 0.000000000e+00
15051.7 0.000000000e+00
15073.2 0.000000000e+00
15094.6 0.000000000e+00
15116.1 0.000000000e+00
15137.5 0.000000000e+00
15158.9 0.000000000e+00
15180.4 0.000000000e+00
15201.8 0.000000000e+00
15223.3 0.000000000e+00
15244.7 0.000000000e+00
15266.2 0.000000000e+00
15287.6 0.000000000e+00
15309.0 0.000000000e+00
15330.5 0.000000000e+00
15351.9 0.000000000e+00
15373.4 0.000000000e+00
15394.8 0.000000000e+00
15416.2 0.000000000e+00
15437.7 0.000000000e+00
15459.1 0.000000000e+00
15480.6 0.000000000e+00
15502.0 0.000000000e+00
15523.4 0.000000000e+00
15544.9 0.000000000e+00
15566.3 0.000000000e+00
15587.8 0.000000000e+00
15609.2 0.000000000e+00
15630.7 0.000000000e+00
15652.1 0.000000000e+00
15673.5 0.000000000e+00
15695.0 0.000000000e+00
15716.4 0.000000000e+00
15737.9 0.000000000e+00
15759.3 0.000000000e+00
15780.7 0.000000000e+00
15802.2 0.000000000e+00
15823.6 0.000000000e+00
15845.1 0.000000000e+00
15866.5 0.000000000e+00
15887.9 0.000000000e+00
15909.4 0.000000000e+00
15930.8 0.000000000e+00
15952.3 0.000000000e+00
15973.7 0.000000000e+00
15995.2 0.000000000e+00
16016.6 0.000000000e+00
16038.0 0.000000000e+00
16059.5 0.000000000e+00
16080.9 0.000000000e+00
16102.4 0.000000000e+00
16123.8 0.000000000e+00
16145.2 0.000000000e+00
16166.7 0.000000000e+00
16188.1 0.000000000e+00
16209.6 0.000000000e+00
16231.0 0.000000000e+00
16252.4 0.000000000e+00
16273.9 0.000000000e+00
16295.3 0.000000000e+00
16316.8 0.000000000e+00
16338.2 0.000000000e+00
16359.7 0.000000000e+00
16381.1 0.000000000e+00
16402.5 0.000000000e+00
16424.0 0.000000000e+00
16445.4 0.000000000e+00
16466.9 0.000000000e+00
16488.3 0.000000000e+00
16509.7 0.000000000e+00
16531.2 0.000000000e+00
16552.6 0.000000000e+00
16574.1 0.000000000e+00
16595.5 0.000000000e+00
16617.0 0.000000000e+00
16638.4 0.000000000e+00
16659.8 0.000000000e+00
16681.3 0.000000000e+00
16702.7 0.000000000e+00
16724.2 0.000000000e+00
16745.6 0.000000000e+00
16767.0 0.000000000e+00
16788.5 0.000000000e+00
16809.9 0.000000000e+00
16831.4 0.000000000e+00
16852.8 0.000000000e+00
16874.2 0.000000000e+00
16895.7 0.000000000e+00
16917.1 0.000000000e+00
16938.6 0.000000000e+00
16960.0 0.000000000e+00
16981.5 0.000000000e+00
17002.9 0.000000000e+00
17024.3 0.000000000e+00
17045.8 0.000000000e+00
17067.2 0.000000000e+00
17088.7 0.000000000e+00
17110.1 0.000000000e+00
17131.5 0.000000000e+00
17153.0 0.000000000e+00
17174.4 0.000000000e+00
17195.9 0.000000000e+00
17217.3 0.000000000e+00
17238.7 0.000000000e+00
17260.2 0.000000000e+00
17281.6 0.000000000e+00
17303.1 0.000000000e+00
17324.5 0.000000000e+00
17346.0 0.000000000e+00
17367.4 0.000000000e+00
17388.8 0.000000000e+00
17410.3 0.000000000e+00
17431.7 0.000000000e+00
17453.2 0.000000000e+00
17474.6 0.000000000e+00
17496.0 0.000000000e+00
17517.5 0.000000000e+00
17538.9 0.000000000e+00
17560.4 0.000000000e+00
17581.8 0.000000000e+00
17603.2 0.000000000e+00
17624.7 0.000000000e+00
17646.1 0.000000000e+00
17667.6 0.000000000e+00
17689.0 0.000000000e+00
17710.5 0.000000000e+00
17731.9 0.000000000e+00
17753.3 0.000000000e+00
17774.8 0.000000000e+00
17796.2 0.000000000e+00
17817.7 0.000000000e+00
17839.1 0.000000000e+00
17860.5 0.000000000e+00
17882.0 0.000000000e+00
17903.4 0.000000000e+00
17924.9 0.000000000e+00
17946.3 0.000000000e+00
17967.7 0.000000000e+00
17989.2 0.000000000e+00
18010.6 0.000000000e+00
18032.1 0.000000000e+00
18053.5 0.000000000e+00
18075.0 0.000000000e+00
18096.4 0.000000000e+00
18117.8 0.000000000e+00
18139.3 0.000000000e+00
18160.7 0.000000000e+00
18182.2 0.000000000e+00
18203.6 0.000000000e+00
18225.0 0.000000000e+00
18246.5 0.000000000e+00
18267.9 0.000000000e+00
18289.4 0.000000000e+00
18310.8 0.000000000e+00
18332.2 0.000000000e+00
18353.7 0.000000000e+00
18375.1 0.000000000e+00
18396.6 0.000000000e+00
18418.0 0.000000000e+00
18439.5 0.000000000e+00
18460.9 0.000000000e+00
18482.3 0.000000000e+00
18503.8 0.000000000e+00
18525.2 0.000000000e+00
18546.7 0.000000000e+00
18568.1 0.000000000e+00
18589.5 0.000000000e+00
18611.0 0.000000000e+00
18632.4 0.000000000e+00
18653.9 0.000000000e+00
18675.3 0.000000000e+00
18696.7 0.000000000e+00
18718.2 0.000000000e+00
18739.6 0.000000000e+00
18761.1 0.000000000e+00
18782.5 0.000000000e+00
18804.0 0.000000000e+00
18825.4 0.000000000e+00
18846.8 0.000000000e+00
18868.3 0.000000000e+00
18889.7 0.000000000e+00
18911.2 0.000000000e+00
18932.6 0.000000000e+00
18954.0 0.000000000e+00
18975.5 0.000000000e+00
18996.9 0.000000000e+00
19018.4 0.000000000e+00
19039.8 0.000000000e+00
19061.2 0.000000000e+00
19082.7 0.000000000e+00
19104.1 0.000000000e+00
19125.6 0.000000000e+00
19147.0 0.000000000e+00
19168.5 0.000000000e+00
19189.9 0.000000000e+00
19211.3 0.000000000e+00
19232.8 0.000000000e+00
19254.2 0.000000000e+00
19275.7 0.000000000e+00
19297.1 0.000000000e+00
19318.5 0.000000000e+00
19340.0 0.000000000e+00
19361.4 0.000000000e+00
19382.9 0.000000000e+00
19404.3 0.000000000e+00
19425.8 0.000000000e+00
19447.2 0.000000000e+00
19468.6 0.000000000e+00
19490.1 0.000000000e+00
19511.5 0.000000000e+00
19533.0 0.000000000e+00
19554.4 0.000000000e+00
19575.8 0.000000000e+00
19597.3 0.000000000e+00
19618.7 0.000000000e+00
19640.2 0.000000000e+00
19661.6 0.000000000e+00
19683.0 0.000000000e+00
19704.5 0.000000000e+00
19725.9 0.000000000e+00
19747.4 0.000000000e+00
19768.8 0.000000000e+00
19790.3 0.000000000e+00
19811.7 0.000000000e+00
19833.1 0.000000000e+00
19854.6 0.000000000e+00
19876.0 0.000000000e+00
19897.5 0.000000000e+00
19918.9 0.000000000e+00
19940.3 0.000000000e+00
19961.8 0.000000000e+00
19983.2 0.000000000e+00
20004.7 2.152855604e-10
20026.1 1.883208643e-10
20047.5 1.636478098e-10
20069.0 1.441208849e-10
20090.4 1.291069382e-10
20111.9 1.188812809e-10
20133.3 1.113119884e-10
20154.8 1.055983942e-10
20176.2 9.996773948e-11
20197.6 9.419459150e-11
20219.1 8.881723752e-11
20240.5 8.229375183e-11
20262.0 7.770667993e-11
20283.4 7.380581031e-11
20304.8 7.070496211e-11
20326.3 6.871136507e-11
20347.7 6.635554295e-11
20369.2 6.486379412e-11
20390.6 6.402788648e-11
20412.0 6.453783110e-11
20433.5 6.485131222e-11
20454.9 6.531941272e-11
20476.4 6.609179546e-11
20497.8 6.829279282e-11
20519.3 7.052469421e-11
20540.7 7.409829461e-11
20562.1 7.805054139e-11
20583.6 8.322044370e-11
20605.0 8.890747677e-11
20626.5 9.553854090e-11
20647.9 1.035040642e-10
20669.3 1.130231273e-10
20690.8 1.242933896e-10
20712.2 1.376223958e-10
20733.7 1.544341964e-10
20755.1 1.755621095e-10
20776.5 2.004887649e-10
20798.0 2.338930189e-10
20819.4 2.735687540e-10
20840.9 3.260217707e-10
20862.3 3.926487230e-10
20883.8 4.716515992e-10
20905.2 5.469338687e-10
20926.6 6.391593605e-10
20948.1 7.068143709e-10
20969.5 7.757966378e-10
20991.0 8.279803365e-10
21012.4 8.672696409e-10
21033.8 8.887258924e-10
21055.3 8.484883592e-10
21076.7 7.968973763e-10
21098.2 7.069976839e-10
21119.6 6.067778723e-10
21141.0 4.840342763e-10
21162.5 3.671279790e-10
21183.9 2.786268177e-10
21205.4 2.371770273e-10
21226.8 2.052833171e-10
21248.3 1.757017176e-10
21269.7 1.530288148e-10
21291.1 1.256291784e-10
21312.6 1.064090450e-10
21334.0 9.895539747e-11
21355.5 9.360022532e-11
21376.9 9.877126690e-11
21398.3 7.815858473e-11
21419.8 6.335118009e-11
21441.2 5.321883446e-11
21462.7 5.164023447e-11
21484.1 5.949640378e-11
21505.5 5.102677198e-11
21527.0 4.987815555e-11
21548.4 6.244726999e-11
21569.9 7.443202189e-11
21591.3 1.103660083e-10
21612.8 1.132466773e-10
21634.2 1.174903931e-10
21655.6 1.107500163e-10
21677.1 1.171553851e-10
21698.5 1.133079204e-10
21720.0 8.749672757e-11
21741.4 7.403282940e-11
21762.8 3.266066507e-11
21784.3 3.529699600e-11
21805.7 2.805907051e-11
21827.2 2.839132488e-11
21848.6 5.446759499e-11
21870.1 3.115213973e-11
21891.5 2.047912823e-11
21912.9 8.144713339e-12
21934.4 9.507364321e-12
21955.8 4.028495646e-11
21977.3 1.390138127e-11
21998.7 1.061005685e-11
22020.1 3.162875794e-11
22041.6 6.689308130e-11
22063.0 1.627512972e-10
22084.5 1.921184392e-10
22105.9 2.428774723e-10
22127.3 2.291844712e-10
22148.8 1.898009867e-10
22170.2 2.116994212e-10
22191.7 1.535483987e-10
22213.1 1.508912018e-10
22234.6 1.828579692e-10
22256.0 2.034636627e-10
22277.4 3.050878068e-10
22298.9 4.051086839e-10
22320.3 5.867497555e-10
22341.8 5.414943990e-10
22363.2 2.477340743e-10
22384.6 1.382587487e-10
22406.1 3.503754053e-11
22427.5 4.083728375e-11
22449.0 9.634904329e-11
22470.4 2.419416409e-11
22491.8 1.245310586e-11
22513.3 2.476011268e-11
22534.7 2.101565372e-10
22556.2 2.078166947e-09
22577.6 2.661912606e-09
22599.1 5.114447840e-09
22620.5 7.831568030e-09
22641.9 6.596321536e-09
22663.4 6.255767038e-09
22684.8 5.363200560e-09
22706.3 6.284346796e-09
22727.7 8.317665259e-09
22749.1 7.905124199e-09
22770.6 1.537009015e-08
22792.0 2.599884576e-08
22813.5 3.179621708e-08
22834.9 3.814140483e-08
22856.3 2.294214369e-08
22877.8 1.910930598e-08
22899.2 8.153955972e-09
22920.7 2.941504577e-09
22942.1 2.230943234e-09
22963.6 4.275814394e-09
22985.0 9.848255143e-09
23006.4 2.144204473e-08
23027.9 2.480495972e-08
23049.3 3.219483949e-08
23070.8 2.719427135e-08
23092.2 2.805916919e-08
23113.6 5.513393290e-08
23135.1 2.820826590e-08
23156.5 1.682724219e-08
23178.0 1.143721753e-08
23199.4 1.874967234e-08
23220.8 1.211751103e-07
23242.3 3.753730699e-07
23263.7 4.478307698e-07
23285.2 5.579186729e-07
23306.6 4.170350394e-07
23328.1 4.375896775e-07
23349.5 4.672419319e-07
23370.9 3.510036165e-07
23392.4 3.541324226e-07
23413.8 4.094918366e-07
23435.3 4.798417089e-07
23456.7 6.214657470e-07
23478.1 1.616178251e-07
23499.6 1.801739263e-08
23521.0 3.795574669e-09
23542.5 4.487772098e-09
23563.9 7.434384958e-09
23585.3 1.622997349e-08
23606.8 6.288912121e-08
23628.2 4.187179019e-07
23649.7 1.518152943e-06
23671.1 1.449449017e-06
23692.6 1.421146356e-06
23714.0 1.148858245e-06
23735.4 1.111961660e-06
23756.9 1.208408256e-06
23778.3 1.899867002e-07
23799.8 3.650379205e-08
23821.2 6.367474179e-08
23842.6 2.891398524e-08
23864.1 9.930177629e-08
23885.5 4.690821501e-07
23907.0 7.852995848e-07
23928.4 1.499163504e-06
23949.8 1.609816847e-06
23971.3 1.132085474e-06
23992.7 9.441436300e-07
24014.2 5.503543073e-07
24035.6 4.095070437e-07
24057.1 7.539849565e-07
24078.5 9.835064904e-07
24099.9 1.211547513e-06
24121.4 1.865408474e-06
24142.8 2.026734378e-06
24164.3 2.192448129e-06
24185.7 2.662555118e-06
24207.1 1.786250694e-06
24228.6 1.340938533e-06
24250.0 1.483962214e-06
24271.5 1.248459049e-06
24292.9 1.258541186e-06
24314.4 1.515953738e-06
24335.8 1.546234293e-06
24357.2 1.736606658e-06
24378.7 1.190850692e-06
24400.1 6.108087636e-07
24421.6 4.156668779e-07
24443.0 4.511631687e-07
24464.4 7.114879964e-07
24485.9 1.477156226e-06
24507.3 1.477861460e-06
24528.8 1.424028157e-06
24550.2 1.636353969e-06
24571.6 1.628806247e-06
24593.1 1.660890706e-06
24614.5 2.602704746e-06
24636.0 2.685990829e-06
24657.4 2.320526613e-06
24678.9 2.192306267e-06
24700.3 1.535035453e-06
24721.7 1.280286939e-06
24743.2 1.482288006e-06
24764.6 1.315094204e-06
24786.1 1.460638215e-06
24807.5 2.104678937e-06
24828.9 1.876834218e-06
24850.4 1.678711041e-06
24871.8 1.621772461e-06
24893.3 1.665926502e-06
24914.7 2.335467836e-06
24936.1 3.649389271e-06
24957.6 2.534396865e-06
24979.0 1.762335463e-06
25000.5 7.407411654e-07
25021.9 1.906947027e-06
25038.3 3.195129255e-06
25051.8 5.112089179e-06
25065.3 2.046576260e-06
25078.9 1.300627796e-06
25092.4 2.267846423e-06
25105.9 2.000756383e-06
25119.4 1.287895353e-06
25132.9 1.145700288e-06
25146.4 2.450344040e-06
25159.9 3.185981030e-07
25173.4 3.246266484e-06
25187.0 2.602602587e-06
25200.5 2.535237602e-06
25214.0 3.992333406e-08
25227.5 1.221421966e-06
25241.0 1.783217502e-06
25254.5 1.216545504e-06
25268.0 7.064431290e-07
25281.5 8.785984903e-07
25295.1 1.341754103e-06
25308.6 1.591861470e-06
25322.1 1.227493423e-06
25335.6 2.808246405e-06
25349.1 3.759447937e-06
25362.6 3.139338237e-06
25376.1 1.946034843e-06
25389.6 4.734400859e-07
25403.2 1.500042698e-06
25416.7 9.763635406e-08
25430.2 1.933595036e-06
25443.7 2.554910490e-06
25457.2 3.288107238e-06
25470.7 3.542083450e-06
25484.2 1.894021052e-06
25497.7 1.170311100e-06
25511.2 8.665170309e-07
25524.8 1.185009503e-06
25538.3 2.019217795e-06
25551.8 2.626610755e-06
25565.3 3.477430900e-06
25578.8 2.853544728e-06
25592.3 2.133505017e-06
25605.8 3.991375704e-06
25619.3 5.581512540e-06
25632.9 3.087488894e-06
25646.4 3.814319518e-06
25659.9 5.724913417e-06
25673.4 3.558062238e-06
25686.9 2.291883697e-06
25700.4 3.910818077e-06
25713.9 2.152254681e-06
25727.4 3.900158680e-06
25741.0 5.010320969e-06
25754.5 3.405614008e-06
25768.0 3.126137318e-06
25781.5 4.206037447e-06
25795.0 3.781082849e-06
25808.5 1.747683125e-06
25822.0 2.640146804e-06
25835.5 1.828582556e-06
25849.1 3.140698747e-06
25862.6 3.793558799e-06
25876.1 3.938684225e-06
25889.6 2.874690652e-06
25903.1 4.430069745e-06
25916.6 4.450112999e-06
25930.1 5.580718151e-06
25943.6 4.469920678e-06
25957.2 1.349819257e-06
25970.7 5.259095998e-07
25984.2 3.854636838e-06
25997.7 4.033278322e-06
26011.2 2.641538872e-06
26024.7 3.028390451e-06
26038.2 7.303843892e-06
26051.7 6.395177313e-06
26065.3 1.956325548e-06
26078.8 3.786344832e-06
26092.3 3.058958570e-06
26105.8 1.522922398e-06
26119.3 2.940625277e-06
26132.8 4.207402374e-06
26146.3 4.616591236e-06
26159.8 4.945622193e-06
26173.4 3.890504877e-06
26186.9 2.825779503e-06
26200.4 2.505250607e-06
26213.9 6.341575320e-06
26227.4 7.848243308e-06
26240.9 4.761255451e-06
26254.4 5.204598349e-06
26267.9 3.535107173e-06
26281.5 2.637561399e-06
26295.0 4.525291833e-06
26308.5 3.987952232e-06
26322.0 4.987456010e-06
26335.5 2.738518509e-06
26349.0 2.037552328e-06
26362.5 6.714129116e-06
26376.0 3.472452585e-06
26389.5 4.852255593e-06
26403.1 4.205190866e-06
26416.6 7.170778224e-06
26430.1 6.751074695e-06
26443.6 4.730967145e-06
26457.1 3.739052772e-06
26470.6 3.764777337e-06
26484.1 1.463162340e-06
26497.6 1.032876608e-06
26511.2 1.079620535e-06
26524.7 2.401751417e-06
26538.2 3.865746275e-06
26551.7 4.601381620e-06
26565.2 6.123989635e-06
26578.7 3.201728005e-06
26592.2 4.072717178e-06
26605.7 5.675382078e-06
26619.3 5.736866933e-06
26632.8 3.561420172e-06
26646.3 1.797051605e-06
26659.8 3.250943682e-06
26673.3 1.937471362e-06
26686.8 5.431838512e-06
26700.3 4.860784199e-06
26713.8 2.881290601e-06
26727.4 3.474143911e-06
26740.9 4.083541394e-06
26754.4 4.230000448e-06
26767.9 1.787911511e-06
26781.4 4.107864182e-06
26794.9 4.043567262e-06
26808.4 2.632064366e-06
26821.9 2.385750261e-06
26835.5 5.178965567e-07
26849.0 2.967184861e-06
26862.5 7.416860081e-07
26876.0 1.182297022e-06
26889.5 1.664949614e-06
26903.0 3.377219820e-06
26916.5 4.591325078e-06
26930.0 2.586505813e-06
26943.6 8.604765831e-07
26957.1 1.691100989e-06
26970.6 2.793412768e-06
26984.1 2.000975493e-06
26997.6 2.235423621e-06
27011.1 2.026422428e-06
27024.6 1.144905656e-06
27038.1 4.077768594e-06
27051.7 2.123015849e-06
27065.2 1.794147181e-06
27078.7 5.108088638e-06
27092.2 2.249837956e-06
27105.7 3.473715549e-06
27119.2 1.900373801e-06
27132.7 2.680668939e-06
27146.2 3.903395117e-06
27159.8 2.509729039e-06
27173.3 4.498672434e-06
27186.8 2.271805321e-06
27200.3 4.033332240e-06
27213.8 3.817882975e-06
27227.3 3.647168243e-06
27240.8 3.988522513e-06
27254.3 3.812543823e-06
27267.9 2.412286563e-06
27281.4 2.834743448e-06
27294.9 4.802180887e-06
27308.4 1.972539829e-06
27321.9 1.974097329e-06
27335.4 2.349890843e-06
27348.9 2.081261441e-06
27362.4 2.316333997e-06
27375.9 3.124312625e-06
27389.5 6.777948822e-07
27403.0 1.290631517e-06
27416.5 1.435685287e-06
27430.0 1.632133598e-06
27443.5 8.915451453e-07
27457.0 1.220363863e-06
27470.5 1.761320052e-06
27484.0 2.051938813e-06
27497.6 2.001808839e-06
27511.1 8.037862244e-07
27524.6 8.429366304e-07
27538.1 1.152858157e-06
27551.6 2.139080673e-06
27565.1 6.247336452e-08
27578.6 3.005930546e-07
27592.1 1.907513294e-06
27605.7 9.421212775e-07
27619.2 2.412786757e-06
27632.7 9.576773326e-07
27646.2 5.883317804e-07
27659.7 1.767170169e-07
27673.2 1.562330406e-06
27686.7 3.261052725e-06
27700.2 3.706400996e-06
27713.8 2.475769863e-06
27727.3 1.891018694e-06
27740.8 1.189834292e-06
27754.3 1.749489750e-06
27767.8 9.342817191e-07
27781.3 7.375287651e-07
27794.8 5.836180093e-07
27808.3 1.302329010e-06
27821.9 9.302102315e-07
27835.4 1.122010257e-06
27848.9 3.720669328e-07
27862.4 2.419210993e-08
27875.9 2.522780267e-07
27889.4 1.128603157e-06
27902.9 1.514023018e-06
27916.4 2.030699024e-06
27930.0 1.082798683e-06
27943.5 4.046576906e-07
27957.0 1.164208195e-06
27970.5 4.120510603e-08
27984.0 5.437810989e-07
27997.5 2.721205188e-08
28011.0 5.287084155e-09
28024.5 5.289995023e-09
28038.1 5.292779487e-09
28051.6 4.768227509e-07
28065.1 3.033411544e-08
28078.6 4.071610779e-07
28092.1 3.130911050e-07
28105.6 1.073401473e-06
28119.1 1.379647446e-06
28132.6 2.566531661e-07
28146.2 5.342058974e-09
28159.7 3.123145651e-08
28173.2 1.039557377e-06
28186.7 1.110237146e-06
28200.2 8.822900125e-07
28213.7 1.059264571e-06
28227.2 2.071566109e-06
28240.7 8.559629239e-07
28254.2 1.118495759e-07
28267.8 3.568526357e-08
28281.3 9.872909906e-07
28294.8 1.156584887e-08
28308.3 6.303409149e-07
28321.8 1.084651814e-07
28335.3 4.854459748e-08
28348.8 1.171833744e-07
28362.3 4.195512210e-07
28375.9 2.963976518e-07
28389.4 6.018280362e-07
28402.9 5.750134876e-07
28416.4 2.864168754e-06
28429.9 1.077167364e-06
28443.4 3.802585055e-07
28456.9 1.101254356e-06
28470.4 1.440488414e-06
28484.0 1.737153021e-06
28497.5 1.843293147e-06
28511.0 7.532471115e-07
28524.5 9.239851303e-07
28538.0 2.241519618e-06
28551.5 1.496219574e-06
28565.0 6.763015026e-07
28578.5 5.271309489e-09
28592.1 3.823571861e-07
28605.6 9.834263646e-07
28619.1 2.566747330e-07
28632.6 2.301208820e-07
28646.1 5.055782033e-08
28659.6 2.273729617e-07
28673.1 4.104466085e-07
28686.6 7.287826070e-07
28700.2 2.725184369e-07
28713.7 3.096229450e-07
28727.2 2.412939637e-08
28740.7 8.601646996e-07
28754.2 2.434127173e-06
28767.7 2.071505299e-06
28781.2 1.823282868e-07
28794.7 5.289737909e-09
28808.3 5.291577879e-09
28821.8 5.293416008e-09
28835.3 5.295235549e-09
28848.8 5.895855721e-09
28862.3 4.068773080e-07
28875.8 1.707847413e-06
28889.3 1.982516494e-06
28902.8 6.600946381e-07
28916.4 7.994461952e-07
28929.9 7.907727725e-09
28943.4 5.306902294e-09
28956.9 1.523650632e-07
28970.4 8.046523251e-09
28983.9 7.779341305e-07
28997.4 3.362476840e-07
29010.9 8.790092121e-08
29024.5 1.894769646e-07
29038.0 1.306349347e-06
29051.5 1.891303916e-06
29065.0 2.365064768e-06
29078.5 3.100947669e-06
29092.0 2.528559142e-07
29105.5 9.829080662e-08
29119.0 1.434328654e-06
29132.5 1.847923684e-06
29146.1 7.440915544e-07
29159.6 1.182521705e-06
29173.1 9.880886012e-07
29186.6 1.874118134e-06
29200.1 1.384374678e-06
29213.6 1.914225404e-08
29227.1 6.253847890e-07
29240.6 1.991446873e-07
29254.2 6.622183175e-07
29267.7 6.349277039e-07
29281.2 7.745169376e-09
29294.7 5.272697777e-09
29308.2 5.269884190e-09
29321.7 5.267072928e-09
29335.2 5.264283777e-09
29348.7 5.261531837e-09
29362.3 4.811911503e-07
29375.8 1.502644323e-06
29389.3 1.465041867e-06
29402.8 2.384191002e-08
29416.3 4.407955641e-07
29429.8 1.315527430e-07
29443.3 8.358315939e-07
29456.8 2.667563389e-08
29470.4 1.254757376e-08
29483.9 8.381674665e-08
29497.4 1.918379680e-07
29510.9 8.334876917e-07
29524.4 1.056020900e-06
29537.9 4.243371294e-08
29551.4 7.250636611e-08
29564.9 7.570877939e-07
29578.5 7.845990479e-07
29592.0 6.572216627e-07
29605.5 1.780897402e-07
29619.0 6.573201895e-07
29632.5 8.310468695e-07
29646.0 2.951539798e-07
29659.5 4.080774946e-07
29673.0 1.171537329e-06
29686.6 2.976949287e-07
29700.1 7.884732589e-09
29713.6 3.932142466e-08
29727.1 8.259012156e-07
29740.6 4.661595854e-07
29754.1 2.587654220e-07
29767.6 2.024468644e-07
29781.1 5.287424165e-09
29794.7 5.291315938e-09
29808.2 7.577198205e-09
29821.7 5.385044225e-09
29835.2 5.303800701e-09
29848.7 2.106925938e-07
29862.2 6.303216743e-07
29875.7 7.432305123e-08
29889.2 1.237143363e-06
29902.8 4.349311602e-07
29916.3 7.976816279e-08
29929.8 5.341333469e-09
29943.3 5.345996716e-09
29956.8 6.181323227e-08
29970.3 3.432522571e-07
29983.8 7.864498554e-07
29997.3 1.442201239e-06
30010.9 1.323629700e-06
30024.4 1.286372632e-06
30037.9 1.910910347e-06
30051.4 1.061911778e-06
30064.9 6.958888111e-07
30078.4 3.959717911e-07
30091.9 7.409296912e-07
30105.4 2.104711377e-07
30118.9 2.075726313e-06
30132.5 8.161291060e-08
30146.0 2.122521407e-08
30159.5 4.768607124e-07
30173.0 1.511760744e-06
30186.5 2.989059630e-06
30200.0 1.245078010e-06
30213.5 6.466575758e-07
30227.0 2.000513787e-06
30240.6 2.535244932e-06
30254.1 3.080475145e-06
30267.6 9.636413458e-07
30281.1 7.393197818e-07
30294.6 1.506271853e-06
30308.1 5.336735254e-06
30321.6 5.607465077e-06
30335.1 3.584076743e-06
30348.7 2.648055614e-06
30362.2 3.620173233e-06
30375.7 3.114745422e-06
30389.2 3.171899146e-06
30402.7 3.259602801e-06
30416.2 2.324345305e-06
30429.7 2.274792323e-06
30443.2 4.980920627e-06
30456.8 1.675031084e-06
30470.3 1.165715775e-06
30483.8 1.041428285e-06
30497.3 3.256419590e-06
30510.8 2.195034993e-06
30524.3 3.287787458e-06
30537.8 3.061755198e-06
30551.3 2.264339223e-06
30564.9 1.963757407e-06
30578.4 3.779871047e-06
30591.9 1.934219933e-06
30605.4 3.678363362e-06
30618.9 3.977413991e-06
30632.4 3.866131381e-06
30645.9 4.215340645e-06
30659.4 3.934276527e-06
30673.0 2.557736732e-06
30686.5 3.792325220e-06
30700.0 4.672992648e-06
30713.5 6.107413821e-06
30727.0 7.249920718e-06
30740.5 6.612960684e-06
30754.0 6.237561895e-06
30767.5 7.439906240e-06
30781.1 6.390870383e-06
30794.6 7.175552594e-06
30808.1 8.568174931e-06
30821.6 7.322297274e-06
30835.1 7.737488135e-06
30848.6 1.204233203e-05
30862.1 1.292769289e-05
30875.6 1.508883236e-05
30889.2 1.311856729e-05
30902.7 1.537151918e-05
30916.2 1.862628190e-05
30929.7 1.780278865e-05
30943.2 1.757823383e-05
30956.7 1.743586426e-05
30970.2 1.967044197e-05
30983.7 2.231873561e-05
30997.2 2.164420721e-05
31010.8 2.273015910e-05
31024.3 2.458790972e-05
31037.8 2.522826881e-05
31051.3 2.760993290e-05
31064.8 3.089275283e-05
31078.3 3.296401438e-05
31091.8 3.371664753e-05
31105.3 3.287878521e-05
31118.9 3.501922871e-05
31132.4 3.606808572e-05
31145.9 3.434811387e-05
31159.4 3.583838265e-05
31172.9 3.869842857e-05
31186.4 3.926104873e-05
31199.9 3.905960782e-05
31213.4 3.659925878e-05
31227.0 3.651265438e-05
31240.5 3.918825754e-05
31254.0 3.743609446e-05
31267.5 3.383012121e-05
31281.0 3.514827027e-05
31294.5 3.619199338e-05
31308.0 3.206090479e-05
31321.5 2.563522725e-05
31335.1 2.551738584e-05
31348.6 2.490971327e-05
31362.1 2.127915596e-05
31375.6 2.056336861e-05
31389.1 2.233326540e-05
31402.6 2.160671924e-05
31416.1 1.903667794e-05
31429.6 1.926621569e-05
31443.2 1.952642173e-05
31456.7 1.785439279e-05
31470.2 1.584741080e-05
31483.7 1.643459983e-05
31497.2 1.554482408e-05
31510.7 1.338613023e-05
31524.2 1.055782201e-05
31537.7 1.232513177e-05
31551.3 1.380266300e-05
31564.8 1.619281271e-05
31578.3 1.132073981e-05
31591.8 7.970025384e-06
31605.3 8.657128629e-06
31618.8 6.441044666e-06
31632.3 5.705454316e-06
31645.8 7.767359645e-06
31659.4 7.844171906e-06
31672.9 7.341084359e-06
31686.4 7.232850664e-06
31699.9 6.606263973e-06
31713.4 4.046946585e-06
31726.9 3.349565987e-06
31740.4 5.603906863e-06
31753.9 7.014597663e-06
31767.5 5.316776415e-06
31781.0 4.350311427e-06
31794.5 1.967070388e-06
31808.0 5.187580824e-06
31821.5 7.408177848e-06
31835.0 4.358006887e-06
31848.5 4.431036063e-06
31862.0 4.590618693e-06
31875.5 3.666634359e-06
31889.1 4.164057500e-06
31902.6 6.627139037e-06
31916.1 6.281218265e-06
31929.6 6.011460970e-06
31943.1 5.743322321e-06
31956.6 4.267675435e-06
31970.1 4.624264943e-06
31983.6 6.453481334e-06
31997.2 4.928711138e-06
32010.7 2.875728007e-06
32024.2 2.990826962e-06
32037.7 5.219386295e-06
32051.2 5.036916613e-06
32064.7 1.985139995e-06
32078.2 1.939908438e-06
32091.7 2.607701458e-06
32105.3 6.498853475e-06
32118.8 8.212425375e-06
32132.3 7.151128638e-06
32145.8 5.194004831e-06
32159.3 2.790649645e-06
32172.8 2.532397034e-06
32186.3 3.202037349e-06
32199.8 4.836206554e-06
32213.4 6.452697096e-06
32226.9 6.912211638e-06
32240.4 6.550430131e-06
32253.9 4.131797526e-06
32267.4 3.714822319e-06
32280.9 3.226405392e-06
32294.4 2.998730934e-06
32307.9 5.267706359e-06
32321.5 6.841349888e-06
32335.0 3.485783687e-06
32348.5 4.285543955e-06
32362.0 6.274802816e-06
32375.5 5.123695681e-06
32389.0 2.755348980e-06
32402.5 9.678998553e-07
32416.0 1.510961771e-06
32429.6 2.243104776e-06
32443.1 4.568227084e-06
32456.6 4.351294766e-06
32470.1 3.718612105e-06
32483.6 3.216352213e-06
32497.1 3.990142819e-06
32510.6 3.627271311e-06
32524.1 5.228877288e-06
32537.7 8.204982810e-06
32551.2 8.672026381e-06
32564.7 1.074983527e-05
32578.2 1.416772827e-05
32591.7 1.316729369e-05
32605.2 1.269130525e-05
32618.7 1.086636473e-05
32632.2 1.039189761e-05
32645.8 1.194770744e-05
32659.3 1.209323439e-05
32672.8 1.200347861e-05
32686.3 9.938463747e-06
32699.8 7.346153731e-06
32713.3 5.175121349e-06
32726.8 3.177143344e-06
32740.3 3.351960003e-06
32753.9 2.618246988e-06
32767.4 2.362513881e-06
32780.9 2.687861580e-06
32794.4 3.927950692e-06
32807.9 4.861404839e-06
32821.4 4.117777475e-06
32834.9 3.686197688e-06
32848.4 2.448347108e-06
32861.9 2.059101105e-06
32875.5 2.946297526e-06
32889.0 4.202916971e-06
32902.5 5.307776613e-06
32916.0 5.815711674e-06
32929.5 6.455649798e-06
32943.0 5.963921557e-06
32956.5 4.684637348e-06
32970.0 4.658500394e-06
32983.6 7.305524973e-06
32997.1 7.028997695e-06
33010.6 5.159714208e-06
33024.1 5.345475321e-06
33037.6 6.468806108e-06
33051.1 4.824156591e-06
33064.6 4.737062209e-06
33078.1 5.886450881e-06
33091.7 5.694765745e-06
33105.2 4.569181623e-06
33118.7 5.528148678e-06
33132.2 6.906912336e-06
33145.7 6.167760809e-06
33159.2 5.556249410e-06
33172.7 4.290321503e-06
33186.2 3.387832161e-06
33199.8 2.892495745e-06
33213.3 4.220357838e-06
33226.8 5.083616567e-06
33240.3 5.562663749e-06
33253.8 5.361833770e-06
33267.3 4.431537020e-06
33280.8 4.433318248e-06
33294.3 5.356090374e-06
33307.9 6.939918606e-06
33321.4 6.159407092e-06
33334.9 5.092868603e-06
33348.4 5.213947696e-06
33361.9 6.266651240e-06
33375.4 6.005545686e-06
33388.9 4.633170987e-06
33402.4 4.280448770e-06
33416.0 2.446810105e-06
33429.5 2.890759506e-06
33443.0 5.077662216e-06
33456.5 5.859020390e-06
33470.0 5.120516706e-06
33483.5 6.140384426e-06
33497.0 6.010792425e-06
33510.5 5.632277565e-06
33524.1 7.007945752e-06
33537.6 8.757312645e-06
33551.1 6.890369555e-06
33564.6 3.851227957e-06
33578.1 4.595569927e-06
33591.6 6.267671794e-06
33605.1 6.733333464e-06
33618.6 5.468374028e-06
33632.2 5.567448657e-06
33645.7 6.257208913e-06
33659.2 5.840669347e-06
33672.7 4.573856582e-06
33686.2 2.094624705e-06
33699.7 8.289692856e-07
33713.2 2.089084574e-06
33726.7 3.268646615e-06
33740.2 4.279632339e-06
33753.8 3.999991611e-06
33767.3 1.993709631e-06
33780.8 1.503409048e-06
33794.3 3.826500128e-06
33807.8 7.874393873e-06
33821.3 8.012742064e-06
33834.8 7.027896624e-06
33848.3 8.113452835e-06
33861.9 9.320125325e-06
33875.4 8.706038934e-06
33888.9 6.531784633e-06
33902.4 5.522575456e-06
33915.9 6.213932786e-06
33929.4 8.792153558e-06
33942.9 9.830656149e-06
33956.4 9.074291394e-06
33970.0 8.882960857e-06
33983.5 6.697370813e-06
33997.0 4.628203300e-06
34010.5 3.543069336e-06
34024.0 6.002299058e-06
34037.5 7.977838496e-06
34051.0 6.142590983e-06
34064.5 6.814586528e-06
34078.1 5.200602203e-06
34091.6 3.542797277e-06
34105.1 5.604393178e-06
34118.6 7.136354298e-06
34132.1 6.980872742e-06
34145.6 6.645397584e-06
34159.1 7.898886791e-06
34172.6 8.017733410e-06
34186.2 6.409999511e-06
34199.7 5.513713320e-06
34213.2 4.354357663e-06
34226.7 3.124304899e-06
34240.2 3.508547455e-06
34253.7 4.584411774e-06
34267.2 8.073956327e-06
34280.7 4.711020849e-06
34294.3 2.464962681e-06
34307.8 3.722346242e-06
34321.3 7.200650726e-06
34334.8 8.560964029e-06
34348.3 9.349727462e-06
34361.8 7.498500710e-06
34375.3 3.958004114e-06
34388.8 2.971916776e-06
34402.4 3.839746410e-06
34415.9 1.949484005e-06
34429.4 1.705527390e-06
34442.9 1.999649522e-06
34456.4 2.176326641e-06
34469.9 2.062633921e-06
34483.4 2.433855910e-07
34496.9 1.282182203e-06
34510.5 3.596484645e-06
34524.0 3.939117892e-06
34537.5 2.347535426e-06
34551.0 1.207456655e-07
34564.5 3.013709152e-07
34578.0 2.647112663e-06
34591.5 4.012786938e-06
34605.0 3.666725001e-06
34618.5 4.488186190e-06
34632.1 5.286336590e-06
34645.6 4.368969814e-06
34659.1 3.435312438e-06
34672.6 2.976595905e-06
34686.1 3.261234293e-06
34699.6 5.283753103e-06
34713.1 6.735242985e-06
34726.6 6.810214774e-06
34740.2 6.419186290e-06
34753.7 6.173237990e-06
34767.2 6.307883359e-06
34780.7 6.877892598e-06
34794.2 6.467847072e-06
34807.7 5.480548654e-06
34821.2 5.398313751e-06
34834.7 5.693680504e-06
34848.3 4.547433163e-06
34861.8 3.240414576e-06
34875.3 4.258765413e-06
34888.8 5.293023698e-06
34902.3 4.820838700e-06
34915.8 4.585231410e-06
34929.3 5.803289864e-06
34942.8 6.736547711e-06
34956.4 6.060501476e-06
34969.9 4.929985420e-06
34983.4 4.590088316e-06
34996.9 2.754212757e-06
35010.4 2.130643509e-06
35023.9 2.287756797e-06
35037.4 2.304449335e-06
35050.9 2.858160861e-06
35064.5 3.789850961e-06
35078.0 6.398286973e-06
35091.5 6.951600992e-06
35105.0 4.840227724e-06
35118.5 3.483099208e-06
35132.0 3.548243193e-06
35145.5 3.855441972e-06
35159.0 5.855978975e-06
35172.6 6.603512383e-06
35186.1 5.152836000e-06
35199.6 3.854203015e-06
35213.1 4.412606380e-06
35226.6 3.799916809e-06
35240.1 2.707401494e-06
35253.6 1.963432263e-06
35267.1 2.058443289e-06
35280.7 4.217619207e-06
35294.2 5.222888468e-06
35307.7 5.537439030e-06
35321.2 7.205639964e-06
35334.7 6.506971585e-06
35348.2 7.486281475e-06
35361.7 7.550045628e-06
35375.2 3.950822556e-06
35388.8 2.989471624e-06
35402.3 3.491959688e-06
35415.8 2.610548423e-06
35429.3 9.566597605e-07
35442.8 2.189583162e-06
35456.3 2.614415482e-06
35469.8 3.311454260e-06
35483.3 3.906112202e-06
35496.8 3.808555313e-06
35510.4 5.057037826e-06
35523.9 4.125207438e-06
35537.4 4.756228614e-06
35550.9 5.596975586e-06
35564.4 3.539915438e-06
35577.9 4.742623132e-06
35591.4 5.028210664e-06
35604.9 6.100964193e-06
35618.5 6.614593202e-06
35632.0 6.068977565e-06
35645.5 6.045836197e-06
35659.0 6.749536384e-06
35672.5 7.267236746e-06
35686.0 5.957880172e-06
35699.5 5.466893235e-06
35713.0 5.572125035e-06
35726.6 7.929428932e-06
35740.1 8.734587967e-06
35753.6 6.066141992e-06
35767.1 6.570413890e-06
35780.6 7.987228825e-06
35794.1 7.477445843e-06
35807.6 5.262758529e-06
35821.1 5.113796589e-06
35834.7 5.499062175e-06
35848.2 5.511165533e-06
35861.7 5.335532426e-06
35875.2 6.367514844e-06
35888.7 5.144944290e-06
35902.2 2.271364187e-06
35915.7 1.500673799e-06
35929.2 1.707109522e-06
35942.8 3.747399536e-06
35956.3 6.312224345e-06
35969.8 6.726956353e-06
35983.3 5.606764440e-06
35996.8 4.019901847e-06
36010.3 3.683618810e-06
36023.8 2.316598839e-06
36037.3 6.866711613e-07
36050.9 8.443511953e-07
36064.4 2.320766146e-06
36077.9 3.351576111e-06
36091.4 3.394752980e-06
36104.9 3.367849564e-06
36118.4 2.848859303e-06
36131.9 2.990746818e-06
36145.4 4.004493780e-06
36159.0 4.622537704e-06
36172.5 4.157829941e-06
36186.0 3.198696588e-06
36199.5 2.903203801e-06
36213.0 3.384644077e-06
36226.5 2.693969052e-06
36240.0 1.924716046e-06
36253.5 1.698372230e-06
36267.1 1.308733180e-06
36280.6 1.388022882e-06
36294.1 2.420710364e-06
36307.6 2.880155857e-06
36321.1 2.259349333e-06
36334.6 1.967799817e-06
36348.1 3.166537956e-06
36361.6 5.121282272e-06
36375.2 5.764037752e-06
36388.7 4.600026976e-06
36402.2 2.528430735e-06
36415.7 1.510090931e-06
36429.2 2.049736778e-06
36442.7 2.509685243e-06
36456.2 3.064734433e-06
36469.7 2.889845380e-06
36483.2 1.802100434e-06
36496.8 2.303671282e-06
36510.3 4.494593207e-06
36523.8 4.499486376e-06
36537.3 5.130519536e-06
36550.8 5.979221831e-06
36564.3 6.066837115e-06
36577.8 4.891178148e-06
36591.3 4.065069321e-06
36604.9 4.023002140e-06
36618.4 4.050797640e-06
36631.9 3.660229601e-06
36645.4 3.710871296e-06
36658.9 2.419637786e-06
36672.4 2.413469685e-06
36685.9 3.449403224e-06
36699.4 6.005770068e-06
36713.0 7.151440014e-06
36726.5 6.046887591e-06
36740.0 4.807706769e-06
36753.5 4.744594185e-06
36767.0 5.728176802e-06
36780.5 8.566449136e-06
36794.0 1.036677730e-05
36807.5 9.410756803e-06
36821.1 6.322619823e-06
36834.6 5.206778632e-06
36848.1 5.444419647e-06
36861.6 4.825951008e-06
36875.1 4.625025764e-06
36888.6 5.660137518e-06
36902.1 5.895623961e-06
36915.6 4.456157759e-06
36929.2 3.949372095e-06
36942.7 4.941533661e-06
36956.2 4.892216406e-06
36969.7 3.375322057e-06
36983.2 2.209895603e-06
36996.7 2.230981004e-06
37010.2 3.789033369e-06
37023.7 3.588957714e-06
37037.3 3.666460573e-06
37050.8 4.593917577e-06
37064.3 5.424063640e-06
37077.8 7.092562088e-06
37091.3 8.545069978e-06
37104.8 7.173592367e-06
37118.3 5.653805343e-06
37131.8 5.461021632e-06
37145.4 5.728573505e-06
37158.9 5.712458794e-06
37172.4 6.962467319e-06
37185.9 7.554052865e-06
37199.4 7.149628664e-06
37212.9 7.444592138e-06
37226.4 8.719735043e-06
37239.9 8.382501946e-06
37253.5 7.993331524e-06
37267.0 6.703320320e-06
37280.5 7.913201726e-06
37294.0 8.602930113e-06
37307.5 7.592356542e-06
37321.0 7.926209231e-06
37334.5 8.366890571e-06
37348.0 7.494660672e-06
37361.5 6.576756725e-06
37375.1 7.746515197e-06
37388.6 9.809130012e-06
37402.1 9.715888786e-06
37415.6 8.724734952e-06
37429.1 8.756258175e-06
37442.6 9.110699009e-06
37456.1 1.083288187e-05
37469.6 1.206010604e-05
37483.2 1.198488638e-05
37496.7 1.112439878e-05
37510.2 9.128134297e-06
37523.7 9.245667493e-06
37537.2 9.430243565e-06
37550.7 1.078996067e-05
37564.2 1.202404946e-05
37577.7 1.047188316e-05
37591.3 9.138598974e-06
37604.8 9.622810904e-06
37618.3 9.250042480e-06
37631.8 5.997899255e-06
37645.3 5.184926991e-06
37658.8 4.917643018e-06
37672.3 5.406303221e-06
37685.8 6.995077159e-06
37699.4 5.800068844e-06
37712.9 5.436884343e-06
37726.4 6.461932318e-06
37739.9 7.924561750e-06
37753.4 9.814138126e-06
37766.9 1.084066652e-05
37780.4 1.063194563e-05
37793.9 9.635238240e-06
37807.5 1.007716103e-05
37821.0 1.208403908e-05
37834.5 1.358198553e-05
37848.0 1.425153382e-05
37861.5 1.436056960e-05
37875.0 1.337602824e-05
37888.5 1.242120222e-05
37902.0 1.267779401e-05
37915.6 1.380038340e-05
37929.1 1.414471204e-05
37942.6 1.367696832e-05
37956.1 1.274288720e-05
37969.6 1.306064938e-05
37983.1 1.438717259e-05
37996.6 1.291056334e-05
38010.1 9.456136272e-06
38023.7 9.236538428e-06
38037.2 1.179561651e-05
38050.7 1.444364838e-05
38064.2 1.619641994e-05
38077.7 1.723752295e-05
38091.2 1.783062320e-05
38104.7 1.806872569e-05
38118.2 1.762664740e-05
38131.8 1.614024569e-05
38145.3 1.403193790e-05
38158.8 1.285455771e-05
38172.3 1.374117008e-05
38185.8 1.602574193e-05
38199.3 1.819039455e-05
38212.8 1.953800829e-05
38226.3 2.001104694e-05
38239.8 1.972410369e-05
38253.4 1.925526151e-05
38266.9 1.910076601e-05
38280.4 1.954290088e-05
38293.9 2.083246947e-05
38307.4 2.259557994e-05
38320.9 2.328491981e-05
38334.4 2.327093572e-05
38347.9 2.547955653e-05
38361.5 2.695695088e-05
38375.0 2.679138603e-05
38388.5 2.620758375e-05
38402.0 2.581933924e-05
38415.5 2.501895922e-05
38429.0 2.306288931e-05
38442.5 2.105987803e-05
38456.0 2.201200596e-05
38469.6 2.442885002e-05
38483.1 2.576600192e-05
38496.6 2.462963648e-05
38510.1 2.257351747e-05
38523.6 2.172257719e-05
38537.1 2.245841627e-05
38550.6 2.375260699e-05
38564.1 2.532731776e-05
38577.7 2.790559807e-05
38591.2 3.036768482e-05
38604.7 2.864336908e-05
38618.2 2.559748281e-05
38631.7 2.609550961e-05
38645.2 2.709275441e-05
38658.7 2.562123167e-05
38672.2 2.383935408e-05
38685.8 2.431026093e-05
38699.3 2.502383739e-05
38712.8 2.540592395e-05
38726.3 2.548426079e-05
38739.8 2.507714022e-05
38753.3 2.444806461e-05
38766.8 2.328360256e-05
38780.3 2.184420733e-05
38793.9 2.065756912e-05
38807.4 2.038421114e-05
38820.9 2.156197732e-05
38834.4 2.272097250e-05
38847.9 2.245780354e-05
38861.4 2.110599521e-05
38874.9 2.053879722e-05
38888.4 2.054229413e-05
38902.0 2.122366527e-05
38915.5 2.266663049e-05
38929.0 2.492670024e-05
38942.5 2.799281230e-05
38956.0 2.821038412e-05
38969.5 2.656958858e-05
38983.0 2.502266768e-05
38996.5 2.689330486e-05
39010.1 3.004226205e-05
39023.6 3.078179768e-05
39037.1 3.126899673e-05
39050.6 3.220582908e-05
39064.1 3.173041100e-05
39077.6 3.046100696e-05
39091.1 3.017044761e-05
39104.6 3.173824530e-05
39118.2 3.366001816e-05
39131.7 3.447101922e-05
39145.2 3.425747942e-05
39158.7 3.210553490e-05
39172.2 2.940314343e-05
39185.7 2.885240103e-05
39199.2 2.960203644e-05
39212.7 3.010665252e-05
39226.2 2.916289864e-05
39239.8 2.837742816e-05
39253.3 2.867938702e-05
39266.8 2.967561486e-05
39280.3 3.092080778e-05
39293.8 3.133789820e-05
39307.3 3.168582445e-05
39320.8 3.264414830e-05
39334.3 3.262812321e-05
39347.9 3.236970246e-05
39361.4 3.306987047e-05
39374.9 3.442880739e-05
39388.4 3.569260657e-05
39401.9 3.530203644e-05
39415.4 3.224104273e-05
39428.9 3.027010467e-05
39442.4 3.046487959e-05
39456.0 3.386441117e-05
39469.5 3.605627053e-05
39483.0 3.535303002e-05
39496.5 3.269770367e-05
39510.0 3.013423168e-05
39523.5 2.884663592e-05
39537.0 2.866487177e-05
39550.5 2.796076383e-05
39564.1 2.624392543e-05
39577.6 2.404880652e-05
39591.1 2.161036743e-05
39604.6 1.781747526e-05
39618.1 1.503448824e-05
39631.6 1.412051200e-05
39645.1 1.455945028e-05
39658.6 1.455975836e-05
39672.2 1.320311782e-05
39685.7 1.077072316e-05
39699.2 9.669563420e-06
39712.7 7.373947757e-06
39726.2 3.754476130e-06
39739.7 3.236119809e-06
39753.2 4.312103947e-06
39766.7 5.610467311e-06
39780.3 6.585374256e-06
39793.8 6.655104615e-06
39807.3 5.718041510e-06
39820.8 4.631498931e-06
39834.3 4.920912481e-06
39847.8 6.203690282e-06
39861.3 7.262441958e-06
39874.8 8.133527844e-06
39888.4 9.379471029e-06
39901.9 1.122860816e-05
39915.4 1.274562963e-05
39928.9 1.230626719e-05
39942.4 1.126414373e-05
39955.9 1.229651776e-05
39969.4 1.482625739e-05
39982.9 1.859401395e-05
39996.5 1.997591369e-05
40010.0 1.972689913e-05
40023.5 2.049834468e-05
40037.0 1.994945950e-05
40050.5 1.957517823e-05
40064.0 1.947435546e-05
40077.5 2.007837471e-05
40091.0 2.075826884e-05
40104.5 2.142328985e-05
40118.1 2.198641880e-05
40131.6 2.248414502e-05
40145.1 2.163759923e-05
40158.6 2.018230020e-05
40172.1 1.934165688e-05
40185.6 1.883305197e-05
40199.1 1.915901070e-05
40212.6 2.025583350e-05
40226.2 2.153352816e-05
40239.7 2.295637506e-05
40253.2 2.488432964e-05
40266.7 2.564738633e-05
40280.2 2.411458821e-05
40293.7 2.219676508e-05
40307.2 2.227588226e-05
40320.7 2.435532396e-05
40334.3 2.795647297e-05
40347.8 3.035684523e-05
40361.3 2.923836661e-05
40374.8 2.766229579e-05
40388.3 2.888782044e-05
40401.8 3.198766577e-05
40415.3 3.533054592e-05
40428.8 3.768536620e-05
40442.4 4.042942021e-05
40455.9 4.213494140e-05
40469.4 4.394954959e-05
40482.9 4.706446518e-05
40496.4 4.969714207e-05
40509.9 5.259358579e-05
40523.4 5.745547673e-05
40536.9 6.646239666e-05
40550.5 7.584773547e-05
40564.0 8.286005457e-05
40577.5 8.922502899e-05
40591.0 9.484589655e-05
40604.5 9.997542838e-05
40618.0 1.055582104e-04
40631.5 1.135856613e-04
40645.0 1.220535069e-04
40658.6 1.287470547e-04
40672.1 1.358613122e-04
40685.6 1.450256868e-04
40699.1 1.567845932e-04
40712.6 1.700180349e-04
40726.1 1.832005055e-04
40739.6 1.972289509e-04
40753.1 2.140632606e-04
40766.7 2.334089227e-04
40780.2 2.542548420e-04
40793.7 2.758056352e-04
40807.2 2.989841127e-04
40820.7 3.256165734e-04
40834.2 3.556794732e-04
40847.7 3.889205423e-04
40861.2 4.248338532e-04
40874.8 4.633816637e-04
40888.3 5.057421731e-04
40901.8 5.543499656e-04
40915.3 6.079025493e-04
40928.8 6.659344706e-04
40942.3 7.292064234e-04
40955.8 7.985715295e-04
40969.3 8.744716371e-04
40982.8 9.581623511e-04
40996.4 1.051728901e-03
41009.9 1.154570502e-03
41023.4 1.267168881e-03
41036.9 1.392556486e-03
41050.4 1.532816687e-03
41063.9 1.690935281e-03
41077.4 1.866941030e-03
41090.9 2.061822184e-03
41104.5 2.277584148e-03
41118.0 2.517165455e-03
41131.5 2.784665387e-03
41145.0 3.086269911e-03
41158.5 3.425125333e-03
41172.0 3.804445252e-03
41185.5 4.231989808e-03
41199.0 4.711930793e-03
41212.6 5.250607456e-03
41226.1 5.859440749e-03
41239.6 6.545448768e-03
41253.1 7.320051029e-03
41266.6 8.195187186e-03
41280.1 9.183635022e-03
41293.6 1.030055529e-02
41307.1 1.156943776e-02
41320.7 1.301008202e-02
41334.2 1.464594719e-02
41347.7 1.650532408e-02
41361.2 1.862293346e-02
41374.7 2.103960389e-02
41388.2 2.379158181e-02
41401.7 2.692988196e-02
41415.2 3.051147845e-02
41428.8 3.459905921e-02
41442.3 3.926159035e-02
41455.8 4.458337509e-02
41469.3 5.064375971e-02
41482.8 5.760086908e-02
41496.3 6.543425936e-02
41509.8 7.431580783e-02
41523.3 8.431860624e-02
41536.9 9.554226889e-02
41550.4 1.080940234e-01
41563.9 1.220615720e-01
41577.4 1.375105706e-01
41590.9 1.543903479e-01
41604.4 1.727699642e-01
41617.9 1.925988507e-01
41631.4 2.136364128e-01
41645.0 2.358566524e-01
41658.5 2.589295612e-01
41672.0 2.823665364e-01
41685.5 3.061531175e-01
41699.0 3.300165118e-01
41712.5 3.536587492e-01
41726.0 3.766135961e-01
41739.5 3.981969013e-01
41753.1 4.187506279e-01
41766.6 4.380829738e-01
41780.1 4.560518834e-01
41793.6 4.725175702e-01
41807.1 4.869490515e-01
41820.6 4.999231344e-01
41834.1 5.114826342e-01
41847.6 5.216782543e-01
41861.1 5.305131326e-01
41874.7 5.377107939e-01
41888.2 5.438842451e-01
41901.7 5.490993110e-01
41915.2 5.534276645e-01
41928.7 5.569188499e-01
41942.2 5.602588538e-01
41955.7 5.624284010e-01
41969.2 5.641297105e-01
41982.8 5.654409908e-01
41996.3 5.664492839e-01
42009.8 5.671299498e-01
42023.3 5.676187596e-01
42036.8 5.684023803e-01
42050.3 5.688647942e-01
42063.8 5.689979879e-01
42077.3 5.690589104e-01
42090.9 5.691085392e-01
42104.4 5.691323959e-01
42117.9 5.691175740e-01
42131.4 5.691105214e-01
42144.9 5.691411396e-01
42158.4 5.691676121e-01
42171.9 5.691999745e-01
42185.4 5.692690304e-01
42199.0 5.693837681e-01
42212.5 5.694764976e-01
42226.0 5.695856074e-01
42239.5 5.697227442e-01
42253.0 5.698751790e-01
42266.5 5.699863229e-01
42280.0 5.701148025e-01
42293.5 5.702470951e-01
42307.1 5.703635990e-01
42320.6 5.704316924e-01
42334.1 5.705158235e-01
42347.6 5.705791073e-01
42361.1 5.706076333e-01
42374.6 5.705981841e-01
42388.1 5.706158132e-01
42401.6 5.706013845e-01
42415.2 5.705557813e-01
42428.7 5.710523004e-01
42442.2 5.710770184e-01
42455.7 5.709347806e-01
42469.2 5.707389022e-01
42482.7 5.711154917e-01
42496.2 5.708405044e-01
42509.7 5.704511949e-01
42523.3 5.700115692e-01
42536.8 5.695268408e-01
42550.3 5.689887132e-01
42563.8 5.683137528e-01
42577.3 5.675448670e-01
42590.8 5.666853788e-01
42604.3 5.657065754e-01
42617.8 5.645481290e-01
42631.4 5.631827133e-01
42644.9 5.616077120e-01
42658.4 5.597594493e-01
42671.9 5.575818596e-01
42685.4 5.549119526e-01
42698.9 5.517531722e-01
42712.4 5.482086147e-01
42725.9 5.444446968e-01
42739.5 5.409622189e-01
42753.0 5.389639494e-01
42766.5 5.388936160e-01
42780.0 5.408832329e-01
42793.5 5.450178613e-01
42807.0 5.496806533e-01
42820.5 5.534059246e-01
42834.0 5.559207730e-01
42847.5 5.570838945e-01
42861.1 5.570046738e-01
42874.6 5.566122568e-01
42888.1 5.560673991e-01
42901.6 5.554941213e-01
42915.1 5.548940756e-01
42928.6 5.543074649e-01
42942.1 5.544942533e-01
42955.6 5.544598340e-01
42969.2 5.539117618e-01
42982.7 5.533944832e-01
42996.2 5.529121645e-01
43009.7 5.524555963e-01
43023.2 5.519892612e-01
43036.7 5.515791163e-01
43050.2 5.512141780e-01
43063.7 5.508849000e-01
43077.3 5.505678070e-01
43090.8 5.503377644e-01
43104.3 5.501593938e-01
43117.8 5.500145581e-01
43131.3 5.498816312e-01
43144.8 5.498322271e-01
43158.3 5.498166432e-01
43171.8 5.498218263e-01
43185.4 5.498328280e-01
43198.9 5.499188243e-01
43212.4 5.500231413e-01
43225.9 5.501343207e-01
43239.4 5.502441517e-01
43252.9 5.504010104e-01
43266.4 5.505397870e-01
43279.9 5.506540224e-01
43293.5 5.507411761e-01
43307.0 5.508445739e-01
43320.5 5.509065380e-01
43334.0 5.509193277e-01
43347.5 5.508813371e-01
43361.0 5.508078356e-01
43374.5 5.506618922e-01
43388.0 5.504344220e-01
43401.6 5.501283717e-01
43415.1 5.497479896e-01
43428.6 5.492686448e-01
43442.1 5.486899848e-01
43455.6 5.483613241e-01
43469.1 5.478780792e-01
43482.6 5.470355786e-01
43496.1 5.460890252e-01
43509.7 5.450787576e-01
43523.2 5.446256367e-01
43536.7 5.434836666e-01
43550.2 5.422732416e-01
43563.7 5.410447328e-01
43577.2 5.397877343e-01
43590.7 5.384957425e-01
43604.2 5.371610674e-01
43617.8 5.358355281e-01
43631.3 5.344764124e-01
43644.8 5.330726227e-01
43658.3 5.316026224e-01
43671.8 5.300534341e-01
43685.3 5.283660213e-01
43698.8 5.265101223e-01
43712.3 5.243885157e-01
43725.8 5.219060148e-01
43739.4 5.190240954e-01
43752.9 5.156833951e-01
43766.4 5.115474570e-01
43779.9 5.066035422e-01
43793.4 5.008634888e-01
43806.9 4.942645502e-01
43820.4 4.860611825e-01
43833.9 4.767451802e-01
43847.5 4.662967532e-01
43861.0 4.544187385e-01
43874.5 4.406683879e-01
43888.0 4.257085069e-01
43901.5 4.096154122e-01
43915.0 3.917571934e-01
43928.5 3.725128602e-01
43942.0 3.524703830e-01
43955.6 3.318196053e-01
43969.1 3.097265950e-01
43982.6 2.875363137e-01
43996.1 2.655081203e-01
44009.6 2.435775419e-01
44023.1 2.218014961e-01
44036.6 2.009788383e-01
44050.1 1.812493765e-01
44063.7 1.625789338e-01
44077.2 1.450311647e-01
44090.7 1.289498015e-01
44104.2 1.142867723e-01
44117.7 1.009375247e-01
44131.2 8.901513545e-02
44144.7 7.846173945e-02
44158.2 6.900952933e-02
44171.8 6.066347644e-02
44185.3 5.332086333e-02
44198.8 4.686966684e-02
44212.3 4.123224014e-02
44225.8 3.629695053e-02
44239.3 3.197619711e-02
44252.8 2.820308726e-02
44266.3 2.491460201e-02
44279.9 2.203558583e-02
44293.4 1.951190897e-02
44306.9 1.731297789e-02
44320.4 1.538341729e-02
44333.9 1.368679156e-02
44347.4 1.219528442e-02
44360.9 1.088423100e-02
44374.4 9.727718448e-03
44388.0 8.707233941e-03
44401.5 7.807933503e-03
44415.0 7.009684495e-03
44428.5 6.300526449e-03
44442.0 5.672796771e-03
44455.5 5.114124099e-03
44469.0 4.616494424e-03
44482.5 4.174145885e-03
44496.1 3.781501131e-03
44509.6 3.427293156e-03
44523.1 3.107762794e-03
44536.6 2.822559906e-03
44550.1 2.567604272e-03
44563.6 2.337722246e-03
44577.1 2.129342006e-03
44590.6 1.942546405e-03
44604.1 1.774529757e-03
44617.7 1.623330681e-03
44631.2 1.486399407e-03
44644.7 1.362610542e-03
44658.2 1.250434278e-03
44671.7 1.148850508e-03
44685.2 1.055480726e-03
44698.7 9.701638235e-04
44712.2 8.926164035e-04
44725.8 8.220802813e-04
44739.3 7.576373907e-04
44752.8 6.987383069e-04
44766.3 6.459917067e-04
44779.8 5.967499014e-04
44793.3 5.510253271e-04
44806.8 5.094379031e-04
44820.3 4.721560072e-04
44833.9 4.376061547e-04
44847.4 4.052050727e-04
44860.9 3.758814829e-04
44874.4 3.499557180e-04
44887.9 3.272801945e-04
44901.4 3.047525953e-04
44914.9 2.823953359e-04
44928.4 2.606549239e-04
44942.0 2.399177884e-04
44955.5 2.219869006e-04
44969.0 2.069882998e-04
44982.5 1.961975824e-04
44996.0 1.858947208e-04
45009.5 1.748568995e-04
45023.0 1.623631777e-04
45036.5 1.524317385e-04
45050.1 1.441225210e-04
45063.6 1.374079472e-04
45077.1 1.286868589e-04
45090.6 1.209300572e-04
45104.1 1.141635437e-04
45117.6 1.082126108e-04
45131.1 1.015950390e-04
45144.6 9.510979993e-05
45158.2 8.974574752e-05
45171.7 8.557905126e-05
45185.2 8.195924573e-05
45198.7 7.866512529e-05
45212.2 7.572801124e-05
45225.7 7.229998269e-05
45239.2 6.803182155e-05
45252.7 6.291781557e-05
45266.3 5.846337741e-05
45279.8 5.469149779e-05
45293.3 5.086888299e-05
45306.8 4.755875738e-05
45320.3 4.484583480e-05
45333.8 4.175972506e-05
45347.3 3.689320578e-05
45360.8 3.160359374e-05
45374.4 2.781102223e-05
45387.9 2.712112496e-05
45401.4 2.749194081e-05
45414.9 2.724841114e-05
45428.4 2.615867025e-05
45441.9 2.490289470e-05
45455.4 2.387179544e-05
45468.9 2.195776344e-05
45482.5 2.126099341e-05
45496.0 2.045796738e-05
45509.5 1.946433382e-05
45523.0 1.925911407e-05
45536.5 1.860366209e-05
45550.0 1.808749091e-05
45563.5 1.781219750e-05
45577.0 1.729186417e-05
45590.5 1.567329294e-05
45604.1 1.502462777e-05
45617.6 1.486540920e-05
45631.1 1.379284882e-05
45644.6 1.296989466e-05
45658.1 1.281627843e-05
45671.6 1.435300061e-05
45685.1 1.533464584e-05
45698.6 1.542395997e-05
45712.2 1.332583801e-05
45725.7 1.211491578e-05
45739.2 1.115707256e-05
45752.7 9.765815718e-06
45766.2 9.134213530e-06
45779.7 8.526466964e-06
45793.2 8.182752162e-06
45806.7 7.686633041e-06
45820.3 7.110129030e-06
45833.8 6.772204063e-06
45847.3 6.734986048e-06
45860.8 6.970942680e-06
45874.3 6.603844016e-06
45887.8 5.962700495e-06
45901.3 5.163444981e-06
45914.8 4.048311804e-06
45928.4 2.863700536e-06
45941.9 1.805398168e-06
45955.4 2.167418235e-06
45968.9 3.224424552e-06
45982.4 5.577327844e-06
45995.9 6.848307320e-06
46009.4 7.998676157e-06
46022.9 8.466890029e-06
46036.5 8.957943659e-06
46050.0 9.328712522e-06
46063.5 9.551852119e-06
46077.0 9.865847734e-06
46090.5 9.584596566e-06
46104.0 8.838453411e-06
46117.5 6.382186262e-06
46131.0 4.231988509e-06
46144.6 3.206233749e-06
46158.1 3.643963356e-06
46171.6 5.130619870e-06
46185.1 6.185816696e-06
46198.6 7.060983499e-06
46212.1 6.504974598e-06
46225.6 6.159454459e-06
46239.1 5.134591183e-06
46252.7 5.255329738e-06
46266.2 5.367211138e-06
46279.7 5.460643261e-06
46293.2 5.593910526e-06
46306.7 5.996985868e-06
46320.2 6.580972983e-06
46333.7 6.801851878e-06
46347.2 6.122799085e-06
46360.8 5.356079756e-06
46374.3 5.202121832e-06
46387.8 5.945446188e-06
46401.3 6.642178223e-06
46414.8 7.273858230e-06
46428.3 7.016200775e-06
46441.8 6.807365086e-06
46455.3 6.942940315e-06
46468.8 7.634232604e-06
46482.4 8.223053840e-06
46495.9 8.195246106e-06
46509.4 7.161836877e-06
46522.9 7.704663006e-06
46536.4 8.968573293e-06
46549.9 1.104627363e-05
46563.4 1.422461366e-05
46576.9 1.677305815e-05
46590.5 1.684627762e-05
46604.0 1.493680986e-05
46617.5 1.298881889e-05
46631.0 1.312680747e-05
46644.5 1.393778918e-05
46658.0 1.455268731e-05
46671.5 1.510171458e-05
46685.0 1.543807152e-05
46698.6 1.585151564e-05
46712.1 1.630846211e-05
46725.6 1.677812402e-05
46739.1 1.716777853e-05
46752.6 1.764403897e-05
46766.1 1.764764943e-05
46779.6 1.747770466e-05
46793.1 1.729573456e-05
46806.7 1.739562361e-05
46820.2 1.730653487e-05
46833.7 1.722772014e-05
46847.2 1.696539086e-05
46860.7 1.735618292e-05
46874.2 1.785873887e-05
46887.7 1.746397718e-05
46901.2 1.690960204e-05
46914.8 1.577498068e-05
46928.3 1.519416406e-05
46941.8 1.474563951e-05
46955.3 1.433671990e-05
46968.8 1.408530273e-05
46982.3 1.426809834e-05
46995.8 1.485384918e-05
47009.3 1.535230645e-05
47022.9 1.567683750e-05
47036.4 1.554724727e-05
47049.9 1.536481912e-05
47063.4 1.532797896e-05
47076.9 1.508740907e-05
47090.4 1.473174441e-05
47103.9 1.419568961e-05
47117.4 1.407600938e-05
47131.0 1.437210140e-05
47144.5 1.472382355e-05
47158.0 1.490755480e-05
47171.5 1.471538580e-05
47185.0 1.462790207e-05
47198.5 1.454749849e-05
47212.0 1.429336428e-05
47225.5 1.368990641e-05
47239.1 1.284730206e-05
47252.6 1.212797761e-05
47266.1 1.160356058e-05
47279.6 1.135349745e-05
47293.1 1.141988670e-05
47306.6 1.166934508e-05
47320.1 1.235761548e-05
47333.6 1.300337327e-05
47347.1 1.363070509e-05
47360.7 1.338897303e-05
47374.2 1.290005269e-05
47387.7 1.207493757e-05
47401.2 1.150698099e-05
47414.7 1.110277939e-05
47428.2 1.108818324e-05
47441.7 1.099375285e-05
47455.2 1.084082057e-05
47468.8 1.061881384e-05
47482.3 1.058281944e-05
47495.8 1.088790975e-05
47509.3 1.128236004e-05
47522.8 1.163590550e-05
47536.3 1.146087443e-05
47549.8 1.113228178e-05
47563.3 1.067630325e-05
47576.9 1.069139247e-05
47590.4 1.093219372e-05
47603.9 1.163264367e-05
47617.4 1.214838444e-05
47630.9 1.251914543e-05
47644.4 1.202213642e-05
47657.9 1.150426270e-05
47671.4 1.095888890e-05
47685.0 1.081351223e-05
47698.5 1.070551883e-05
47712.0 1.039608227e-05
47725.5 9.991972430e-06
47739.0 9.528856917e-06
47752.5 9.511714454e-06
47766.0 9.446329440e-06
47779.5 9.222783551e-06
47793.1 8.666640732e-06
47806.6 8.058032576e-06
47820.1 8.398250888e-06
47833.6 9.168419400e-06
47847.1 1.065893976e-05
47860.6 1.143114243e-05
47874.1 1.176938444e-05
47887.6 1.090810556e-05
47901.2 1.021390646e-05
47914.7 9.654800146e-06
47928.2 9.891288058e-06
47941.7 1.024696514e-05
47955.2 1.062667725e-05
47968.7 1.085253556e-05
47982.2 1.097093107e-05
47995.7 1.100169861e-05
48009.3 1.093930932e-05
48022.8 1.068630986e-05
48036.3 1.023023972e-05
48049.8 9.697625437e-06
48063.3 9.240956323e-06
48076.8 8.944576138e-06
48090.3 8.897084902e-06
48103.8 8.967833897e-06
48117.4 9.067400221e-06
48130.9 8.894087876e-06
48144.4 8.675677215e-06
48157.9 8.397520925e-06
48171.4 8.319928513e-06
48184.9 8.286664857e-06
48198.4 8.123783218e-06
48211.9 7.801293529e-06
48225.5 7.304968654e-06
48239.0 6.898083692e-06
48252.5 6.571393780e-06
48266.0 6.540859931e-06
48279.5 6.719944550e-06
48293.0 7.157421303e-06
48306.5 7.752535955e-06
48320.0 8.340888844e-06
48333.5 8.388258690e-06
48347.1 8.180415372e-06
48360.6 7.706963984e-06
48374.1 7.491940228e-06
48387.6 7.373409477e-06
48401.1 7.480571447e-06
48414.6 7.405121873e-06
48428.1 7.122441740e-06
48441.6 6.336780191e-06
48455.2 5.500538623e-06
48468.7 4.640356650e-06
48482.2 4.260300591e-06
48495.7 4.805800936e-06
48509.2 6.404598097e-06
48522.7 7.191696513e-06
48536.2 6.485111125e-06
48549.7 6.781666115e-06
48563.3 7.204336883e-06
48576.8 7.383657015e-06
48590.3 8.061642344e-06
48603.8 7.572027241e-06
48617.3 6.968680988e-06
48630.8 6.112484540e-06
48644.3 5.551094595e-06
48657.8 5.168234500e-06
48671.4 4.830100263e-06
48684.9 4.815943571e-06
48698.4 5.119031162e-06
48711.9 5.465197904e-06
48725.4 6.225139162e-06
48738.9 6.554581949e-06
48752.4 6.650544682e-06
48765.9 6.655133740e-06
48779.5 6.514243755e-06
48793.0 6.251033565e-06
48806.5 5.322260149e-06
48820.0 5.047841314e-06
48833.5 4.889735736e-06
48847.0 4.722612625e-06
48860.5 4.540860571e-06
48874.0 4.499383143e-06
48887.6 4.517563764e-06
48901.1 5.080472964e-06
48914.6 5.636918098e-06
48928.1 6.026501223e-06
48941.6 6.134124288e-06
48955.1 6.020991516e-06
48968.6 5.730988648e-06
48982.1 5.277341127e-06
48995.7 4.157447522e-06
49009.2 2.799750694e-06
49022.7 1.545541191e-06
49036.2 1.225279014e-06
49049.7 1.119319149e-06
49063.2 1.762609535e-06
49076.7 2.512021313e-06
49090.2 2.807651948e-06
49103.8 2.646169388e-06
49117.3 2.195541083e-06
49130.8 1.377984409e-06
49144.3 8.283929146e-07
49157.8 5.156333710e-07
49171.3 4.305465063e-07
49184.8 5.539154949e-07
49198.3 6.676546506e-07
49211.8 7.800998821e-07
49225.4 9.866282314e-07
49238.9 1.177611067e-06
49252.4 1.127860453e-06
49265.9 1.489760142e-07
49279.4 6.230644940e-09
49292.9 4.753879612e-09
49306.4 4.815472657e-09
49319.9 4.931192066e-08
49333.5 7.630538668e-07
49347.0 6.319649667e-07
49360.5 7.415603453e-08
49374.0 5.490490414e-09
49387.5 4.697844484e-09
49401.0 4.689763205e-09
49414.5 4.683977597e-09
49428.0 4.678642048e-09
49441.6 4.670497917e-09
49455.1 1.080434885e-08
49468.6 3.326785201e-07
49482.1 6.585072005e-07
49495.6 2.284744142e-06
49509.1 2.981395055e-06
49522.6 3.130972571e-06
49536.1 2.885359136e-06
49549.7 2.528941227e-06
49563.2 2.165810892e-06
49576.7 2.029951768e-06
49590.2 1.984443622e-06
49603.7 1.977200510e-06
49617.2 2.186202753e-06
49630.7 2.523560137e-06
49644.2 3.286447100e-06
49657.8 4.538704467e-06
49671.3 5.143575743e-06
49684.8 5.524649350e-06
49698.3 5.024009807e-06
49711.8 5.414412763e-06
49725.3 5.393462523e-06
49738.8 4.475575338e-06
49752.3 3.703412022e-06
49765.9 3.022255469e-06
49779.4 3.402569833e-06
49792.9 3.498939618e-06
49806.4 3.644350407e-06
49819.9 2.664355950e-06
49833.4 1.958726268e-06
49846.9 1.428989713e-06
49860.4 1.338558168e-06
49874.0 1.380141049e-06
49887.5 8.858373201e-07
49901.0 6.233109317e-07
49914.5 5.868607309e-07
49928.0 1.439192986e-06
49941.5 2.410219543e-06
49955.0 3.444964461e-06
49968.5 4.234534186e-06
49982.1 4.711511885e-06
49995.6 5.570239885e-06
50009.1 4.337586453e-06
50022.6 3.628017821e-06
50036.1 1.923575935e-06
50049.6 1.169470150e-06
50063.1 1.087685818e-06
50076.6 1.560680921e-06
50090.1 3.134361958e-06
50103.7 3.944699984e-06
50117.2 4.249700992e-06
50130.7 3.852280423e-06
50144.2 3.713951536e-06
50157.7 3.329291973e-06
50171.2 2.555806586e-06
50184.7 1.996053191e-06
50198.2 1.557889374e-06
50211.8 2.136271717e-06
50225.3 2.384754647e-06
50238.8 2.448733018e-06
50252.3 1.501869773e-06
50265.8 9.063187315e-07
50279.3 4.402131799e-07
50292.8 5.787499040e-07
50306.3 1.375796756e-06
50319.9 2.167442579e-06
50333.4 2.744195380e-06
50346.9 2.767740269e-06
50360.4 2.850073232e-06
50373.9 2.303720767e-06
50387.4 2.087942644e-06
50400.9 1.890308137e-06
50414.4 1.872793078e-06
50428.0 2.195346185e-06
50441.5 2.604655400e-06
50455.0 3.052754297e-06
50468.5 3.671462001e-06
50482.0 4.529882709e-06
50495.5 4.908195329e-06
50509.0 5.078769833e-06
50522.5 4.260778599e-06
50536.1 3.402060362e-06
50549.6 3.097840117e-06
50563.1 2.982751144e-06
50576.6 2.912431796e-06
50590.1 2.658641990e-06
50603.6 2.374599184e-06
50617.1 2.430167588e-06
50630.6 2.599652807e-06
50644.2 3.143226817e-06
50657.7 3.633456175e-06
50671.2 3.451535735e-06
50684.7 2.825905187e-06
50698.2 1.777813545e-06
50711.7 6.186447109e-07
50725.2 1.854690309e-07
50738.7 2.990332580e-07
50752.3 1.023829248e-06
50765.8 1.893391258e-06
50779.3 3.287551733e-06
50792.8 2.744817318e-06
50806.3 2.288650995e-06
50819.8 1.380862293e-06
50833.3 9.586226119e-07
50846.8 1.285713877e-06
50860.4 1.754142357e-06
50873.9 1.826502864e-06
50887.4 1.831582961e-06
50900.9 1.797825495e-06
50914.4 2.222098563e-06
50927.9 3.687012083e-06
50941.4 4.508448084e-06
50954.9 5.435456387e-06
50968.4 4.981626299e-06
50982.0 4.511776966e-06
50995.5 3.790630391e-06
