13845.7 0.000000000e+00
13861.8 0.000000000e+00
13877.8 0.000000000e+00
13893.9 0.000000000e+00
13910.0 0.000000000e+00
13926.1 0.000000000e+00
13942.2 0.000000000e+00
13958.2 0.000000000e+00
13974.3 0.000000000e+00
13990.4 0.000000000e+00
14006.5 0.000000000e+00
14022.6 0.000000000e+00
14038.6 0.000000000e+00
14054.7 0.000000000e+00
14070.8 0.000000000e+00
14086.9 0.000000000e+00
14103.0 0.000000000e+00
14119.0 0.000000000e+00
14135.1 0.000000000e+00
14151.2 0.000000000e+00
14167.3 0.000000000e+00
14183.4 0.000000000e+00
14199.5 0.000000000e+00
14215.5 0.000000000e+00
14231.6 0.000000000e+00
14247.7 0.000000000e+00
14263.8 0.000000000e+00
14279.9 0.000000000e+00
14295.9 0.000000000e+00
14312.0 0.000000000e+00
14328.1 0.000000000e+00
14344.2 0.000000000e+00
14360.3 0.000000000e+00
14376.3 0.000000000e+00
14392.4 0.000000000e+00
14408.5 0.000000000e+00
14424.6 0.000000000e+00
14440.7 0.000000000e+00
14456.7 0.000000000e+00
14472.8 0.000000000e+00
14488.9 0.000000000e+00
14505.0 0.000000000e+00
14521.1 0.000000000e+00
14537.2 0.000000000e+00
14553.2 0.000000000e+00
14569.3 0.000000000e+00
14585.4 0.000000000e+00
14601.5 0.000000000e+00
14617.6 0.000000000e+00
14633.6 0.000000000e+00
14649.7 0.000000000e+00
14665.8 0.000000000e+00
14681.9 0.000000000e+00
14698.0 0.000000000e+00
14714.0 0.000000000e+00
14730.1 0.000000000e+00
14746.2 0.000000000e+00
14762.3 0.000000000e+00
14778.4 0.000000000e+00
14794.4 0.000000000e+00
14810.5 0.000000000e+00
14826.6 0.000000000e+00
14842.7 0.000000000e+00
14858.8 0.000000000e+00
14874.9 0.000000000e+00
14890.9 0.000000000e+00
14907.0 0.000000000e+00
14923.1 0.000000000e+00
14939.2 0.000000000e+00
14955.3 0.000000000e+00
14971.3 0.000000000e+00
14987.4 0.000000000e+00
15003.5 0.000000000e+00
15019.6 0.000000000e+00
15035.7 0.000000000e+00
15051.7 0.000000000e+00
15067.8 0.000000000e+00
15083.9 0.000000000e+00
15100.0 0.000000000e+00
15116.1 0.000000000e+00
15132.1 0.000000000e+00
15148.2 0.000000000e+00
15164.3 0.000000000e+00
15180.4 0.000000000e+00
15196.5 0.000000000e+00
15212.5 0.000000000e+00
15228.6 0.000000000e+00
15244.7 0.000000000e+00
15260.8 0.000000000e+00
15276.9 0.000000000e+00
15293.0 0.000000000e+00
15309.0 0.000000000e+00
15325.1 0.000000000e+00
15341.2 0.000000000e+00
15357.3 0.000000000e+00
15373.4 0.000000000e+00
15389.4 0.000000000e+00
15405.5 0.000000000e+00
15421.6 0.000000000e+00
15437.7 0.000000000e+00
15453.8 0.000000000e+00
15469.8 0.000000000e+00
15485.9 0.000000000e+00
15502.0 0.000000000e+00
15518.1 0.000000000e+00
15534.2 0.000000000e+00
15550.2 0.000000000e+00
15566.3 0.000000000e+00
15582.4 0.000000000e+00
15598.5 0.000000000e+00
15614.6 0.000000000e+00
15630.7 0.000000000e+00
15646.7 0.000000000e+00
15662.8 0.000000000e+00
15678.9 0.000000000e+00
15695.0 0.000000000e+00
15711.1 0.000000000e+00
15727.1 0.000000000e+00
15743.2 0.000000000e+00
15759.3 0.000000000e+00
15775.4 0.000000000e+00
15791.5 0.000000000e+00
15807.5 0.000000000e+00
15823.6 0.000000000e+00
15839.7 0.000000000e+00
15855.8 0.000000000e+00
15871.9 0.000000000e+00
15887.9 0.000000000e+00
15904.0 0.000000000e+00
15920.1 0.000000000e+00
15936.2 0.000000000e+00
15952.3 0.000000000e+00
15968.4 0.000000000e+00
15984.4 0.000000000e+00
16000.5 0.000000000e+00
16016.6 0.000000000e+00
16032.7 0.000000000e+00
16048.8 0.000000000e+00
16064.8 0.000000000e+00
16080.9 0.000000000e+00
16097.0 0.000000000e+00
16113.1 0.000000000e+00
16129.2 0.000000000e+00
16145.2 0.000000000e+00
16161.3 0.000000000e+00
16177.4 0.000000000e+00
16193.5 0.000000000e+00
16209.6 0.000000000e+00
16225.6 0.000000000e+00
16241.7 0.000000000e+00
16257.8 0.000000000e+00
16273.9 0.000000000e+00
16290.0 0.000000000e+00
16306.1 0.000000000e+00
16322.1 0.000000000e+00
16338.2 0.000000000e+00
16354.3 0.000000000e+00
16370.4 0.000000000e+00
16386.5 0.000000000e+00
16402.5 0.000000000e+00
16418.6 0.000000000e+00
16434.7 0.000000000e+00
16450.8 0.000000000e+00
16466.9 0.000000000e+00
16482.9 0.000000000e+00
16499.0 0.000000000e+00
16515.1 0.000000000e+00
16531.2 0.000000000e+00
16547.3 0.000000000e+00
16563.3 0.000000000e+00
16579.4 0.000000000e+00
16595.5 0.000000000e+00
16611.6 0.000000000e+00
16627.7 0.000000000e+00
16643.8 0.000000000e+00
16659.8 0.000000000e+00
16675.9 0.000000000e+00
16692.0 0.000000000e+00
16708.1 0.000000000e+00
16724.2 0.000000000e+00
16740.2 0.000000000e+00
16756.3 0.000000000e+00
16772.4 0.000000000e+00
16788.5 0.000000000e+00
16804.6 0.000000000e+00
16820.6 0.000000000e+00
16836.7 0.000000000e+00
16852.8 0.000000000e+00
16868.9 0.000000000e+00
16885.0 0.000000000e+00
16901.0 0.000000000e+00
16917.1 0.000000000e+00
16933.2 0.000000000e+00
16949.3 0.000000000e+00
16965.4 0.000000000e+00
16981.5 0.000000000e+00
16997.5 0.000000000e+00
17013.6 0.000000000e+00
17029.7 0.000000000e+00
17045.8 0.000000000e+00
17061.9 0.000000000e+00
17077.9 0.000000000e+00
17094.0 0.000000000e+00
17110.1 0.000000000e+00
17126.2 0.000000000e+00
17142.3 0.000000000e+00
17158.3 0.000000000e+00
17174.4 0.000000000e+00
17190.5 0.000000000e+00
17206.6 0.000000000e+00
17222.7 0.000000000e+00
17238.7 0.000000000e+00
17254.8 0.000000000e+00
17270.9 0.000000000e+00
17287.0 0.000000000e+00
17303.1 0.000000000e+00
17319.2 0.000000000e+00
17335.2 0.000000000e+00
17351.3 0.000000000e+00
17367.4 0.000000000e+00
17383.5 0.000000000e+00
17399.6 0.000000000e+00
17415.6 0.000000000e+00
17431.7 0.000000000e+00
17447.8 0.000000000e+00
17463.9 0.000000000e+00
17480.0 0.000000000e+00
17496.0 0.000000000e+00
17512.1 0.000000000e+00
17528.2 0.000000000e+00
17544.3 0.000000000e+00
17560.4 0.000000000e+00
17576.4 0.000000000e+00
17592.5 0.000000000e+00
17608.6 0.000000000e+00
17624.7 0.000000000e+00
17640.8 0.000000000e+00
17656.8 0.000000000e+00
17672.9 0.000000000e+00
17689.0 0.000000000e+00
17705.1 0.000000000e+00
17721.2 0.000000000e+00
17737.3 0.000000000e+00
17753.3 0.000000000e+00
17769.4 0.000000000e+00
17785.5 0.000000000e+00
17801.6 0.000000000e+00
17817.7 0.000000000e+00
17833.7 0.000000000e+00
17849.8 0.000000000e+00
17865.9 0.000000000e+00
17882.0 0.000000000e+00
17898.1 0.000000000e+00
17914.1 0.000000000e+00
17930.2 0.000000000e+00
17946.3 0.000000000e+00
17962.4 0.000000000e+00
17978.5 0.000000000e+00
17994.5 0.000000000e+00
18010.6 0.000000000e+00
18026.7 0.000000000e+00
18042.8 0.000000000e+00
18058.9 0.000000000e+00
18075.0 0.000000000e+00
18091.0 0.000000000e+00
18107.1 0.000000000e+00
18123.2 0.000000000e+00
18139.3 0.000000000e+00
18155.4 0.000000000e+00
18171.4 0.000000000e+00
18187.5 0.000000000e+00
18203.6 0.000000000e+00
18219.7 0.000000000e+00
18235.8 0.000000000e+00
18251.8 0.000000000e+00
18267.9 0.000000000e+00
18284.0 0.000000000e+00
18300.1 0.000000000e+00
18316.2 0.000000000e+00
18332.2 0.000000000e+00
18348.3 0.000000000e+00
18364.4 0.000000000e+00
18380.5 0.000000000e+00
18396.6 0.000000000e+00
18412.7 0.000000000e+00
18428.7 0.000000000e+00
18444.8 0.000000000e+00
18460.9 0.000000000e+00
18477.0 0.000000000e+00
18493.1 0.000000000e+00
18509.1 0.000000000e+00
18525.2 0.000000000e+00
18541.3 0.000000000e+00
18557.4 0.000000000e+00
18573.5 0.000000000e+00
18589.5 0.000000000e+00
18605.6 0.000000000e+00
18621.7 0.000000000e+00
18637.8 0.000000000e+00
18653.9 0.000000000e+00
18669.9 0.000000000e+00
18686.0 0.000000000e+00
18702.1 0.000000000e+00
18718.2 0.000000000e+00
18734.3 0.000000000e+00
18750.4 0.000000000e+00
18766.4 0.000000000e+00
18782.5 0.000000000e+00
18798.6 0.000000000e+00
18814.7 0.000000000e+00
18830.8 0.000000000e+00
18846.8 0.000000000e+00
18862.9 0.000000000e+00
18879.0 0.000000000e+00
18895.1 0.000000000e+00
18911.2 0.000000000e+00
18927.2 0.000000000e+00
18943.3 0.000000000e+00
18959.4 0.000000000e+00
18975.5 0.000000000e+00
18991.6 0.000000000e+00
19007.6 0.000000000e+00
19023.7 0.000000000e+00
19039.8 0.000000000e+00
19055.9 0.000000000e+00
19072.0 0.000000000e+00
19088.1 0.000000000e+00
19104.1 0.000000000e+00
19120.2 0.000000000e+00
19136.3 0.000000000e+00
19152.4 0.000000000e+00
19168.5 0.000000000e+00
19184.5 0.000000000e+00
19200.6 0.000000000e+00
19216.7 0.000000000e+00
19232.8 0.000000000e+00
19248.9 0.000000000e+00
19264.9 0.000000000e+00
19281.0 0.000000000e+00
19297.1 0.000000000e+00
19313.2 0.000000000e+00
19329.3 0.000000000e+00
19345.3 0.000000000e+00
19361.4 0.000000000e+00
19377.5 0.000000000e+00
19393.6 0.000000000e+00
19409.7 0.000000000e+00
19425.8 0.000000000e+00
19441.8 0.000000000e+00
19457.9 0.000000000e+00
19474.0 0.000000000e+00
19490.1 0.000000000e+00
19506.2 0.000000000e+00
19522.2 0.000000000e+00
19538.3 0.000000000e+00
19554.4 0.000000000e+00
19570.5 0.000000000e+00
19586.6 0.000000000e+00
19602.6 0.000000000e+00
19618.7 0.000000000e+00
19634.8 0.000000000e+00
19650.9 0.000000000e+00
19667.0 0.000000000e+00
19683.0 0.000000000e+00
19699.1 0.000000000e+00
19715.2 0.000000000e+00
19731.3 0.000000000e+00
19747.4 0.000000000e+00
19763.5 0.000000000e+00
19779.5 0.000000000e+00
19795.6 0.000000000e+00
19811.7 0.000000000e+00
19827.8 0.000000000e+00
19843.9 0.000000000e+00
19859.9 0.000000000e+00
19876.0 0.000000000e+00
19892.1 0.000000000e+00
19908.2 0.000000000e+00
19924.3 0.000000000e+00
19940.3 0.000000000e+00
19956.4 0.000000000e+00
19972.5 0.000000000e+00
19988.6 0.000000000e+00
20004.7 2.580508517e-10
20020.7 2.327164631e-10
20036.8 2.111290805e-10
20052.9 1.928892700e-10
20069.0 1.770842304e-10
20085.1 1.643761675e-10
20101.1 1.534652865e-10
20117.2 1.436395899e-10
20133.3 1.360469844e-10
20149.4 1.298779590e-10
20165.5 1.226147572e-10
20181.6 1.172813477e-10
20197.6 1.110763675e-10
20213.7 1.065888858e-10
20229.8 1.023460422e-10
20245.9 9.707349481e-11
20262.0 9.360040859e-11
20278.0 9.058166446e-11
20294.1 8.788625177e-11
20310.2 8.559177056e-11
20326.3 8.378215078e-11
20342.4 8.130809703e-11
20358.4 8.025101524e-11
20374.5 7.955931277e-11
20390.6 7.933367058e-11
20406.7 8.014095845e-11
20422.8 8.031760516e-11
20438.8 8.074431982e-11
20454.9 8.143716353e-11
20471.0 8.241774925e-11
20487.1 8.438687636e-11
20503.2 8.647480221e-11
20519.3 8.862643702e-11
20535.3 9.219332097e-11
20551.4 9.537278328e-11
20567.5 9.980661054e-11
20583.6 1.043378584e-10
20599.7 1.101417213e-10
20615.7 1.164144190e-10
20631.8 1.232348082e-10
20647.9 1.311499666e-10
20664.0 1.403004023e-10
20680.1 1.505924763e-10
20696.1 1.619413666e-10
20712.2 1.749018618e-10
20728.3 1.914125835e-10
20744.4 2.087508543e-10
20760.5 2.301921673e-10
20776.5 2.533859492e-10
20792.6 2.818696821e-10
20808.7 3.146523133e-10
20824.8 3.506549317e-10
20840.9 3.948058599e-10
20857.0 4.464935140e-10
20873.0 5.069485200e-10
20889.1 5.777706015e-10
20905.2 6.621937786e-10
20921.3 7.614645324e-10
20937.4 8.805985462e-10
20953.4 1.027210788e-09
20969.5 1.193108974e-09
20985.6 1.390802690e-09
21001.7 1.629393361e-09
21017.8 1.897837356e-09
21033.8 2.216996981e-09
21049.9 2.578829699e-09
21066.0 2.963392336e-09
21082.1 3.385282963e-09
21098.2 3.812616108e-09
21114.2 4.227012832e-09
21130.3 4.593829229e-09
21146.4 4.873839571e-09
21162.5 5.093776105e-09
21178.6 5.193702240e-09
21194.7 5.219758548e-09
21210.7 5.180305449e-09
21226.8 5.083431272e-09
21242.9 4.931891137e-09
21259.0 4.777585915e-09
21275.1 4.614903460e-09
21291.1 4.440881271e-09
21307.2 4.278050914e-09
21323.3 4.115458397e-09
21339.4 3.959715647e-09
21355.5 3.818291325e-09
21371.5 3.705698405e-09
21387.6 3.598191118e-09
21403.7 3.512445661e-09
21419.8 3.428817101e-09
21435.9 3.371620659e-09
21451.9 3.320824491e-09
21468.0 3.273681899e-09
21484.1 3.231809481e-09
21500.2 3.196060845e-09
21516.3 3.171274941e-09
21532.4 3.162619706e-09
21548.4 3.162813899e-09
21564.5 3.178218645e-09
21580.6 3.193170544e-09
21596.7 3.225575651e-09
21612.8 3.269230095e-09
21628.8 3.308416336e-09
21644.9 3.364243627e-09
21661.0 3.425177831e-09
21677.1 3.488862515e-09
21693.2 3.558370058e-09
21709.2 3.627300543e-09
21725.3 3.717316526e-09
21741.4 3.813301630e-09
21757.5 3.920132270e-09
21773.6 4.035761056e-09
21789.6 4.160687410e-09
21805.7 4.299746827e-09
21821.8 4.450647508e-09
21837.9 4.620302849e-09
21854.0 4.814299793e-09
21870.1 5.015284444e-09
21886.1 5.240321823e-09
21902.2 5.489423630e-09
21918.3 5.767228172e-09
21934.4 6.075436066e-09
21950.5 6.417743873e-09
21966.5 6.815672405e-09
21982.6 7.267360589e-09
21998.7 7.783751782e-09
22014.8 8.402259109e-09
22030.9 9.101841991e-09
22046.9 9.913361905e-09
22063.0 1.085652887e-08
22079.1 1.196081472e-08
22095.2 1.328662324e-08
22111.3 1.484924064e-08
22127.3 1.674591625e-08
22143.4 1.911072296e-08
22159.5 2.201639807e-08
22175.6 2.574914304e-08
22191.7 3.039145654e-08
22207.7 3.613366059e-08
22223.8 4.302303858e-08
22239.9 5.062562094e-08
22256.0 5.782465810e-08
22272.1 6.383134176e-08
22288.2 6.792202642e-08
22304.2 7.051271810e-08
22320.3 7.240907055e-08
22336.4 7.446511748e-08
22352.5 7.733455507e-08
22368.6 8.143696520e-08
22384.6 8.701900475e-08
22400.7 9.413073801e-08
22416.8 1.034895633e-07
22432.9 1.149630296e-07
22449.0 1.291603680e-07
22465.0 1.462815832e-07
22481.1 1.664600358e-07
22497.2 1.904150996e-07
22513.3 2.183794241e-07
22529.4 2.499052553e-07
22545.4 2.855950266e-07
22561.5 3.246434632e-07
22577.6 3.669316425e-07
22593.7 4.112687692e-07
22609.8 4.578028724e-07
22625.9 5.049203566e-07
22641.9 5.520259990e-07
22658.0 5.985717829e-07
22674.1 6.429486664e-07
22690.2 6.854671414e-07
22706.3 7.259524124e-07
22722.3 7.639594153e-07
22738.4 8.007880075e-07
22754.5 8.354700685e-07
22770.6 8.690954088e-07
22786.7 9.006794474e-07
22802.7 9.316900020e-07
22818.8 9.648443922e-07
22834.9 1.000750685e-06
22851.0 1.040636754e-06
22867.1 1.087759219e-06
22883.1 1.142379094e-06
22899.2 1.208022575e-06
22915.3 1.286313973e-06
22931.4 1.379128122e-06
22947.5 1.489468369e-06
22963.6 1.619308202e-06
22979.6 1.770237298e-06
22995.7 1.948281944e-06
23011.8 2.149833188e-06
23027.9 2.385496934e-06
23044.0 2.661018460e-06
23060.0 2.985477383e-06
23076.1 3.373112471e-06
23092.2 3.830892173e-06
23108.3 4.387575553e-06
23124.4 5.069572838e-06
23140.4 5.896486303e-06
23156.5 6.940894505e-06
23172.6 8.234844830e-06
23188.7 9.801214971e-06
23204.8 1.167901052e-05
23220.8 1.383534273e-05
23236.9 1.624139711e-05
23253.0 1.877650770e-05
23269.1 2.141864378e-05
23285.2 2.408415474e-05
23301.3 2.675299650e-05
23317.3 2.944904754e-05
23333.4 3.208350071e-05
23349.5 3.464516742e-05
23365.6 3.692986053e-05
23381.7 3.893728569e-05
23397.7 4.047169564e-05
23413.8 4.154709095e-05
23429.9 4.221587657e-05
23446.0 4.252098866e-05
23462.1 4.264382930e-05
23478.1 4.269435865e-05
23494.2 4.281553797e-05
23510.3 4.307226932e-05
23526.4 4.347694730e-05
23542.5 4.413927682e-05
23558.5 4.499335181e-05
23574.6 4.611169496e-05
23590.7 4.735601278e-05
23606.8 4.886357069e-05
23622.9 5.040530285e-05
23639.0 5.202798266e-05
23655.0 5.356581999e-05
23671.1 5.496348909e-05
23687.2 5.618157789e-05
23703.3 5.709025643e-05
23719.4 5.766227573e-05
23735.4 5.790973125e-05
23751.5 5.764470331e-05
23767.6 5.714475060e-05
23783.7 5.659270830e-05
23799.8 5.606663728e-05
23815.8 5.564320008e-05
23831.9 5.522555591e-05
23848.0 5.487144356e-05
23864.1 5.458160404e-05
23880.2 5.438224321e-05
23896.2 5.415524406e-05
23912.3 5.396468174e-05
23928.4 5.381848681e-05
23944.5 5.374403174e-05
23960.6 5.372174032e-05
23976.7 5.370826476e-05
23992.7 5.373534801e-05
24008.8 5.375269305e-05
24024.9 5.373639041e-05
24041.0 5.368062299e-05
24057.1 5.352142256e-05
24073.1 5.325002169e-05
24089.2 5.287880158e-05
24105.3 5.250359339e-05
24121.4 5.212357191e-05
24137.5 5.178578957e-05
24153.5 5.154686039e-05
24169.6 5.140533168e-05
24185.7 5.138444731e-05
24201.8 5.147862894e-05
24217.9 5.172256697e-05
24233.9 5.190158550e-05
24250.0 5.201206233e-05
24266.1 5.205508111e-05
24282.2 5.197520686e-05
24298.3 5.177157621e-05
24314.4 5.147161484e-05
24330.4 5.119111791e-05
24346.5 5.093098745e-05
24362.6 5.073407682e-05
24378.7 5.063773561e-05
24394.8 5.064493723e-05
24410.8 5.077951447e-05
24426.9 5.104157380e-05
24443.0 5.142776248e-05
24459.1 5.182629407e-05
24475.2 5.216166724e-05
24491.2 5.246148486e-05
24507.3 5.268265094e-05
24523.4 5.281403643e-05
24539.5 5.285260570e-05
24555.6 5.283171935e-05
24571.6 5.277294945e-05
24587.7 5.269467414e-05
24603.8 5.264199222e-05
24619.9 5.261615413e-05
24636.0 5.263684125e-05
24652.0 5.276205435e-05
24668.1 5.300609430e-05
24684.2 5.334614613e-05
24700.3 5.378218068e-05
24716.4 5.432500146e-05
24732.5 5.498862076e-05
24748.5 5.577295687e-05
24764.6 5.659551453e-05
24780.7 5.747518364e-05
24796.8 5.829145536e-05
24812.9 5.897904352e-05
24828.9 5.953367043e-05
24845.0 5.992584095e-05
24861.1 6.011201932e-05
24877.2 6.011709757e-05
24893.3 5.990363892e-05
24909.3 5.950674873e-05
24925.4 5.903617133e-05
24941.5 1.201805004e-03
24957.6 1.250691828e-03
24973.7 1.298322504e-03
24989.7 1.344377913e-03
24997.8 1.389446535e-03
25011.3 1.433042166e-03
25024.8 1.475333738e-03
25038.3 1.515712891e-03
25051.8 4.084551406e-04
25065.3 3.956943632e-04
25078.9 3.829721404e-04
25092.4 3.705109591e-04
25105.9 3.565443547e-04
25119.4 3.428302169e-04
25132.9 3.285944448e-04
25146.4 3.145314471e-04
25159.9 3.010057072e-04
25173.4 2.876751764e-04
25187.0 2.736666351e-04
25200.5 2.591446296e-04
25214.0 2.457483241e-04
25227.5 2.322919766e-04
25241.0 2.187860282e-04
25254.5 2.054904586e-04
25268.0 1.917877212e-04
25281.5 1.784785038e-04
25295.1 1.662209792e-04
25308.6 1.546165076e-04
25322.1 1.430499174e-04
25335.6 1.318545650e-04
25349.1 1.211001833e-04
25362.6 1.108833360e-04
25376.1 1.014684917e-04
25389.6 9.241584820e-05
25403.2 8.361450539e-05
25416.7 7.584815848e-05
25430.2 6.832298582e-05
25443.7 6.126652845e-05
25457.2 5.478923265e-05
25470.7 4.915092867e-05
25484.2 4.395257672e-05
25497.7 3.944782843e-05
25511.2 3.479416156e-05
25524.8 3.029507403e-05
25538.3 2.699525658e-05
25551.8 2.398668294e-05
25565.3 2.186611473e-05
25578.8 1.866775344e-05
25592.3 1.604383971e-05
25605.8 1.408349321e-05
25619.3 1.293878564e-05
25632.9 1.139077328e-05
25646.4 9.814949382e-06
25659.9 8.501091659e-06
25673.4 7.120298078e-06
25686.9 6.722447411e-06
25700.4 6.251830073e-06
25713.9 5.401460121e-06
25727.4 4.869394885e-06
25741.0 4.602000604e-06
25754.5 4.336396047e-06
25768.0 3.939978190e-06
25781.5 3.711741359e-06
25795.0 3.470586917e-06
25808.5 3.324533040e-06
25822.0 3.535269304e-06
25835.5 3.336914303e-06
25849.1 3.202374959e-06
25862.6 3.021384444e-06
25876.1 3.021677658e-06
25889.6 2.772754686e-06
25903.1 2.792064740e-06
25916.6 2.963524895e-06
25930.1 2.835072101e-06
25943.6 2.620744161e-06
25957.2 2.400875232e-06
25970.7 2.065161786e-06
25984.2 1.863462654e-06
25997.7 1.800316918e-06
26011.2 1.997005069e-06
26024.7 2.089034156e-06
26038.2 1.984514533e-06
26051.7 2.414071696e-06
26065.3 2.674741716e-06
26078.8 2.823859731e-06
26092.3 2.939130750e-06
26105.8 3.162496122e-06
26119.3 3.098234941e-06
26132.8 2.669255220e-06
26146.3 2.558201931e-06
26159.8 2.004068480e-06
26173.4 1.912022857e-06
26186.9 1.841506466e-06
26200.4 1.752839643e-06
26213.9 1.794249525e-06
26227.4 1.614659984e-06
26240.9 1.524400528e-06
26254.4 1.553602619e-06
26267.9 1.862119235e-06
26281.5 1.799149032e-06
26295.0 1.765144959e-06
26308.5 1.911400284e-06
26322.0 1.867660510e-06
26335.5 2.064594351e-06
26349.0 2.226793339e-06
26362.5 2.025675290e-06
26376.0 1.812657081e-06
26389.5 2.102848349e-06
26403.1 2.140251164e-06
26416.6 1.890828555e-06
26430.1 1.902908076e-06
26443.6 1.777438429e-06
26457.1 1.750449975e-06
26470.6 1.953994249e-06
26484.1 2.064993559e-06
26497.6 1.993789290e-06
26511.2 1.999157542e-06
26524.7 2.010054469e-06
26538.2 2.022740813e-06
26551.7 2.222885779e-06
26565.2 2.360601451e-06
26578.7 2.604824466e-06
26592.2 2.615365532e-06
26605.7 2.665432482e-06
26619.3 3.206774593e-06
26632.8 3.889419733e-06
26646.3 4.020837991e-06
26659.8 3.573309236e-06
26673.3 3.406008901e-06
26686.8 2.936635676e-06
26700.3 2.644140928e-06
26713.8 2.436074122e-06
26727.4 2.435501657e-06
26740.9 1.797080611e-06
26754.4 1.357013943e-06
26767.9 1.313515604e-06
26781.4 1.337105772e-06
26794.9 1.667613744e-06
26808.4 1.959729300e-06
26821.9 1.946776216e-06
26835.5 1.285028217e-06
26849.0 1.236821260e-06
26862.5 1.302721829e-06
26876.0 1.440991047e-06
26889.5 1.463638488e-06
26903.0 1.225325516e-06
26916.5 9.824239247e-07
26930.0 7.725321045e-07
26943.6 7.674512457e-07
26957.1 9.687755671e-07
26970.6 1.102771521e-06
26984.1 1.100961694e-06
26997.6 9.556401025e-07
27011.1 1.056115991e-06
27024.6 1.298424552e-06
27038.1 1.693124343e-06
27051.7 1.859732556e-06
27065.2 1.730000241e-06
27078.7 1.761786509e-06
27092.2 1.761793967e-06
27105.7 1.929552798e-06
27119.2 1.960017822e-06
27132.7 1.669550303e-06
27146.2 1.364123359e-06
27159.8 1.190960160e-06
27173.3 1.136216186e-06
27186.8 9.635013462e-07
27200.3 1.148751052e-06
27213.8 1.151077652e-06
27227.3 1.016131028e-06
27240.8 1.197269847e-06
27254.3 1.359409869e-06
27267.9 1.559519444e-06
27281.4 1.683143192e-06
27294.9 1.832008230e-06
27308.4 1.642586128e-06
27321.9 1.484223225e-06
27335.4 1.406025908e-06
27348.9 1.624916712e-06
27362.4 1.543926393e-06
27375.9 1.481158920e-06
27389.5 1.410664513e-06
27403.0 1.352110997e-06
27416.5 1.386988317e-06
27430.0 1.644066595e-06
27443.5 2.117232308e-06
27457.0 1.773456534e-06
27470.5 1.707975660e-06
27484.0 1.628138949e-06
27497.6 1.560096602e-06
27511.1 1.529345956e-06
27524.6 1.509311926e-06
27538.1 1.279341598e-06
27551.6 9.775596945e-07
27565.1 9.326426219e-07
27578.6 9.336527183e-07
27592.1 8.314193909e-07
27605.7 8.112129382e-07
27619.2 8.258481536e-07
27632.7 8.740872764e-07
27646.2 1.049003913e-06
27659.7 1.112663431e-06
27673.2 1.322862547e-06
27686.7 1.269642530e-06
27700.2 1.511966524e-06
27713.8 1.855820991e-06
27727.3 1.935679157e-06
27740.8 1.974922331e-06
27754.3 1.755027992e-06
27767.8 1.502507504e-06
27781.3 1.388224498e-06
27794.8 1.641037541e-06
27808.3 1.674025804e-06
27821.9 1.400607607e-06
27835.4 1.220605695e-06
27848.9 1.230154570e-06
27862.4 1.519388585e-06
27875.9 1.814406125e-06
27889.4 1.742460791e-06
27902.9 1.458152268e-06
27916.4 1.273994807e-06
27930.0 1.299317377e-06
27943.5 1.256784031e-06
27957.0 1.002387632e-06
27970.5 7.035844336e-07
27984.0 8.330043682e-07
27997.5 1.015907539e-06
28011.0 1.151007695e-06
28024.5 1.281400194e-06
28038.1 1.339478976e-06
28051.6 1.430032545e-06
28065.1 1.527629041e-06
28078.6 1.682030158e-06
28092.1 1.526671507e-06
28105.6 1.536494222e-06
28119.1 1.655258802e-06
28132.6 1.758676386e-06
28146.2 1.756676208e-06
28159.7 1.843906874e-06
28173.2 2.022370795e-06
28186.7 1.821728662e-06
28200.2 1.620750604e-06
28213.7 1.582822140e-06
28227.2 1.477797385e-06
28240.7 1.147975188e-06
28254.2 1.112799143e-06
28267.8 1.155764573e-06
28281.3 9.203939575e-07
28294.8 9.974601150e-07
28308.3 9.819476654e-07
28321.8 7.582472440e-07
28335.3 8.853752999e-07
28348.8 1.006543767e-06
28362.3 8.516061868e-07
28375.9 6.260543536e-07
28389.4 6.291385720e-07
28402.9 6.196951202e-07
28416.4 6.783628694e-07
28429.9 9.064203341e-07
28443.4 6.882072701e-07
28456.9 6.819497546e-07
28470.4 8.927682878e-07
28484.0 1.142570398e-06
28497.5 1.276577836e-06
28511.0 1.300422747e-06
28524.5 1.188030737e-06
28538.0 9.655312353e-07
28551.5 9.837599278e-07
28565.0 8.931219195e-07
28578.5 7.656766941e-07
28592.1 5.581045597e-07
28605.6 4.210154137e-07
28619.1 3.260714932e-07
28632.6 3.959985402e-07
28646.1 4.813411890e-07
28659.6 5.391228218e-07
28673.1 6.857284627e-07
28686.6 8.922090810e-07
28700.2 1.018826952e-06
28713.7 1.158578338e-06
28727.2 1.279033080e-06
28740.7 1.210159614e-06
28754.2 1.119544857e-06
28767.7 1.030334087e-06
28781.2 9.797899988e-07
28794.7 8.109288625e-07
28808.3 7.489620697e-07
28821.8 7.491619253e-07
28835.3 8.127773775e-07
28848.8 8.232113428e-07
28862.3 8.965260959e-07
28875.8 8.534403449e-07
28889.3 7.315161281e-07
28902.8 6.652983200e-07
28916.4 5.863187782e-07
28929.9 5.171935692e-07
28943.4 3.866674061e-07
28956.9 3.757131990e-07
28970.4 3.138892116e-07
28983.9 3.537101185e-07
28997.4 3.747956566e-07
29010.9 3.081538562e-07
29024.5 2.802036479e-07
29038.0 1.965266998e-07
29051.5 3.576971025e-07
29065.0 6.023355385e-07
29078.5 8.903494926e-07
29092.0 1.008841916e-06
29105.5 9.827606758e-07
29119.0 9.819735754e-07
29132.5 9.816730655e-07
29146.1 9.519516943e-07
29159.6 1.030052783e-06
29173.1 1.106558723e-06
29186.6 1.118453221e-06
29200.1 1.098446737e-06
29213.6 1.236296787e-06
29227.1 1.570070479e-06
29240.6 1.684590610e-06
29254.2 1.879301283e-06
29267.7 1.792912349e-06
29281.2 1.671232694e-06
29294.7 1.604015879e-06
29308.2 1.626082649e-06
29321.7 1.735781193e-06
29335.2 1.533941230e-06
29348.7 1.714400458e-06
29362.3 1.901499497e-06
29375.8 1.928691235e-06
29389.3 1.788346053e-06
29402.8 1.716084926e-06
29416.3 1.745759572e-06
29429.8 1.625493226e-06
29443.3 1.656486354e-06
29456.8 1.567190440e-06
29470.4 1.580295344e-06
29483.9 1.668344036e-06
29497.4 1.839444155e-06
29510.9 1.790383349e-06
29524.4 1.670712413e-06
29537.9 1.702061030e-06
29551.4 1.729053835e-06
29564.9 1.824299027e-06
29578.5 1.796435437e-06
29592.0 1.771728973e-06
29605.5 1.687693399e-06
29619.0 1.717353011e-06
29632.5 1.753477827e-06
29646.0 1.712852461e-06
29659.5 1.612654783e-06
29673.0 1.536523045e-06
29686.6 1.408762034e-06
29700.1 1.363195497e-06
29713.6 1.485659971e-06
29727.1 1.601792816e-06
29740.6 1.832526805e-06
29754.1 1.888742818e-06
29767.6 1.917620319e-06
29781.1 1.939812124e-06
29794.7 1.865898474e-06
29808.2 1.774380167e-06
29821.7 1.659120386e-06
29835.2 1.599322484e-06
29848.7 1.332332718e-06
29862.2 1.237045526e-06
29875.7 1.367452163e-06
29889.2 1.406554324e-06
29902.8 1.278761038e-06
29916.3 1.373467910e-06
29929.8 1.533330448e-06
29943.3 1.671546697e-06
29956.8 1.824456109e-06
29970.3 1.822608233e-06
29983.8 1.608669166e-06
29997.3 1.422024992e-06
30010.9 1.607709510e-06
30024.4 1.664201725e-06
30037.9 1.632776460e-06
30051.4 1.311872376e-06
30064.9 1.073416927e-06
30078.4 1.037864100e-06
30091.9 1.163490215e-06
30105.4 1.309904400e-06
30118.9 1.283834155e-06
30132.5 1.215412702e-06
30146.0 1.212992024e-06
30159.5 1.322424574e-06
30173.0 1.366985918e-06
30186.5 1.396927502e-06
30200.0 1.409659671e-06
30213.5 1.384342002e-06
30227.0 1.450788618e-06
30240.6 1.369731698e-06
30254.1 1.239037219e-06
30267.6 1.309631840e-06
30281.1 1.492221168e-06
30294.6 1.741557660e-06
30308.1 1.794326404e-06
30321.6 1.768322402e-06
30335.1 1.550188630e-06
30348.7 1.503137870e-06
30362.2 1.629045346e-06
30375.7 1.590980584e-06
30389.2 1.623798641e-06
30402.7 1.499352043e-06
30416.2 1.518685483e-06
30429.7 1.777991189e-06
30443.2 2.165517006e-06
30456.8 2.534731819e-06
30470.3 2.644140820e-06
30483.8 2.742360746e-06
30497.3 2.738245271e-06
30510.8 2.894423730e-06
30524.3 3.049843581e-06
30537.8 3.073207566e-06
30551.3 2.954560838e-06
30564.9 2.623240858e-06
30578.4 2.483900411e-06
30591.9 2.514198954e-06
30605.4 2.617390950e-06
30618.9 2.670333296e-06
30632.4 2.746623885e-06
30645.9 2.588438217e-06
30659.4 2.366895083e-06
30673.0 2.328745662e-06
30686.5 2.274552055e-06
30700.0 2.265357753e-06
30713.5 2.019181232e-06
30727.0 1.809121541e-06
30740.5 1.652118804e-06
30754.0 1.615181532e-06
30767.5 1.772503697e-06
30781.1 1.955461546e-06
30794.6 1.922605898e-06
30808.1 1.840756395e-06
30821.6 1.822048842e-06
30835.1 1.744240308e-06
30848.6 1.635826934e-06
30862.1 1.484251060e-06
30875.6 1.411293403e-06
30889.2 1.366855425e-06
30902.7 1.788806642e-06
30916.2 2.170616153e-06
30929.7 2.477783086e-06
30943.2 2.775835169e-06
30956.7 2.863720831e-06
30970.2 2.980492096e-06
30983.7 2.972970795e-06
30997.2 3.001417008e-06
31010.8 2.624863020e-06
31024.3 2.219418500e-06
31037.8 1.981771130e-06
31051.3 1.785125376e-06
31064.8 1.882342524e-06
31078.3 1.863666730e-06
31091.8 1.864754072e-06
31105.3 1.818604192e-06
31118.9 1.903958842e-06
31132.4 1.959727201e-06
31145.9 1.867586502e-06
31159.4 1.781801612e-06
31172.9 1.621269018e-06
31186.4 1.708349820e-06
31199.9 1.912785021e-06
31213.4 2.071120796e-06
31227.0 2.310026974e-06
31240.5 2.679652666e-06
31254.0 3.129581858e-06
31267.5 3.658831417e-06
31281.0 4.134824544e-06
31294.5 4.405087909e-06
31308.0 4.563217721e-06
31321.5 4.717213675e-06
31335.1 4.799877949e-06
31348.6 4.896745788e-06
31362.1 4.960618669e-06
31375.6 5.002271802e-06
31389.1 5.140685913e-06
31402.6 5.372201103e-06
31416.1 5.521604030e-06
31429.6 5.945166828e-06
31443.2 6.099481820e-06
31456.7 6.075772875e-06
31470.2 6.302001178e-06
31483.7 6.426418537e-06
31497.2 6.013599217e-06
31510.7 5.843658023e-06
31524.2 6.199667373e-06
31537.7 6.201901520e-06
31551.3 5.934271016e-06
31564.8 5.696818930e-06
31578.3 5.356336108e-06
31591.8 5.029889234e-06
31605.3 5.173767360e-06
31618.8 5.134821816e-06
31632.3 4.475161394e-06
31645.8 3.682479914e-06
31659.4 3.413015531e-06
31672.9 3.133591781e-06
31686.4 2.830623704e-06
31699.9 2.510040283e-06
31713.4 2.087393903e-06
31726.9 1.627678137e-06
31740.4 1.382475548e-06
31753.9 1.200949837e-06
31767.5 9.683141976e-07
31781.0 8.040737660e-07
31794.5 6.230498920e-07
31808.0 5.041305641e-07
31821.5 4.694608972e-07
31835.0 3.238678525e-07
31848.5 1.901999884e-07
31862.0 2.805808952e-07
31875.5 5.499563077e-07
31889.1 7.788932390e-07
31902.6 9.989322970e-07
31916.1 1.216781146e-06
31929.6 1.472105587e-06
31943.1 1.718631637e-06
31956.6 1.897101762e-06
31970.1 2.071431042e-06
31983.6 2.224743564e-06
31997.2 2.412508466e-06
32010.7 2.449169166e-06
32024.2 2.533666637e-06
32037.7 2.622340733e-06
32051.2 2.994913965e-06
32064.7 3.195931000e-06
32078.2 3.231732748e-06
32091.7 3.150689620e-06
32105.3 2.984032788e-06
32118.8 2.902936169e-06
32132.3 2.941462766e-06
32145.8 2.937675644e-06
32159.3 2.701363031e-06
32172.8 2.723943810e-06
32186.3 2.814336258e-06
32199.8 2.713520390e-06
32213.4 2.677960456e-06
32226.9 2.772600139e-06
32240.4 2.548385139e-06
32253.9 2.336393744e-06
32267.4 2.254241980e-06
32280.9 2.094944513e-06
32294.4 1.891718987e-06
32307.9 1.922116226e-06
32321.5 1.938873190e-06
32335.0 1.848033714e-06
32348.5 1.992362891e-06
32362.0 2.056805540e-06
32375.5 1.983787398e-06
32389.0 2.111965554e-06
32402.5 2.374482344e-06
32416.0 2.492718191e-06
32429.6 2.857504823e-06
32443.1 3.308555452e-06
32456.6 3.547778432e-06
32470.1 3.653355137e-06
32483.6 3.844625516e-06
32497.1 4.062905859e-06
32510.6 4.104621439e-06
32524.1 4.209929377e-06
32537.7 4.249416895e-06
32551.2 4.100084783e-06
32564.7 3.761743786e-06
32578.2 3.527273028e-06
32591.7 3.478743929e-06
32605.2 3.698534805e-06
32618.7 4.152522527e-06
32632.2 4.470151478e-06
32645.8 4.424116134e-06
32659.3 4.500429178e-06
32672.8 4.695770629e-06
32686.3 4.966949089e-06
32699.8 5.134642807e-06
32713.3 4.944275935e-06
32726.8 4.628580898e-06
32740.3 4.161464146e-06
32753.9 4.031638119e-06
32767.4 4.227659692e-06
32780.9 4.621824607e-06
32794.4 4.710577480e-06
32807.9 4.693316282e-06
32821.4 4.595503271e-06
32834.9 4.669265531e-06
32848.4 4.960006191e-06
32861.9 4.834564056e-06
32875.5 4.481491354e-06
32889.0 4.215841119e-06
32902.5 4.156929446e-06
32916.0 3.982099240e-06
32929.5 3.988638496e-06
32943.0 3.692913988e-06
32956.5 3.277210028e-06
32970.0 3.167497239e-06
32983.6 3.040735951e-06
32997.1 2.977437370e-06
33010.6 2.930398557e-06
33024.1 3.009385412e-06
33037.6 2.724559922e-06
33051.1 2.755072005e-06
33064.6 3.006070090e-06
33078.1 3.261864196e-06
33091.7 3.590962323e-06
33105.2 3.709403594e-06
33118.7 3.783409905e-06
33132.2 3.751441807e-06
33145.7 3.890221007e-06
33159.2 3.796215057e-06
33172.7 3.679904434e-06
33186.2 3.560106973e-06
33199.8 3.281470048e-06
33213.3 2.913846251e-06
33226.8 2.560381686e-06
33240.3 2.506530615e-06
33253.8 2.529434100e-06
33267.3 2.419389502e-06
33280.8 2.244480222e-06
33294.3 2.235181893e-06
33307.9 2.401475452e-06
33321.4 2.637996308e-06
33334.9 3.094256677e-06
33348.4 3.474362680e-06
33361.9 3.688224116e-06
33375.4 3.862463238e-06
33388.9 3.976993980e-06
33402.4 4.114192838e-06
33416.0 4.203963922e-06
33429.5 4.246588514e-06
33443.0 4.038651459e-06
33456.5 3.749616134e-06
33470.0 3.623980903e-06
33483.5 3.851880191e-06
33497.0 4.232187888e-06
33510.5 4.283490968e-06
33524.1 4.163575898e-06
33537.6 4.283535269e-06
33551.1 4.598318129e-06
33564.6 4.953371547e-06
33578.1 5.429323389e-06
33591.6 5.621047510e-06
33605.1 5.793832062e-06
33618.6 6.087501485e-06
33632.2 6.323907201e-06
33645.7 6.439181712e-06
33659.2 6.544381357e-06
33672.7 6.569601074e-06
33686.2 6.377243047e-06
33699.7 6.514000223e-06
33713.2 6.788986874e-06
33726.7 7.240926765e-06
33740.2 7.582175294e-06
33753.8 7.505794071e-06
33767.3 7.380605529e-06
33780.8 7.424376743e-06
33794.3 7.650530584e-06
33807.8 7.671945076e-06
33821.3 7.585617405e-06
33834.8 7.424368426e-06
33848.3 7.285727104e-06
33861.9 7.628315428e-06
33875.4 8.065685250e-06
33888.9 8.450380476e-06
33902.4 8.553458343e-06
33915.9 8.518589296e-06
33929.4 8.569096061e-06
33942.9 8.642511042e-06
33956.4 8.925675455e-06
33970.0 8.953934363e-06
33983.5 8.910143077e-06
33997.0 8.863717296e-06
34010.5 8.810449630e-06
34024.0 9.112423824e-06
34037.5 9.390138418e-06
34051.0 9.534568507e-06
34064.5 9.568634019e-06
34078.1 9.627972099e-06
34091.6 9.694544698e-06
34105.1 9.562397982e-06
34118.6 9.583171467e-06
34132.1 9.351143515e-06
34145.6 9.008819946e-06
34159.1 8.621480375e-06
34172.6 8.314321860e-06
34186.2 8.360121417e-06
34199.7 8.302111587e-06
34213.2 8.159402803e-06
34226.7 7.706445908e-06
34240.2 7.322468296e-06
34253.7 7.239736762e-06
34267.2 7.517321571e-06
34280.7 7.806464969e-06
34294.3 7.727771397e-06
34307.8 7.492948274e-06
34321.3 7.488720901e-06
34334.8 7.964337002e-06
34348.3 8.572841323e-06
34361.8 8.763451227e-06
34375.3 8.724448913e-06
34388.8 8.818350740e-06
34402.4 8.899080953e-06
34415.9 9.089130177e-06
34429.4 9.005903883e-06
34442.9 8.593507202e-06
34456.4 8.049208184e-06
34469.9 7.559164224e-06
34483.4 6.988624285e-06
34496.9 6.408840108e-06
34510.5 6.142991100e-06
34524.0 5.930447698e-06
34537.5 5.865858268e-06
34551.0 6.057491892e-06
34564.5 6.379867808e-06
34578.0 6.782375242e-06
34591.5 7.121671370e-06
34605.0 7.365904795e-06
34618.5 7.713369688e-06
34632.1 7.886013191e-06
34645.6 7.927608108e-06
34659.1 7.673660390e-06
34672.6 7.437829107e-06
34686.1 7.284737172e-06
34699.6 7.107515022e-06
34713.1 6.820048977e-06
34726.6 6.290981890e-06
34740.2 6.374962122e-06
34753.7 6.694923027e-06
34767.2 6.925595858e-06
34780.7 6.889417422e-06
34794.2 6.693746415e-06
34807.7 6.763358443e-06
34821.2 7.059188910e-06
34834.7 7.194718780e-06
34848.3 7.184719726e-06
34861.8 7.234998298e-06
34875.3 7.485802803e-06
34888.8 7.708515420e-06
34902.3 7.830747787e-06
34915.8 7.974662757e-06
34929.3 8.142346610e-06
34942.8 8.232598099e-06
34956.4 7.638523195e-06
34969.9 6.877137895e-06
34983.4 6.294487281e-06
34996.9 6.088257783e-06
35010.4 5.988445852e-06
35023.9 5.775634881e-06
35037.4 5.478650751e-06
35050.9 5.446130962e-06
35064.5 5.598052393e-06
35078.0 6.111350355e-06
35091.5 6.577907577e-06
35105.0 6.642891778e-06
35118.5 6.429650720e-06
35132.0 6.133090945e-06
35145.5 5.797300090e-06
35159.0 5.430619331e-06
35172.6 5.381402836e-06
35186.1 5.452257623e-06
35199.6 5.573027752e-06
35213.1 5.692360154e-06
35226.6 6.108371460e-06
35240.1 6.497609371e-06
35253.6 6.761519119e-06
35267.1 6.919633219e-06
35280.7 7.149022796e-06
35294.2 7.163460496e-06
35307.7 6.939063713e-06
35321.2 6.967679167e-06
35334.7 7.056390159e-06
35348.2 7.056941159e-06
35361.7 7.061851112e-06
35375.2 7.145949769e-06
35388.8 7.252300673e-06
35402.3 7.397455639e-06
35415.8 7.657577392e-06
35429.3 7.687692969e-06
35442.8 7.592176845e-06
35456.3 7.656464817e-06
35469.8 7.888847336e-06
35483.3 8.116910366e-06
35496.8 8.338069846e-06
35510.4 8.396145058e-06
35523.9 8.302395798e-06
35537.4 8.312184554e-06
35550.9 8.509696637e-06
35564.4 8.791271049e-06
35577.9 9.004653916e-06
35591.4 9.158360234e-06
35604.9 9.387717307e-06
35618.5 9.595265944e-06
35632.0 9.800016375e-06
35645.5 9.993955931e-06
35659.0 1.013724035e-05
35672.5 1.039805149e-05
35686.0 1.085076633e-05
35699.5 1.139885278e-05
35713.0 1.182290190e-05
35726.6 1.214446950e-05
35740.1 1.258544482e-05
35753.6 1.305025954e-05
35767.1 1.330502613e-05
35780.6 1.340929364e-05
35794.1 1.342753364e-05
35807.6 1.335312176e-05
35821.1 1.324769430e-05
35834.7 1.334212954e-05
35848.2 1.347449206e-05
35861.7 1.347644929e-05
35875.2 1.358525882e-05
35888.7 1.377679931e-05
35902.2 1.385503576e-05
35915.7 1.402547189e-05
35929.2 1.442369758e-05
35942.8 1.468512177e-05
35956.3 1.474748723e-05
35969.8 1.487435422e-05
35983.3 1.514297234e-05
35996.8 1.540448822e-05
36010.3 1.559800068e-05
36023.8 1.552568284e-05
36037.3 1.524399533e-05
36050.9 1.514791739e-05
36064.4 1.533141225e-05
36077.9 1.554755402e-05
36091.4 1.568251201e-05
36104.9 1.574167110e-05
36118.4 1.597088731e-05
36131.9 1.669695461e-05
36145.4 1.744598988e-05
36159.0 1.774688166e-05
36172.5 1.792872152e-05
36186.0 1.815996486e-05
36199.5 1.842822335e-05
36213.0 1.874664471e-05
36226.5 1.908390809e-05
36240.0 1.905283588e-05
36253.5 1.906310299e-05
36267.1 1.939066797e-05
36280.6 1.983084345e-05
36294.1 2.024356811e-05
36307.6 2.046233476e-05
36321.1 2.051303852e-05
36334.6 2.060312926e-05
36348.1 2.093009146e-05
36361.6 2.144126929e-05
36375.2 2.214907290e-05
36388.7 2.273425267e-05
36402.2 2.319580950e-05
36415.7 2.380458736e-05
36429.2 2.469411318e-05
36442.7 2.559569977e-05
36456.2 2.627037260e-05
36469.7 2.673909109e-05
36483.2 2.699939331e-05
36496.8 2.720300325e-05
36510.3 2.760854657e-05
36523.8 2.799036412e-05
36537.3 2.802308407e-05
36550.8 2.789455674e-05
36564.3 2.786069975e-05
36577.8 2.785837215e-05
36591.3 2.811197218e-05
36604.9 2.859756328e-05
36618.4 2.905569510e-05
36631.9 2.963215796e-05
36645.4 3.028905680e-05
36658.9 3.112005015e-05
36672.4 3.214936985e-05
36685.9 3.307678979e-05
36699.4 3.375476264e-05
36713.0 3.440248209e-05
36726.5 3.530267777e-05
36740.0 3.641147272e-05
36753.5 3.757744146e-05
36767.0 3.881516851e-05
36780.5 4.015474239e-05
36794.0 4.154512554e-05
36807.5 4.314109092e-05
36821.1 4.459253997e-05
36834.6 4.548335605e-05
36848.1 4.632139778e-05
36861.6 4.741143659e-05
36875.1 4.854349605e-05
36888.6 4.991383229e-05
36902.1 5.159251023e-05
36915.6 5.345776307e-05
36929.2 5.591452536e-05
36942.7 5.895400215e-05
36956.2 6.223166228e-05
36969.7 6.601891953e-05
36983.2 6.991840198e-05
36996.7 7.360214447e-05
37010.2 7.731348198e-05
37023.7 8.113796633e-05
37037.3 8.536369020e-05
37050.8 8.988235311e-05
37064.3 9.427188230e-05
37077.8 9.867597665e-05
37091.3 1.037192149e-04
37104.8 1.095201456e-04
37118.3 1.158519427e-04
37131.8 1.225181744e-04
37145.4 1.295142291e-04
37158.9 1.375113754e-04
37172.4 1.466044012e-04
37185.9 1.564288997e-04
37199.4 1.665531168e-04
37212.9 1.770943640e-04
37226.4 1.889243374e-04
37239.9 2.021310390e-04
37253.5 2.158200586e-04
37267.0 2.297926866e-04
37280.5 2.443341758e-04
37294.0 2.599110896e-04
37307.5 2.773580840e-04
37321.0 2.965022725e-04
37334.5 3.165800107e-04
37348.0 3.377808205e-04
37361.5 3.609076612e-04
37375.1 3.854099962e-04
37388.6 4.118654145e-04
37402.1 4.396933483e-04
37415.6 4.687929317e-04
37429.1 4.990712355e-04
37442.6 5.310507974e-04
37456.1 5.648808098e-04
37469.6 6.009304676e-04
37483.2 6.389984256e-04
37496.7 6.794615938e-04
37510.2 7.230488548e-04
37523.7 7.694241226e-04
37537.2 8.182938536e-04
37550.7 8.698623886e-04
37564.2 9.242247190e-04
37577.7 9.818717020e-04
37591.3 1.043008518e-03
37604.8 1.107197959e-03
37618.3 1.174692486e-03
37631.8 1.245956617e-03
37645.3 1.321004574e-03
37658.8 1.400164136e-03
37672.3 1.483584048e-03
37685.8 1.571243398e-03
37699.4 1.663711280e-03
37712.9 1.761080653e-03
37726.4 1.863047027e-03
37739.9 1.970151408e-03
37753.4 2.082813540e-03
37766.9 2.202886942e-03
37780.4 2.328472197e-03
37793.9 2.459949306e-03
37807.5 2.598129567e-03
37821.0 2.743813517e-03
37834.5 2.897486673e-03
37848.0 3.059315666e-03
37861.5 3.230251156e-03
37875.0 3.410990410e-03
37888.5 3.601870808e-03
37902.0 3.803760867e-03
37915.6 4.017367482e-03
37929.1 4.243600709e-03
37942.6 4.483864967e-03
37956.1 4.738887284e-03
37969.6 5.009753244e-03
37983.1 5.298250632e-03
37996.6 5.605190369e-03
38010.1 5.931761466e-03
38023.7 6.280111120e-03
38037.2 6.651928023e-03
38050.7 7.049296517e-03
38064.2 7.474780060e-03
38077.7 7.930041625e-03
38091.2 8.417380354e-03
38104.7 8.940349111e-03
38118.2 9.501701686e-03
38131.8 1.010440616e-02
38145.3 1.075245559e-02
38158.8 1.144975822e-02
38172.3 1.220420423e-02
38185.8 1.302650636e-02
38199.3 1.390201364e-02
38212.8 1.484716913e-02
38226.3 1.586912297e-02
38239.8 1.697484986e-02
38253.4 1.817122974e-02
38266.9 1.946597574e-02
38280.4 2.086747058e-02
38293.9 2.238543435e-02
38307.4 2.403079839e-02
38320.9 2.581462725e-02
38334.4 2.774921813e-02
38347.9 2.984817553e-02
38361.5 3.212570025e-02
38375.0 3.459706688e-02
38388.5 3.731375931e-02
38402.0 4.023186757e-02
38415.5 4.338887280e-02
38429.0 4.680992763e-02
38442.5 5.051413927e-02
38456.0 5.452160584e-02
38469.6 5.885362161e-02
38483.1 6.353137499e-02
38496.6 6.857610129e-02
38510.1 7.400884739e-02
38523.6 7.985051074e-02
38537.1 8.612168761e-02
38550.6 9.284040425e-02
38564.1 1.000223762e-01
38577.7 1.077761374e-01
38591.2 1.159580925e-01
38604.7 1.246023804e-01
38618.2 1.337410318e-01
38631.7 1.433707881e-01
38645.2 1.534833202e-01
38658.7 1.640660967e-01
38672.2 1.750997464e-01
38685.8 1.865593961e-01
38699.3 1.984173014e-01
38712.8 2.106369401e-01
38726.3 2.231737742e-01
38739.8 2.359812660e-01
38753.3 2.490068900e-01
38766.8 2.621918981e-01
38780.3 2.754799492e-01
38793.9 2.888044891e-01
38807.4 3.021010656e-01
38820.9 3.153111560e-01
38834.4 3.283764591e-01
38847.9 3.412377196e-01
38861.4 3.538435959e-01
38874.9 3.661481202e-01
38888.4 3.781045379e-01
38902.0 3.896820877e-01
38915.5 4.008527563e-01
38929.0 4.115873593e-01
38942.5 4.218683474e-01
38956.0 4.316885059e-01
38969.5 4.410320599e-01
38983.0 4.504164094e-01
38996.5 4.588227626e-01
39010.1 4.667648991e-01
39023.6 4.742532466e-01
39037.1 4.813062649e-01
39050.6 4.879390803e-01
39064.1 4.941650153e-01
39077.6 5.000128666e-01
39091.1 5.055027740e-01
39104.6 5.106463426e-01
39118.2 5.154674045e-01
39131.7 5.199832895e-01
39145.2 5.245052635e-01
39158.7 5.287367123e-01
39172.2 5.324295977e-01
39185.7 5.358750173e-01
39199.2 5.390877162e-01
39212.7 5.420852422e-01
39226.2 5.448741988e-01
39239.8 5.474666095e-01
39253.3 5.498823222e-01
39266.8 5.521250316e-01
39280.3 5.542020132e-01
39293.8 5.561287609e-01
39307.3 5.579082979e-01
39320.8 5.595469483e-01
39334.3 5.610581282e-01
39347.9 5.624487174e-01
39361.4 5.637207182e-01
39374.9 5.652036112e-01
39388.4 5.666063640e-01
39401.9 5.675783766e-01
39415.4 5.684645513e-01
39428.9 5.692740507e-01
39442.4 5.700052133e-01
39456.0 5.706663046e-01
39469.5 5.712661604e-01
39483.0 5.718063396e-01
39496.5 5.722900480e-01
39510.0 5.727289229e-01
39523.5 5.731248059e-01
39537.0 5.734762414e-01
39550.5 5.737968746e-01
39564.1 5.740879158e-01
39577.6 5.743490539e-01
39591.1 5.745890443e-01
39604.6 5.748103178e-01
39618.1 5.750094040e-01
39631.6 5.751897333e-01
39645.1 5.753601678e-01
39658.6 5.755151624e-01
39672.2 5.756563669e-01
39685.7 5.757928705e-01
39699.2 5.765056169e-01
39712.7 5.766748570e-01
39726.2 5.767895570e-01
39739.7 5.769029033e-01
39753.2 5.770103195e-01
39766.7 5.771165054e-01
39780.3 5.778889994e-01
39793.8 5.779891703e-01
39807.3 5.780872809e-01
39820.8 5.781857956e-01
39834.3 5.782793332e-01
39847.8 5.783692867e-01
39861.3 5.784602098e-01
39874.8 5.785497009e-01
39888.4 5.786329078e-01
39901.9 5.787192240e-01
39915.4 5.788057281e-01
39928.9 5.788876165e-01
39942.4 5.789711199e-01
39955.9 5.790554843e-01
39969.4 5.791359144e-01
39982.9 5.792126659e-01
39996.5 5.792917072e-01
40010.0 5.793530881e-01
40023.5 5.794046640e-01
40037.0 5.794598655e-01
40050.5 5.795137720e-01
40064.0 5.795650859e-01
40077.5 5.796179986e-01
40091.0 5.796742813e-01
40104.5 5.797270892e-01
40118.1 5.797799886e-01
40131.6 5.798382129e-01
40145.1 5.798925644e-01
40158.6 5.799451443e-01
40172.1 5.799990660e-01
40185.6 5.804268762e-01
40199.1 5.807670694e-01
40212.6 5.814623999e-01
40226.2 5.815184074e-01
40239.7 5.815709896e-01
40253.2 5.816266580e-01
40266.7 5.816856941e-01
40280.2 5.817441945e-01
40293.7 5.818014034e-01
40307.2 5.818631364e-01
40320.7 5.819245964e-01
40334.3 5.819808492e-01
40347.8 5.820399285e-01
40361.3 5.820992912e-01
40374.8 5.821564229e-01
40388.3 5.822137342e-01
40401.8 5.822765732e-01
40415.3 5.823376528e-01
40428.8 5.823972446e-01
40442.4 5.824621167e-01
40455.9 5.825260098e-01
40469.4 5.825866043e-01
40482.9 5.826467047e-01
40496.4 5.827080238e-01
40509.9 5.827619757e-01
40523.4 5.828143250e-01
40536.9 5.828683152e-01
40550.5 5.829187902e-01
40564.0 5.829670646e-01
40577.5 5.830171606e-01
40591.0 5.830690676e-01
40604.5 5.834167044e-01
40618.0 5.838326181e-01
40631.5 5.838810272e-01
40645.0 5.839242473e-01
40658.6 5.839625599e-01
40672.1 5.840004971e-01
40685.6 5.840349661e-01
40699.1 5.840610678e-01
40712.6 5.840881864e-01
40726.1 5.845089713e-01
40739.6 5.847816342e-01
40753.1 5.848079275e-01
40766.7 5.848382193e-01
40780.2 5.848650675e-01
40793.7 5.848886075e-01
40807.2 5.849152519e-01
40820.7 5.849409770e-01
40834.2 5.849610235e-01
40847.7 5.849788870e-01
40861.2 5.849996085e-01
40874.8 5.850153707e-01
40888.3 5.850307765e-01
40901.8 5.850494853e-01
40915.3 5.850691661e-01
40928.8 5.850864126e-01
40942.3 5.851070511e-01
40955.8 5.851328193e-01
40969.3 5.851555817e-01
40982.8 5.851796967e-01
40996.4 5.852065881e-01
41009.9 5.852336877e-01
41023.4 5.852558518e-01
41036.9 5.857443425e-01
41050.4 5.859794129e-01
41063.9 5.860043950e-01
41077.4 5.860304936e-01
41090.9 5.860619263e-01
41104.5 5.860950056e-01
41118.0 5.861268487e-01
41131.5 5.861645587e-01
41145.0 5.862032792e-01
41158.5 5.862393014e-01
41172.0 5.862725171e-01
41185.5 5.866677138e-01
41199.0 5.869889302e-01
41212.6 5.870160377e-01
41226.1 5.870431168e-01
41239.6 5.870701422e-01
41253.1 5.870925886e-01
41266.6 5.871143349e-01
41280.1 5.871401809e-01
41293.6 5.871627406e-01
41307.1 5.871824449e-01
41320.7 5.872009765e-01
41334.2 5.872181664e-01
41347.7 5.872265645e-01
41361.2 5.872313901e-01
41374.7 5.872331030e-01
41388.2 5.872287967e-01
41401.7 5.872153639e-01
41415.2 5.871995510e-01
41428.8 5.871810941e-01
41442.3 5.871561080e-01
41455.8 5.871286314e-01
41469.3 5.871010550e-01
41482.8 5.877410448e-01
41496.3 5.876997396e-01
41509.8 5.876565684e-01
41523.3 5.876088624e-01
41536.9 5.875545246e-01
41550.4 5.874927795e-01
41563.9 5.874285221e-01
41577.4 5.873566992e-01
41590.9 5.872777771e-01
41604.4 5.874820672e-01
41617.9 5.877614359e-01
41631.4 5.876720401e-01
41645.0 5.875779102e-01
41658.5 5.874837730e-01
41672.0 5.873853120e-01
41685.5 5.872752625e-01
41699.0 5.871626624e-01
41712.5 5.870494800e-01
41726.0 5.869297607e-01
41739.5 5.868055069e-01
41753.1 5.866787865e-01
41766.6 5.865503421e-01
41780.1 5.864162386e-01
41793.6 5.862817311e-01
41807.1 5.861485560e-01
41820.6 5.860146058e-01
41834.1 5.858768099e-01
41847.6 5.857413521e-01
41861.1 5.856066824e-01
41874.7 5.854690037e-01
41888.2 5.853284349e-01
41901.7 5.851894087e-01
41915.2 5.850485367e-01
41928.7 5.849043658e-01
41942.2 5.854303769e-01
41955.7 5.852899503e-01
41969.2 5.851488830e-01
41982.8 5.850080214e-01
41996.3 5.848733813e-01
42009.8 5.847426214e-01
42023.3 5.846127333e-01
42036.8 5.849240408e-01
42050.3 5.850065873e-01
42063.8 5.848832091e-01
42077.3 5.847602127e-01
42090.9 5.846395954e-01
42104.4 5.845221379e-01
42117.9 5.844028113e-01
42131.4 5.842840638e-01
42144.9 5.841688621e-01
42158.4 5.840568299e-01
42171.9 5.839437270e-01
42185.4 5.838332328e-01
42199.0 5.837268155e-01
42212.5 5.836227247e-01
42226.0 5.835184000e-01
42239.5 5.834173630e-01
42253.0 5.833177447e-01
42266.5 5.832152114e-01
42280.0 5.831091756e-01
42293.5 5.830031917e-01
42307.1 5.828942169e-01
42320.6 5.827786579e-01
42334.1 5.826588282e-01
42347.6 5.825396098e-01
42361.1 5.824203068e-01
42374.6 5.823026164e-01
42388.1 5.821921221e-01
42401.6 5.820898425e-01
42415.2 5.819920258e-01
42428.7 5.824751924e-01
42442.2 5.824781389e-01
42455.7 5.823960289e-01
42469.2 5.823126174e-01
42482.7 5.828528129e-01
42496.2 5.827504947e-01
42509.7 5.826450892e-01
42523.3 5.825360342e-01
42536.8 5.824271852e-01
42550.3 5.823205566e-01
42563.8 5.822135557e-01
42577.3 5.821066435e-01
42590.8 5.820017389e-01
42604.3 5.818984166e-01
42617.8 5.817934417e-01
42631.4 5.816881871e-01
42644.9 5.815835142e-01
42658.4 5.814761086e-01
42671.9 5.813630483e-01
42685.4 5.812465053e-01
42698.9 5.811279423e-01
42712.4 5.810054882e-01
42725.9 5.808786735e-01
42739.5 5.807509580e-01
42753.0 5.806238190e-01
42766.5 5.804950751e-01
42780.0 5.803656412e-01
42793.5 5.802387474e-01
42807.0 5.801136229e-01
42820.5 5.799860628e-01
42834.0 5.798562548e-01
42847.5 5.797249464e-01
42861.1 5.795902950e-01
42874.6 5.794505482e-01
42888.1 5.793080491e-01
42901.6 5.791647933e-01
42915.1 5.790195202e-01
42928.6 5.788720263e-01
42942.1 5.795035663e-01
42955.6 5.798776006e-01
42969.2 5.797309887e-01
42982.7 5.795838588e-01
42996.2 5.794375253e-01
43009.7 5.792909218e-01
43023.2 5.791417007e-01
43036.7 5.789901300e-01
43050.2 5.788386444e-01
43063.7 5.786865638e-01
43077.3 5.785322347e-01
43090.8 5.783767077e-01
43104.3 5.782224331e-01
43117.8 5.780680946e-01
43131.3 5.779127725e-01
43144.8 5.777576660e-01
43158.3 5.776036992e-01
43171.8 5.774491444e-01
43185.4 5.772930091e-01
43198.9 5.771365076e-01
43212.4 5.769801190e-01
43225.9 5.768219289e-01
43239.4 5.766611130e-01
43252.9 5.764992283e-01
43266.4 5.763364950e-01
43279.9 5.761718097e-01
43293.5 5.760052083e-01
43307.0 5.758390358e-01
43320.5 5.756726245e-01
43334.0 5.755050346e-01
43347.5 5.753360496e-01
43361.0 5.751685585e-01
43374.5 5.750068992e-01
43388.0 5.748439872e-01
43401.6 5.746787626e-01
43415.1 5.745124434e-01
43428.6 5.743422900e-01
43442.1 5.741681519e-01
43455.6 5.743432185e-01
43469.1 5.744397459e-01
43482.6 5.742508911e-01
43496.1 5.740443440e-01
43509.7 5.738337450e-01
43523.2 5.742752681e-01
43536.7 5.740583388e-01
43550.2 5.738373679e-01
43563.7 5.736113021e-01
43577.2 5.733811873e-01
43590.7 5.731443900e-01
43604.2 5.729004902e-01
43617.8 5.726493398e-01
43631.3 5.723915187e-01
43644.8 5.721260505e-01
43658.3 5.718531968e-01
43671.8 5.715740417e-01
43685.3 5.712885737e-01
43698.8 5.709971550e-01
43712.3 5.706994543e-01
43725.8 5.703973160e-01
43739.4 5.700896007e-01
43752.9 5.697769127e-01
43766.4 5.694583544e-01
43779.9 5.691365873e-01
43793.4 5.688097919e-01
43806.9 5.684791986e-01
43820.4 5.681428778e-01
43833.9 5.678035578e-01
43847.5 5.674606768e-01
43861.0 5.671162213e-01
43874.5 5.667689891e-01
43888.0 5.664215047e-01
43901.5 5.660730058e-01
43915.0 5.657252342e-01
43928.5 5.653783551e-01
43942.0 5.650338473e-01
43955.6 5.646916379e-01
43969.1 5.643859976e-01
43982.6 5.640996777e-01
43996.1 5.638154462e-01
44009.6 5.635344441e-01
44023.1 5.632553213e-01
44036.6 5.629805834e-01
44050.1 5.627178389e-01
44063.7 5.630608104e-01
44077.2 5.627990599e-01
44090.7 5.625449300e-01
44104.2 5.622965996e-01
44117.7 5.620565524e-01
44131.2 5.619008088e-01
44144.7 5.622362903e-01
44158.2 5.620155596e-01
44171.8 5.618015633e-01
44185.3 5.615925282e-01
44198.8 5.613881312e-01
44212.3 5.611888249e-01
44225.8 5.609938810e-01
44239.3 5.608046086e-01
44252.8 5.606194287e-01
44266.3 5.604407481e-01
44279.9 5.602653565e-01
44293.4 5.600960308e-01
44306.9 5.599302991e-01
44320.4 5.597700978e-01
44333.9 5.596130943e-01
44347.4 5.594615564e-01
44360.9 5.593135102e-01
44374.4 5.591691816e-01
44388.0 5.590279399e-01
44401.5 5.588900191e-01
44415.0 5.587558141e-01
44428.5 5.586232401e-01
44442.0 5.584900430e-01
44455.5 5.583361638e-01
44469.0 5.581850502e-01
44482.5 5.580331695e-01
44496.1 5.578833880e-01
44509.6 5.577335307e-01
44523.1 5.575856202e-01
44536.6 5.574362844e-01
44550.1 5.572867499e-01
44563.6 5.571371043e-01
44577.1 5.569876049e-01
44590.6 5.568378387e-01
44604.1 5.566865923e-01
44617.7 5.565365450e-01
44631.2 5.563859854e-01
44644.7 5.562361855e-01
44658.2 5.560832324e-01
44671.7 5.559304193e-01
44685.2 5.557752082e-01
44698.7 5.556192924e-01
44712.2 5.554600980e-01
44725.8 5.552995035e-01
44739.3 5.551371383e-01
44752.8 5.549724999e-01
44766.3 5.551886086e-01
44779.8 5.552425752e-01
44793.3 5.550705107e-01
44806.8 5.548942024e-01
44820.3 5.547154763e-01
44833.9 5.545317236e-01
44847.4 5.548114310e-01
44860.9 5.547872665e-01
44874.4 5.545946176e-01
44887.9 5.543991463e-01
44901.4 5.542017449e-01
44914.9 5.540024651e-01
44928.4 5.537981376e-01
44942.0 5.535895918e-01
44955.5 5.533662796e-01
44969.0 5.531414741e-01
44982.5 5.529106480e-01
44996.0 5.526764207e-01
45009.5 5.524379911e-01
45023.0 5.521972549e-01
45036.5 5.519507609e-01
45050.1 5.516978589e-01
45063.6 5.514420471e-01
45077.1 5.511811513e-01
45090.6 5.509165913e-01
45104.1 5.506445230e-01
45117.6 5.503693812e-01
45131.1 5.500893530e-01
45144.6 5.498068826e-01
45158.2 5.495188545e-01
45171.7 5.492266308e-01
45185.2 5.489322056e-01
45198.7 5.486329610e-01
45212.2 5.483292336e-01
45225.7 5.480188020e-01
45239.2 5.477066865e-01
45252.7 5.473885931e-01
45266.3 5.470661261e-01
45279.8 5.467376482e-01
45293.3 5.464066593e-01
45306.8 5.460737015e-01
45320.3 5.457367170e-01
45333.8 5.453979484e-01
45347.3 5.450563461e-01
45360.8 5.447168267e-01
45374.4 5.443737666e-01
45387.9 5.440289041e-01
45401.4 5.436815397e-01
45414.9 5.433344006e-01
45428.4 5.429857223e-01
45441.9 5.426323279e-01
45455.4 5.422757947e-01
45468.9 5.419155633e-01
45482.5 5.415568332e-01
45496.0 5.411955604e-01
45509.5 5.408349834e-01
45523.0 5.404747152e-01
45536.5 5.401161006e-01
45550.0 5.397581070e-01
45563.5 5.393996031e-01
45577.0 5.390448205e-01
45590.5 5.386909540e-01
45604.1 5.383386952e-01
45617.6 5.384307124e-01
45631.1 5.382212579e-01
45644.6 5.378712535e-01
45658.1 5.375225496e-01
45671.6 5.371745084e-01
45685.1 5.368258071e-01
45698.6 5.364821738e-01
45712.2 5.362703249e-01
45725.7 5.364054508e-01
45739.2 5.360606449e-01
45752.7 5.357181394e-01
45766.2 5.353781889e-01
45779.7 5.350372297e-01
45793.2 5.346960701e-01
45806.7 5.343532335e-01
45820.3 5.340137566e-01
45833.8 5.336716782e-01
45847.3 5.333283036e-01
45860.8 5.329822022e-01
45874.3 5.326345067e-01
45887.8 5.322854661e-01
45901.3 5.319299201e-01
45914.8 5.315727301e-01
45928.4 5.312129817e-01
45941.9 5.308538732e-01
45955.4 5.304894195e-01
45968.9 5.301200786e-01
45982.4 5.297485023e-01
45995.9 5.293746589e-01
46009.4 5.289993765e-01
46022.9 5.286157704e-01
46036.5 5.282283514e-01
46050.0 5.278358622e-01
46063.5 5.274383684e-01
46077.0 5.270323583e-01
46090.5 5.266169000e-01
46104.0 5.261964102e-01
46117.5 5.257683922e-01
46131.0 5.253329782e-01
46144.6 5.248863388e-01
46158.1 5.244337040e-01
46171.6 5.239770436e-01
46185.1 5.235146235e-01
46198.6 5.230454416e-01
46212.1 5.225669733e-01
46225.6 5.220843484e-01
46239.1 5.215945260e-01
46252.7 5.210965396e-01
46266.2 5.205900414e-01
46279.7 5.200766636e-01
46293.2 5.195588895e-01
46306.7 5.190318444e-01
46320.2 5.184969725e-01
46333.7 5.179541026e-01
46347.2 5.174078169e-01
46360.8 5.168567393e-01
46374.3 5.162967142e-01
46387.8 5.157317741e-01
46401.3 5.151618789e-01
46414.8 5.145912225e-01
46428.3 5.140149612e-01
46441.8 5.134333836e-01
46455.3 5.128495182e-01
46468.8 5.122646347e-01
46482.4 5.116795882e-01
46495.9 5.110887309e-01
46509.4 5.104958628e-01
46522.9 5.104574315e-01
46536.4 5.098602161e-01
46549.9 5.092621079e-01
46563.4 5.086606058e-01
46576.9 5.080623996e-01
46590.5 5.074669610e-01
46604.0 5.068747821e-01
46617.5 5.062840888e-01
46631.0 5.056965654e-01
46644.5 5.051170162e-01
46658.0 5.045429111e-01
46671.5 5.039742425e-01
46685.0 5.034081094e-01
46698.6 5.028499915e-01
46712.1 5.023016224e-01
46725.6 5.017595791e-01
46739.1 5.012238141e-01
46752.6 5.006929534e-01
46766.1 5.001722996e-01
46779.6 4.996599172e-01
46793.1 4.991525863e-01
46806.7 4.986523599e-01
46820.2 4.981602560e-01
46833.7 4.976822192e-01
46847.2 4.972170156e-01
46860.7 4.967602267e-01
46874.2 4.963137261e-01
46887.7 4.958799927e-01
46901.2 4.954606029e-01
46914.8 4.950485873e-01
46928.3 4.946458946e-01
46941.8 4.942537259e-01
46955.3 4.938739382e-01
46968.8 4.935048872e-01
46982.3 4.937013788e-01
46995.8 4.933471183e-01
47009.3 4.930026553e-01
47022.9 4.926685775e-01
47036.4 4.923414604e-01
47049.9 4.920189668e-01
47063.4 4.917070665e-01
47076.9 4.914048004e-01
47090.4 4.911118091e-01
47103.9 4.908237539e-01
47117.4 4.905412182e-01
47131.0 4.902684099e-01
47144.5 4.900031318e-01
47158.0 4.897439176e-01
47171.5 4.894858734e-01
47185.0 4.892316708e-01
47198.5 4.889833454e-01
47212.0 4.887370175e-01
47225.5 4.884917427e-01
47239.1 4.882456621e-01
47252.6 4.880027349e-01
47266.1 4.877630158e-01
47279.6 4.875217708e-01
47293.1 4.872794583e-01
47306.6 4.870357325e-01
47320.1 4.867948813e-01
47333.6 4.865548045e-01
47347.1 4.866908967e-01
47360.7 4.865945859e-01
47374.2 4.863443953e-01
47387.7 4.860945801e-01
47401.2 4.858409284e-01
47414.7 4.855803505e-01
47428.2 4.853146058e-01
47441.7 4.850449254e-01
47455.2 4.847727045e-01
47468.8 4.844923070e-01
47482.3 4.842030130e-01
47495.8 4.839083842e-01
47509.3 4.836092932e-01
47522.8 4.833067021e-01
47536.3 4.829953577e-01
47549.8 4.826767301e-01
47563.3 4.823553478e-01
47576.9 4.820308576e-01
47590.4 4.817023607e-01
47603.9 4.813655103e-01
47617.4 4.810230121e-01
47630.9 4.806596787e-01
47644.4 4.802882612e-01
47657.9 4.799111373e-01
47671.4 4.795255196e-01
47685.0 4.791360037e-01
47698.5 4.787449679e-01
47712.0 4.783504135e-01
47725.5 4.779510689e-01
47739.0 4.775458744e-01
47752.5 4.771405259e-01
47766.0 4.767362464e-01
47779.5 4.763292910e-01
47793.1 4.759198594e-01
47806.6 4.755081886e-01
47820.1 4.751000153e-01
47833.6 4.746953348e-01
47847.1 4.742896768e-01
47860.6 4.738836158e-01
47874.1 4.734786708e-01
47887.6 4.730792408e-01
47901.2 4.726834476e-01
47914.7 4.722873311e-01
47928.2 4.718920170e-01
47941.7 4.714997647e-01
47955.2 4.711137373e-01
47968.7 4.707312012e-01
47982.2 4.703489986e-01
47995.7 4.699697436e-01
48009.3 4.695955718e-01
48022.8 4.692279842e-01
48036.3 4.688635278e-01
48049.8 4.684995771e-01
48063.3 4.681404582e-01
48076.8 4.677880306e-01
48090.3 4.679531711e-01
48103.8 4.676104247e-01
48117.4 4.672688358e-01
48130.9 4.669325895e-01
48144.4 4.666027812e-01
48157.9 4.662770721e-01
48171.4 4.659513774e-01
48184.9 4.656243554e-01
48198.4 4.652997173e-01
48211.9 4.649777926e-01
48225.5 4.646551535e-01
48239.0 4.643291357e-01
48252.5 4.639996889e-01
48266.0 4.636712656e-01
48279.5 4.633435194e-01
48293.0 4.630117359e-01
48306.5 4.626742165e-01
48320.0 4.623315308e-01
48333.5 4.619883916e-01
48347.1 4.616435369e-01
48360.6 4.612910824e-01
48374.1 4.609291959e-01
48387.6 4.605581713e-01
48401.1 4.601810308e-01
48414.6 4.597958543e-01
48428.1 4.593965724e-01
48441.6 4.589826697e-01
48455.2 4.585554363e-01
48468.7 4.581178361e-01
48482.2 4.576685222e-01
48495.7 4.572016204e-01
48509.2 4.567191550e-01
48522.7 4.562228705e-01
48536.2 4.557154383e-01
48549.7 4.551951023e-01
48563.3 4.546558458e-01
48576.8 4.541003336e-01
48590.3 4.535304395e-01
48603.8 4.529484319e-01
48617.3 4.523521672e-01
48630.8 4.517367411e-01
48644.3 4.511047444e-01
48657.8 4.504580160e-01
48671.4 4.498014195e-01
48684.9 4.491295418e-01
48698.4 4.484390685e-01
48711.9 4.477333109e-01
48725.4 4.470154724e-01
48738.9 4.462872538e-01
48752.4 4.455460126e-01
48765.9 4.450794216e-01
48779.5 4.445101145e-01
48793.0 4.435582740e-01
48806.5 4.425935914e-01
48820.0 4.416209205e-01
48833.5 4.406397283e-01
48847.0 4.396533299e-01
48860.5 4.386661550e-01
48874.0 4.376775194e-01
48887.6 4.366849354e-01
48901.1 4.356883981e-01
48914.6 4.346907580e-01
48928.1 4.336963245e-01
48941.6 4.327037858e-01
48955.1 4.317105553e-01
48968.6 4.307166615e-01
48982.1 4.297253614e-01
48995.7 4.287403215e-01
49009.2 4.277606362e-01
49022.7 4.267836092e-01
49036.2 4.258093368e-01
49049.7 4.248415489e-01
49063.2 4.238817792e-01
49076.7 4.229282172e-01
49090.2 4.219764312e-01
49103.8 4.210253593e-01
49117.3 4.200781043e-01
49130.8 4.191347836e-01
49144.3 4.181922217e-01
49157.8 4.172445259e-01
49171.3 4.162906431e-01
49184.8 4.153307210e-01
49198.3 4.143653754e-01
49211.8 4.133888625e-01
49225.4 4.123949737e-01
49238.9 4.113818883e-01
49252.4 4.103483442e-01
49265.9 4.092960028e-01
49279.4 4.082145652e-01
49292.9 4.071011142e-01
49306.4 4.059501397e-01
49319.9 4.047618575e-01
49333.5 4.035349084e-01
49347.0 4.022576525e-01
49360.5 4.009286713e-01
49374.0 3.995337972e-01
49387.5 3.980795115e-01
49401.0 3.965570481e-01
49414.5 3.951546495e-01
49428.0 3.937112367e-01
49441.6 3.919396546e-01
49455.1 3.900859916e-01
49468.6 3.881334758e-01
49482.1 3.860884653e-01
49495.6 3.839377679e-01
49509.1 3.816790887e-01
49522.6 3.793180844e-01
49536.1 3.768411533e-01
49549.7 3.742613944e-01
49563.2 3.715538469e-01
49576.7 3.687338828e-01
49590.2 3.657940121e-01
49603.7 3.627377662e-01
49617.2 3.595696610e-01
49630.7 3.562737561e-01
49644.2 3.528710715e-01
49657.8 3.493417575e-01
49671.3 3.457117997e-01
49684.8 3.419687841e-01
49698.3 3.381183955e-01
49711.8 3.341669436e-01
49725.3 3.301093343e-01
49738.8 3.259717966e-01
49752.3 3.217317642e-01
49765.9 3.174163645e-01
49779.4 3.130137476e-01
49792.9 3.085404461e-01
49806.4 3.040028481e-01
49819.9 2.993998608e-01
49833.4 2.947479707e-01
49846.9 2.900325476e-01
49860.4 2.852850910e-01
49874.0 2.804945078e-01
49887.5 2.756794671e-01
49901.0 2.708374758e-01
49914.5 2.659733402e-01
49928.0 2.611004505e-01
49941.5 2.562147136e-01
49955.0 2.513384105e-01
49968.5 2.464564409e-01
49982.1 2.415872743e-01
49995.6 2.367271417e-01
50009.1 2.319134086e-01
50022.6 2.271352958e-01
50036.1 2.223783467e-01
50049.6 2.176525974e-01
50063.1 2.129505982e-01
50076.6 2.082919224e-01
50090.1 2.038895515e-01
50103.7 1.993050577e-01
50117.2 1.947618783e-01
50130.7 1.902637428e-01
50144.2 1.858158635e-01
50157.7 1.814158258e-01
50171.2 1.770715607e-01
50184.7 1.727748831e-01
50198.2 1.685363424e-01
50211.8 1.643503858e-01
50225.3 1.602240274e-01
50238.8 1.561537045e-01
50252.3 1.521392799e-01
50265.8 1.481822419e-01
50279.3 1.442790792e-01
50292.8 1.404367036e-01
50306.3 1.366461936e-01
50319.9 1.329141636e-01
50333.4 1.292314535e-01
50346.9 1.256041837e-01
50360.4 1.220294067e-01
50373.9 1.185082717e-01
50387.4 1.150404854e-01
50400.9 1.116216778e-01
50414.4 1.082562397e-01
50428.0 1.049386093e-01
50441.5 1.016786575e-01
50455.0 9.846598579e-02
50468.5 9.530738454e-02
50482.0 9.219759726e-02
50495.5 8.914011160e-02
50509.0 8.613453534e-02
50522.5 8.317897025e-02
50536.1 8.027670326e-02
50549.6 7.742168680e-02
50563.1 7.462314056e-02
50576.6 7.187296192e-02
50590.1 6.917986882e-02
50603.6 6.653589697e-02
50617.1 6.394699777e-02
50630.6 6.141200534e-02
50644.2 5.894997967e-02
50657.7 5.654341766e-02
50671.2 5.419031623e-02
50684.7 5.189582680e-02
50698.2 4.965538193e-02
50711.7 4.747739968e-02
50725.2 4.535650608e-02
50738.7 4.329886735e-02
50752.3 4.130005350e-02
50765.8 3.936377970e-02
50779.3 3.752673474e-02
50792.8 3.571506527e-02
50806.3 3.396323696e-02
50819.8 3.227240300e-02
50833.3 3.064455153e-02
50846.8 2.907646163e-02
50860.4 2.757138481e-02
50873.9 2.612566533e-02
50887.4 2.474109119e-02
50900.9 2.341464931e-02
50914.4 2.214700587e-02
50927.9 2.093633238e-02
50941.4 1.978195752e-02
50954.9 1.868239958e-02
50968.4 1.763576745e-02
50982.0 1.664103215e-02
50995.5 1.569592137e-02
