13845.7 0.000000000e+00
13861.8 0.000000000e+00
13877.8 0.000000000e+00
13893.9 0.000000000e+00
13910.0 0.000000000e+00
13926.1 0.000000000e+00
13942.2 0.000000000e+00
13958.2 0.000000000e+00
13974.3 0.000000000e+00
13990.4 0.000000000e+00
14006.5 0.000000000e+00
14022.6 0.000000000e+00
14038.6 0.000000000e+00
14054.7 0.000000000e+00
14070.8 0.000000000e+00
14086.9 0.000000000e+00
14103.0 0.000000000e+00
14119.0 0.000000000e+00
14135.1 0.000000000e+00
14151.2 0.000000000e+00
14167.3 0.000000000e+00
14183.4 0.000000000e+00
14199.5 0.000000000e+00
14215.5 0.000000000e+00
14231.6 0.000000000e+00
14247.7 0.000000000e+00
14263.8 0.000000000e+00
14279.9 0.000000000e+00
14295.9 0.000000000e+00
14312.0 0.000000000e+00
14328.1 0.000000000e+00
14344.2 0.000000000e+00
14360.3 0.000000000e+00
14376.3 0.000000000e+00
14392.4 0.000000000e+00
14408.5 0.000000000e+00
14424.6 0.000000000e+00
14440.7 0.000000000e+00
14456.7 0.000000000e+00
14472.8 0.000000000e+00
14488.9 0.000000000e+00
14505.0 0.000000000e+00
14521.1 0.000000000e+00
14537.2 0.000000000e+00
14553.2 0.000000000e+00
14569.3 0.000000000e+00
14585.4 0.000000000e+00
14601.5 0.000000000e+00
14617.6 0.000000000e+00
14633.6 0.000000000e+00
14649.7 0.000000000e+00
14665.8 0.000000000e+00
14681.9 0.000000000e+00
14698.0 0.000000000e+00
14714.0 0.000000000e+00
14730.1 0.000000000e+00
14746.2 0.000000000e+00
14762.3 0.000000000e+00
14778.4 0.000000000e+00
14794.4 0.000000000e+00
14810.5 0.000000000e+00
14826.6 0.000000000e+00
14842.7 0.000000000e+00
14858.8 0.000000000e+00
14874.9 0.000000000e+00
14890.9 0.000000000e+00
14907.0 0.000000000e+00
14923.1 0.000000000e+00
14939.2 0.000000000e+00
14955.3 0.000000000e+00
14971.3 0.000000000e+00
14987.4 0.000000000e+00
15003.5 0.000000000e+00
15019.6 0.000000000e+00
15035.7 0.000000000e+00
15051.7 0.000000000e+00
15067.8 0.000000000e+00
15083.9 0.000000000e+00
15100.0 0.000000000e+00
15116.1 0.000000000e+00
15132.1 0.000000000e+00
15148.2 0.000000000e+00
15164.3 0.000000000e+00
15180.4 0.000000000e+00
15196.5 0.000000000e+00
15212.5 0.000000000e+00
15228.6 0.000000000e+00
15244.7 0.000000000e+00
15260.8 0.000000000e+00
15276.9 0.000000000e+00
15293.0 0.000000000e+00
15309.0 0.000000000e+00
15325.1 0.000000000e+00
15341.2 0.000000000e+00
15357.3 0.000000000e+00
15373.4 0.000000000e+00
15389.4 0.000000000e+00
15405.5 0.000000000e+00
15421.6 0.000000000e+00
15437.7 0.000000000e+00
15453.8 0.000000000e+00
15469.8 0.000000000e+00
15485.9 0.000000000e+00
15502.0 0.000000000e+00
15518.1 0.000000000e+00
15534.2 0.000000000e+00
15550.2 0.000000000e+00
15566.3 0.000000000e+00
15582.4 0.000000000e+00
15598.5 0.000000000e+00
15614.6 0.000000000e+00
15630.7 0.000000000e+00
15646.7 0.000000000e+00
15662.8 0.000000000e+00
15678.9 0.000000000e+00
15695.0 0.000000000e+00
15711.1 0.000000000e+00
15727.1 0.000000000e+00
15743.2 0.000000000e+00
15759.3 0.000000000e+00
15775.4 0.000000000e+00
15791.5 0.000000000e+00
15807.5 0.000000000e+00
15823.6 0.000000000e+00
15839.7 0.000000000e+00
15855.8 0.000000000e+00
15871.9 0.000000000e+00
15887.9 0.000000000e+00
15904.0 0.000000000e+00
15920.1 0.000000000e+00
15936.2 0.000000000e+00
15952.3 0.000000000e+00
15968.4 0.000000000e+00
15984.4 0.000000000e+00
16000.5 0.000000000e+00
16016.6 0.000000000e+00
16032.7 0.000000000e+00
16048.8 0.000000000e+00
16064.8 0.000000000e+00
16080.9 0.000000000e+00
16097.0 0.000000000e+00
16113.1 0.000000000e+00
16129.2 0.000000000e+00
16145.2 0.000000000e+00
16161.3 0.000000000e+00
16177.4 0.000000000e+00
16193.5 0.000000000e+00
16209.6 0.000000000e+00
16225.6 0.000000000e+00
16241.7 0.000000000e+00
16257.8 0.000000000e+00
16273.9 0.000000000e+00
16290.0 0.000000000e+00
16306.1 0.000000000e+00
16322.1 0.000000000e+00
16338.2 0.000000000e+00
16354.3 0.000000000e+00
16370.4 0.000000000e+00
16386.5 0.000000000e+00
16402.5 0.000000000e+00
16418.6 0.000000000e+00
16434.7 0.000000000e+00
16450.8 0.000000000e+00
16466.9 0.000000000e+00
16482.9 0.000000000e+00
16499.0 0.000000000e+00
16515.1 0.000000000e+00
16531.2 0.000000000e+00
16547.3 0.000000000e+00
16563.3 0.000000000e+00
16579.4 0.000000000e+00
16595.5 0.000000000e+00
16611.6 0.000000000e+00
16627.7 0.000000000e+00
16643.8 0.000000000e+00
16659.8 0.000000000e+00
16675.9 0.000000000e+00
16692.0 0.000000000e+00
16708.1 0.000000000e+00
16724.2 0.000000000e+00
16740.2 0.000000000e+00
16756.3 0.000000000e+00
16772.4 0.000000000e+00
16788.5 0.000000000e+00
16804.6 0.000000000e+00
16820.6 0.000000000e+00
16836.7 0.000000000e+00
16852.8 0.000000000e+00
16868.9 0.000000000e+00
16885.0 0.000000000e+00
16901.0 0.000000000e+00
16917.1 0.000000000e+00
16933.2 0.000000000e+00
16949.3 0.000000000e+00
16965.4 0.000000000e+00
16981.5 0.000000000e+00
16997.5 0.000000000e+00
17013.6 0.000000000e+00
17029.7 0.000000000e+00
17045.8 0.000000000e+00
17061.9 0.000000000e+00
17077.9 0.000000000e+00
17094.0 0.000000000e+00
17110.1 0.000000000e+00
17126.2 0.000000000e+00
17142.3 0.000000000e+00
17158.3 0.000000000e+00
17174.4 0.000000000e+00
17190.5 0.000000000e+00
17206.6 0.000000000e+00
17222.7 0.000000000e+00
17238.7 0.000000000e+00
17254.8 0.000000000e+00
17270.9 0.000000000e+00
17287.0 0.000000000e+00
17303.1 0.000000000e+00
17319.2 0.000000000e+00
17335.2 0.000000000e+00
17351.3 0.000000000e+00
17367.4 0.000000000e+00
17383.5 0.000000000e+00
17399.6 0.000000000e+00
17415.6 0.000000000e+00
17431.7 0.000000000e+00
17447.8 0.000000000e+00
17463.9 0.000000000e+00
17480.0 0.000000000e+00
17496.0 0.000000000e+00
17512.1 0.000000000e+00
17528.2 0.000000000e+00
17544.3 0.000000000e+00
17560.4 0.000000000e+00
17576.4 0.000000000e+00
17592.5 0.000000000e+00
17608.6 0.000000000e+00
17624.7 0.000000000e+00
17640.8 0.000000000e+00
17656.8 0.000000000e+00
17672.9 0.000000000e+00
17689.0 0.000000000e+00
17705.1 0.000000000e+00
17721.2 0.000000000e+00
17737.3 0.000000000e+00
17753.3 0.000000000e+00
17769.4 0.000000000e+00
17785.5 0.000000000e+00
17801.6 0.000000000e+00
17817.7 0.000000000e+00
17833.7 0.000000000e+00
17849.8 0.000000000e+00
17865.9 0.000000000e+00
17882.0 0.000000000e+00
17898.1 0.000000000e+00
17914.1 0.000000000e+00
17930.2 0.000000000e+00
17946.3 0.000000000e+00
17962.4 0.000000000e+00
17978.5 0.000000000e+00
17994.5 0.000000000e+00
18010.6 0.000000000e+00
18026.7 0.000000000e+00
18042.8 0.000000000e+00
18058.9 0.000000000e+00
18075.0 0.000000000e+00
18091.0 0.000000000e+00
18107.1 0.000000000e+00
18123.2 0.000000000e+00
18139.3 0.000000000e+00
18155.4 0.000000000e+00
18171.4 0.000000000e+00
18187.5 0.000000000e+00
18203.6 0.000000000e+00
18219.7 0.000000000e+00
18235.8 0.000000000e+00
18251.8 0.000000000e+00
18267.9 0.000000000e+00
18284.0 0.000000000e+00
18300.1 0.000000000e+00
18316.2 0.000000000e+00
18332.2 0.000000000e+00
18348.3 0.000000000e+00
18364.4 0.000000000e+00
18380.5 0.000000000e+00
18396.6 0.000000000e+00
18412.7 0.000000000e+00
18428.7 0.000000000e+00
18444.8 0.000000000e+00
18460.9 0.000000000e+00
18477.0 0.000000000e+00
18493.1 0.000000000e+00
18509.1 0.000000000e+00
18525.2 0.000000000e+00
18541.3 0.000000000e+00
18557.4 0.000000000e+00
18573.5 0.000000000e+00
18589.5 0.000000000e+00
18605.6 0.000000000e+00
18621.7 0.000000000e+00
18637.8 0.000000000e+00
18653.9 0.000000000e+00
18669.9 0.000000000e+00
18686.0 0.000000000e+00
18702.1 0.000000000e+00
18718.2 0.000000000e+00
18734.3 0.000000000e+00
18750.4 0.000000000e+00
18766.4 0.000000000e+00
18782.5 0.000000000e+00
18798.6 0.000000000e+00
18814.7 0.000000000e+00
18830.8 0.000000000e+00
18846.8 0.000000000e+00
18862.9 0.000000000e+00
18879.0 0.000000000e+00
18895.1 0.000000000e+00
18911.2 0.000000000e+00
18927.2 0.000000000e+00
18943.3 0.000000000e+00
18959.4 0.000000000e+00
18975.5 0.000000000e+00
18991.6 0.000000000e+00
19007.6 0.000000000e+00
19023.7 0.000000000e+00
19039.8 0.000000000e+00
19055.9 0.000000000e+00
19072.0 0.000000000e+00
19088.1 0.000000000e+00
19104.1 0.000000000e+00
19120.2 0.000000000e+00
19136.3 0.000000000e+00
19152.4 0.000000000e+00
19168.5 0.000000000e+00
19184.5 0.000000000e+00
19200.6 0.000000000e+00
19216.7 0.000000000e+00
19232.8 0.000000000e+00
19248.9 0.000000000e+00
19264.9 0.000000000e+00
19281.0 0.000000000e+00
19297.1 0.000000000e+00
19313.2 0.000000000e+00
19329.3 0.000000000e+00
19345.3 0.000000000e+00
19361.4 0.000000000e+00
19377.5 0.000000000e+00
19393.6 0.000000000e+00
19409.7 0.000000000e+00
19425.8 0.000000000e+00
19441.8 0.000000000e+00
19457.9 0.000000000e+00
19474.0 0.000000000e+00
19490.1 0.000000000e+00
19506.2 0.000000000e+00
19522.2 0.000000000e+00
19538.3 0.000000000e+00
19554.4 0.000000000e+00
19570.5 0.000000000e+00
19586.6 0.000000000e+00
19602.6 0.000000000e+00
19618.7 0.000000000e+00
19634.8 0.000000000e+00
19650.9 0.000000000e+00
19667.0 0.000000000e+00
19683.0 0.000000000e+00
19699.1 0.000000000e+00
19715.2 0.000000000e+00
19731.3 0.000000000e+00
19747.4 0.000000000e+00
19763.5 0.000000000e+00
19779.5 0.000000000e+00
19795.6 0.000000000e+00
19811.7 0.000000000e+00
19827.8 0.000000000e+00
19843.9 0.000000000e+00
19859.9 0.000000000e+00
19876.0 0.000000000e+00
19892.1 0.000000000e+00
19908.2 0.000000000e+00
19924.3 0.000000000e+00
19940.3 0.000000000e+00
19956.4 0.000000000e+00
19972.5 0.000000000e+00
19988.6 0.000000000e+00
20004.7 2.205664146e-12
20020.7 2.079248770e-12
20036.8 2.300155435e-12
20052.9 1.797000944e-12
20069.0 1.418299335e-12
20085.1 1.006514421e-12
20101.1 1.446015903e-12
20117.2 1.783974428e-12
20133.3 2.046729518e-12
20149.4 2.075116693e-12
20165.5 1.885507288e-12
20181.6 1.706220818e-12
20197.6 1.375355025e-12
20213.7 1.117897891e-12
20229.8 5.754170156e-13
20245.9 3.737180436e-13
20262.0 3.662637027e-13
20278.0 4.499153221e-13
20294.1 7.282414846e-13
20310.2 7.657822013e-13
20326.3 4.968914615e-13
20342.4 5.957331219e-13
20358.4 7.149930065e-13
20374.5 8.513544787e-13
20390.6 7.746060348e-13
20406.7 8.123114595e-13
20422.8 8.086525732e-13
20438.8 7.721707057e-13
20454.9 8.111949495e-13
20471.0 8.967998695e-13
20487.1 1.016519145e-12
20503.2 1.146023355e-12
20519.3 1.104036500e-12
20535.3 1.243206843e-12
20551.4 1.318782201e-12
20567.5 1.528804441e-12
20583.6 1.726095632e-12
20599.7 1.941862479e-12
20615.7 2.310100938e-12
20631.8 2.895771882e-12
20647.9 3.675512733e-12
20664.0 4.069665129e-12
20680.1 3.763696198e-12
20696.1 3.352435419e-12
20712.2 3.087002411e-12
20728.3 3.072333029e-12
20744.4 3.041479299e-12
20760.5 3.578215677e-12
20776.5 5.338612938e-12
20792.6 6.268579574e-12
20808.7 6.785696699e-12
20824.8 5.391564257e-12
20840.9 5.235648305e-12
20857.0 5.632716931e-12
20873.0 7.174874146e-12
20889.1 9.835734028e-12
20905.2 1.417999848e-11
20921.3 1.524382470e-11
20937.4 1.831968834e-11
20953.4 1.955872581e-11
20969.5 2.118965136e-11
20985.6 2.349978677e-11
21001.7 2.800763947e-11
21017.8 2.424090515e-11
21033.8 1.952464812e-11
21049.9 6.983057750e-12
21066.0 2.853398040e-12
21082.1 1.042002319e-12
21098.2 3.661763683e-12
21114.2 4.029897896e-11
21130.3 5.675359909e-11
21146.4 7.372842567e-11
21162.5 6.854426362e-11
21178.6 8.978283964e-11
21194.7 9.356754189e-11
21210.7 1.099414966e-10
21226.8 9.687920777e-11
21242.9 7.940126561e-11
21259.0 4.141692806e-11
21275.1 3.132389387e-11
21291.1 3.557631399e-11
21307.2 4.498954663e-11
21323.3 5.779321723e-11
21339.4 6.575922893e-11
21355.5 7.554159549e-11
21371.5 6.426142078e-11
21387.6 7.747229386e-11
21403.7 6.419946577e-11
21419.8 7.248692616e-11
21435.9 7.514367456e-11
21451.9 8.913867715e-11
21468.0 8.807310743e-11
21484.1 7.413697804e-11
21500.2 5.705095943e-11
21516.3 5.149585136e-11
21532.4 7.028140960e-11
21548.4 7.199860799e-11
21564.5 8.220130717e-11
21580.6 5.707810511e-11
21596.7 6.425024552e-11
21612.8 6.163182705e-11
21628.8 5.888312862e-11
21644.9 6.797753848e-11
21661.0 6.897404262e-11
21677.1 7.768932638e-11
21693.2 5.051601745e-11
21709.2 6.754303680e-11
21725.3 5.552285956e-11
21741.4 6.884177509e-11
21757.5 5.878489846e-11
21773.6 4.064696296e-11
21789.6 2.014974943e-11
21805.7 1.295256515e-11
21821.8 5.348209294e-11
21837.9 3.186579166e-11
21854.0 2.671529572e-11
21870.1 1.776653421e-11
21886.1 2.326342330e-11
21902.2 3.593084756e-11
21918.3 4.338867266e-11
21934.4 4.714291771e-11
21950.5 4.115628158e-11
21966.5 5.370805879e-11
21982.6 5.134074432e-11
21998.7 7.215318712e-11
22014.8 8.505438556e-11
22030.9 1.006902129e-10
22046.9 1.302154982e-10
22063.0 1.274257527e-10
22079.1 1.549515952e-10
22095.2 1.944440799e-11
22111.3 8.774116466e-11
22127.3 3.761536957e-10
22143.4 5.397352358e-10
22159.5 7.126143049e-10
22175.6 6.991731140e-10
22191.7 9.487552227e-10
22207.7 7.196663039e-10
22223.8 6.525827189e-10
22239.9 4.112654042e-10
22256.0 3.149130404e-10
22272.1 7.949790603e-10
22288.2 1.057822157e-09
22304.2 1.579688739e-09
22320.3 1.420599557e-09
22336.4 1.226029934e-09
22352.5 4.814849001e-10
22368.6 5.306224760e-11
22384.6 1.862410770e-10
22400.7 5.054748158e-10
22416.8 1.349345664e-09
22432.9 2.563432718e-09
22449.0 3.174908431e-09
22465.0 3.728452293e-09
22481.1 3.105337095e-09
22497.2 2.993619809e-09
22513.3 9.521246327e-10
22529.4 1.016585874e-09
22545.4 1.596545246e-09
22561.5 1.712014727e-09
22577.6 1.827959597e-09
22593.7 2.549343639e-09
22609.8 4.515828576e-09
22625.9 1.135410306e-08
22641.9 1.522587251e-08
22658.0 2.213709587e-08
22674.1 2.025899492e-08
22690.2 1.748034686e-08
22706.3 1.300893062e-08
22722.3 1.332991335e-08
22738.4 1.793147730e-08
22754.5 1.592738713e-08
22770.6 1.671581746e-08
22786.7 1.781122210e-08
22802.7 1.733921385e-08
22818.8 1.904133376e-08
22834.9 2.005300086e-08
22851.0 2.313145416e-08
22867.1 2.842488111e-08
22883.1 3.418479206e-08
22899.2 4.409826080e-08
22915.3 4.088469161e-08
22931.4 3.758809142e-08
22947.5 3.177496743e-08
22963.6 3.433365663e-08
22979.6 4.892155029e-08
22995.7 5.612379755e-08
23011.8 8.399458511e-08
23027.9 1.595568410e-07
23044.0 2.000465172e-07
23060.0 2.722842947e-07
23076.1 3.599714128e-07
23092.2 4.779534012e-07
23108.3 6.603661287e-07
23124.4 8.868511291e-07
23140.4 1.209695713e-06
23156.5 1.678597132e-06
23172.6 2.356175482e-06
23188.7 3.308998883e-06
23204.8 4.404016895e-06
23220.8 5.826911774e-06
23236.9 7.529089181e-06
23253.0 9.471549181e-06
23269.1 1.178437501e-05
23285.2 1.436264786e-05
23301.3 1.732658523e-05
23317.3 2.059187889e-05
23333.4 2.391192323e-05
23349.5 2.756141393e-05
23365.6 3.085942138e-05
23381.7 3.399049920e-05
23397.7 3.683863284e-05
23413.8 3.861511335e-05
23429.9 4.010671603e-05
23446.0 4.104795841e-05
23462.1 4.153490402e-05
23478.1 4.193987812e-05
23494.2 4.142204238e-05
23510.3 4.081184677e-05
23526.4 4.031803459e-05
23542.5 4.006536042e-05
23558.5 3.996708898e-05
23574.6 4.063001082e-05
23590.7 4.191410731e-05
23606.8 4.351330491e-05
23622.9 4.491292736e-05
23639.0 4.641382238e-05
23655.0 4.780599994e-05
23671.1 4.859234990e-05
23687.2 4.928736282e-05
23703.3 4.986229542e-05
23719.4 5.032232980e-05
23735.4 5.060028560e-05
23751.5 5.112810877e-05
23767.6 5.168599209e-05
23783.7 5.214827995e-05
23799.8 5.182563769e-05
23815.8 5.152446944e-05
23831.9 5.076026781e-05
23848.0 4.933682961e-05
23864.1 4.794811071e-05
23880.2 4.726113307e-05
23896.2 4.689535433e-05
23912.3 4.656739703e-05
23928.4 4.721118323e-05
23944.5 4.807783520e-05
23960.6 4.889864329e-05
23976.7 4.889528314e-05
23992.7 4.894604553e-05
24008.8 4.885186898e-05
24024.9 4.849345503e-05
24041.0 4.817019990e-05
24057.1 4.813371437e-05
24073.1 4.827036782e-05
24089.2 4.842279182e-05
24105.3 4.828243162e-05
24121.4 4.813160540e-05
24137.5 4.802408958e-05
24153.5 4.789516873e-05
24169.6 4.778767612e-05
24185.7 4.754199953e-05
24201.8 4.686207327e-05
24217.9 4.624178915e-05
24233.9 4.577361250e-05
24250.0 4.551252934e-05
24266.1 4.525214342e-05
24282.2 4.526977928e-05
24298.3 4.546415880e-05
24314.4 4.567068338e-05
24330.4 4.542693456e-05
24346.5 4.507423908e-05
24362.6 4.473675887e-05
24378.7 4.478407011e-05
24394.8 4.487586891e-05
24410.8 4.492134645e-05
24426.9 4.433014208e-05
24443.0 4.379201620e-05
24459.1 4.318584898e-05
24475.2 4.220501523e-05
24491.2 4.126441735e-05
24507.3 4.075559789e-05
24523.4 4.101471462e-05
24539.5 4.132224441e-05
24555.6 4.197601524e-05
24571.6 4.299681716e-05
24587.7 4.404045043e-05
24603.8 4.470090151e-05
24619.9 4.507999370e-05
24636.0 4.548231517e-05
24652.0 4.516066558e-05
24668.1 4.448959577e-05
24684.2 4.384896825e-05
24700.3 4.273360098e-05
24716.4 4.152669523e-05
24732.5 4.040862692e-05
24748.5 3.902505928e-05
24764.6 3.762833482e-05
24780.7 3.633221493e-05
24796.8 3.504620438e-05
24812.9 3.391499098e-05
24828.9 3.294038013e-05
24845.0 3.191137764e-05
24861.1 3.106306615e-05
24877.2 3.038808765e-05
24893.3 2.938642533e-05
24909.3 2.863493018e-05
24925.4 2.808805705e-05
24941.5 2.744401574e-05
24957.6 2.688202622e-05
24973.7 2.640695201e-05
24989.7 2.601364358e-05
24997.8 1.880271958e-04
25011.3 1.815367019e-04
25024.8 1.693129058e-04
25038.3 1.601469657e-04
25051.8 1.581857796e-04
25065.3 1.449029879e-04
25078.9 1.281570076e-04
25092.4 1.255167078e-04
25105.9 1.166351198e-04
25119.4 1.030637074e-04
25132.9 9.424769006e-05
25146.4 8.540946492e-05
25159.9 7.538009465e-05
25173.4 7.559342781e-05
25187.0 6.234031412e-05
25200.5 5.828956666e-05
25214.0 4.930059093e-05
25227.5 4.440011061e-05
25241.0 3.953887019e-05
25254.5 3.279362765e-05
25268.0 3.164478645e-05
25281.5 2.568184978e-05
25295.1 2.693293588e-05
25308.6 2.863387476e-05
25322.1 2.201412927e-05
25335.6 2.248177882e-05
25349.1 1.851300747e-05
25362.6 1.439223620e-05
25376.1 1.148765383e-05
25389.6 1.075956373e-05
25403.2 1.208292079e-05
25416.7 9.351516173e-06
25430.2 7.674038173e-06
25443.7 8.451859820e-06
25457.2 1.163795053e-05
25470.7 9.713018465e-06
25484.2 1.282607735e-05
25497.7 1.506601707e-05
25511.2 1.017026069e-05
25524.8 8.279157276e-06
25538.3 6.156566583e-06
25551.8 4.636020883e-06
25565.3 7.359197238e-06
25578.8 5.873859073e-06
25592.3 9.859609938e-06
25605.8 9.933150713e-06
25619.3 7.772284276e-06
25632.9 5.725441740e-06
25646.4 7.495190354e-06
25659.9 1.198562704e-05
25673.4 7.522569841e-06
25686.9 5.095697059e-06
25700.4 3.211447383e-06
25713.9 3.734147894e-07
25727.4 4.327801939e-06
25741.0 6.486329536e-06
25754.5 5.565400541e-06
25768.0 3.796482083e-06
25781.5 3.980593562e-06
25795.0 2.201938908e-06
25808.5 2.939900792e-06
25822.0 6.420037331e-06
25835.5 6.786333131e-06
25849.1 2.974190916e-06
25862.6 6.268001166e-06
25876.1 6.301537116e-06
25889.6 3.520936042e-06
25903.1 8.374995498e-06
25916.6 6.974179157e-06
25930.1 4.891611461e-06
25943.6 7.089473121e-06
25957.2 7.222522298e-06
25970.7 4.699725862e-06
25984.2 5.825307685e-06
25997.7 3.280311655e-06
26011.2 1.446845429e-06
26024.7 9.222192461e-07
26038.2 7.288501552e-07
26051.7 2.008968541e-06
26065.3 2.850617987e-06
26078.8 4.271919559e-06
26092.3 3.264953717e-06
26105.8 6.207268115e-06
26119.3 3.359573786e-06
26132.8 2.828839781e-06
26146.3 1.530479681e-06
26159.8 2.821577291e-06
26173.4 1.214672787e-06
26186.9 1.663227851e-06
26200.4 1.022598197e-06
26213.9 2.306624940e-06
26227.4 4.189803797e-06
26240.9 1.209152199e-06
26254.4 8.731127917e-07
26267.9 7.515770653e-07
26281.5 2.964540578e-06
26295.0 8.179754318e-06
26308.5 5.653090607e-06
26322.0 1.378428160e-06
26335.5 3.011294767e-06
26349.0 1.255323517e-06
26362.5 1.543747071e-06
26376.0 4.111239259e-06
26389.5 4.090337547e-06
26403.1 2.525744459e-06
26416.6 4.104184181e-06
26430.1 3.609494982e-06
26443.6 4.560949570e-06
26457.1 3.449471505e-06
26470.6 5.103460353e-06
26484.1 1.026397906e-06
26497.6 2.838195537e-06
26511.2 3.093235775e-06
26524.7 1.906840426e-06
26538.2 4.948356899e-06
26551.7 3.053471323e-06
26565.2 5.882298926e-07
26578.7 2.423767231e-06
26592.2 9.780039055e-07
26605.7 2.806235054e-08
26619.3 2.948298563e-07
26632.8 2.175929425e-06
26646.3 1.453867269e-06
26659.8 4.185798475e-07
26673.3 1.051426981e-06
26686.8 1.295619484e-06
26700.3 1.961694446e-06
26713.8 3.262224241e-06
26727.4 2.408661255e-06
26740.9 2.921666673e-07
26754.4 1.721966565e-06
26767.9 1.458920979e-06
26781.4 4.205133619e-06
26794.9 1.835886181e-06
26808.4 1.952668132e-06
26821.9 2.049990750e-06
26835.5 4.770624124e-07
26849.0 9.752782191e-07
26862.5 9.450180011e-07
26876.0 4.489443513e-07
26889.5 1.664876885e-06
26903.0 2.817838422e-06
26916.5 1.300879146e-08
26930.0 2.559794206e-07
26943.6 5.966773775e-07
26957.1 1.993554387e-06
26970.6 1.198833704e-06
26984.1 1.061624601e-07
26997.6 4.474712303e-07
27011.1 3.491958913e-07
27024.6 7.130768797e-07
27038.1 3.421397797e-07
27051.7 1.114515501e-06
27065.2 1.748374862e-06
27078.7 7.553623862e-09
27092.2 8.876961772e-07
27105.7 5.436902037e-08
27119.2 2.015699367e-08
27132.7 8.309286109e-07
27146.2 7.104598584e-07
27159.8 5.982359033e-07
27173.3 1.032353414e-06
27186.8 1.356428188e-06
27200.3 1.095811429e-06
27213.8 7.500724337e-07
27227.3 1.030412098e-06
27240.8 6.906596164e-07
27254.3 1.453786499e-07
27267.9 8.699828408e-07
27281.4 2.887226088e-07
27294.9 8.869697904e-07
27308.4 6.288014587e-07
27321.9 1.201040355e-07
27335.4 6.717601331e-07
27348.9 3.283830661e-07
27362.4 1.969955546e-06
27375.9 2.705325289e-06
27389.5 1.840701995e-06
27403.0 1.347830463e-06
27416.5 5.922804169e-09
27430.0 5.972796144e-07
27443.5 1.629889815e-06
27457.0 2.224497807e-06
27470.5 2.327590569e-06
27484.0 1.827947998e-06
27497.6 1.020595972e-06
27511.1 2.669096365e-06
27524.6 1.119873989e-06
27538.1 2.241363156e-07
27551.6 3.899894936e-08
27565.1 2.075077580e-06
27578.6 1.596886735e-06
27592.1 1.420555739e-06
27605.7 7.416688228e-07
27619.2 1.081625696e-06
27632.7 8.994990190e-07
27646.2 1.074249651e-06
27659.7 1.890783317e-06
27673.2 1.751879570e-06
27686.7 1.881695299e-06
27700.2 7.809226611e-07
27713.8 3.188269716e-06
27727.3 1.759040026e-06
27740.8 2.942058249e-06
27754.3 3.377553334e-06
27767.8 1.816796244e-06
27781.3 3.836478289e-08
27794.8 8.444816159e-07
27808.3 1.607060196e-06
27821.9 9.416930219e-07
27835.4 2.658542039e-06
27848.9 1.673717464e-07
27862.4 1.717308940e-06
27875.9 1.803777953e-06
27889.4 1.132906543e-06
27902.9 1.653571693e-06
27916.4 1.149591038e-06
27930.0 5.367251410e-06
27943.5 4.045885585e-06
27957.0 3.020513003e-06
27970.5 2.444165345e-06
27984.0 2.403376025e-06
27997.5 3.134555162e-07
28011.0 1.343922982e-06
28024.5 1.065130556e-06
28038.1 1.634539465e-06
28051.6 2.223755678e-06
28065.1 2.552922935e-06
28078.6 6.504731335e-06
28092.1 7.036580750e-06
28105.6 3.518007548e-06
28119.1 2.591363927e-06
28132.6 3.037244275e-06
28146.2 1.070224739e-06
28159.7 2.140873193e-06
28173.2 4.727815817e-08
28186.7 1.303740524e-08
28200.2 4.387860215e-06
28213.7 5.960344544e-06
28227.2 4.442631384e-06
28240.7 4.838750890e-06
28254.2 7.344329869e-06
28267.8 4.825623741e-06
28281.3 1.817218185e-06
28294.8 2.071956246e-06
28308.3 3.052083748e-06
28321.8 6.377103411e-07
28335.3 1.797086262e-06
28348.8 4.372844166e-06
28362.3 3.179028819e-06
28375.9 1.378171097e-06
28389.4 4.952838875e-07
28402.9 2.881824979e-06
28416.4 2.716807150e-06
28429.9 1.402879278e-06
28443.4 2.068581598e-06
28456.9 3.842832756e-06
28470.4 2.890975473e-06
28484.0 1.544616165e-06
28497.5 4.231183655e-06
28511.0 3.992960817e-06
28524.5 2.304132547e-06
28538.0 4.764792919e-06
28551.5 6.669162781e-06
28565.0 4.651719136e-06
28578.5 3.453814535e-06
28592.1 8.095118029e-07
28605.6 7.022936526e-09
28619.1 1.218558677e-06
28632.6 1.449260142e-06
28646.1 1.310320210e-07
28659.6 3.508422763e-07
28673.1 9.797285126e-07
28686.6 5.656383308e-07
28700.2 2.956769433e-06
28713.7 2.477251824e-06
28727.2 1.802744154e-06
28740.7 6.391141480e-07
28754.2 4.734442339e-07
28767.7 1.124099597e-06
28781.2 1.259047190e-06
28794.7 3.209098903e-06
28808.3 3.568914342e-06
28821.8 3.241987291e-06
28835.3 3.222436124e-06
28848.8 2.686903528e-06
28862.3 3.840813792e-06
28875.8 3.941690691e-06
28889.3 2.946629839e-06
28902.8 4.871595115e-08
28916.4 8.717136193e-08
28929.9 3.836990167e-07
28943.4 3.039370538e-06
28956.9 5.867110082e-06
28970.4 2.121917989e-06
28983.9 1.157253811e-06
28997.4 1.565381455e-06
29010.9 7.021033919e-07
29024.5 7.199003259e-07
29038.0 2.948349141e-07
29051.5 6.581762919e-09
29065.0 3.365070782e-08
29078.5 3.742136896e-06
29092.0 1.776702424e-06
29105.5 6.701700348e-07
29119.0 1.843936166e-06
29132.5 6.848965232e-07
29146.1 3.868117202e-08
29159.6 1.684253006e-06
29173.1 1.685829378e-06
29186.6 1.597099113e-06
29200.1 2.168626580e-06
29213.6 5.235758672e-07
29227.1 2.558193832e-06
29240.6 4.036191134e-06
29254.2 4.755159086e-06
29267.7 3.759260055e-06
29281.2 2.178532509e-06
29294.7 2.993496028e-06
29308.2 2.910598954e-06
29321.7 8.413283673e-07
29335.2 3.305603859e-06
29348.7 3.726505491e-06
29362.3 4.971293236e-06
29375.8 4.038592351e-06
29389.3 2.961425767e-06
29402.8 2.877444811e-06
29416.3 5.394910713e-06
29429.8 1.899009843e-06
29443.3 1.014499190e-06
29456.8 3.121132907e-06
29470.4 2.728888878e-06
29483.9 2.057787454e-06
29497.4 3.123135009e-06
29510.9 2.652499195e-06
29524.4 4.667041314e-06
29537.9 4.804301856e-06
29551.4 5.707173619e-06
29564.9 2.770233478e-06
29578.5 1.966776861e-06
29592.0 6.346945692e-07
29605.5 1.843271814e-06
29619.0 2.590142966e-06
29632.5 4.444457570e-06
29646.0 1.917685618e-06
29659.5 1.713289171e-06
29673.0 1.700010533e-06
29686.6 5.898408628e-06
29700.1 7.008959751e-06
29713.6 3.604935505e-06
29727.1 1.221290926e-06
29740.6 3.462662556e-06
29754.1 3.574848152e-06
29767.6 5.150748350e-07
29781.1 4.101322694e-06
29794.7 6.728068672e-06
29808.2 6.293644423e-06
29821.7 5.762281646e-06
29835.2 1.822498545e-06
29848.7 7.511453550e-07
29862.2 2.987805448e-06
29875.7 5.585940522e-06
29889.2 7.888735466e-06
29902.8 7.721951580e-06
29916.3 6.054135263e-06
29929.8 5.358872866e-06
29943.3 4.942350450e-06
29956.8 2.880969427e-06
29970.3 4.203007017e-06
29983.8 7.016683587e-06
29997.3 6.029909362e-06
30010.9 4.092509233e-06
30024.4 2.905018957e-06
30037.9 2.605813240e-06
30051.4 4.315607049e-06
30064.9 5.253833348e-06
30078.4 3.722173381e-06
30091.9 5.075806083e-06
30105.4 5.417018511e-06
30118.9 5.085517807e-06
30132.5 7.442009729e-06
30146.0 7.484540776e-06
30159.5 7.047673623e-06
30173.0 7.590394987e-06
30186.5 5.784259049e-06
30200.0 3.940447899e-06
30213.5 4.196769452e-06
30227.0 1.831247155e-06
30240.6 2.634674918e-06
30254.1 3.367590284e-06
30267.6 2.441526042e-06
30281.1 1.263690816e-06
30294.6 3.849655951e-06
30308.1 5.556150951e-06
30321.6 4.203201189e-06
30335.1 4.041214554e-06
30348.7 2.566744944e-06
30362.2 1.449436973e-06
30375.7 2.617558186e-06
30389.2 5.677033137e-06
30402.7 8.256134835e-06
30416.2 5.879255762e-06
30429.7 5.118581433e-06
30443.2 8.398377611e-06
30456.8 7.330412449e-06
30470.3 5.497927866e-06
30483.8 6.171148859e-06
30497.3 8.766685294e-06
30510.8 6.655112582e-06
30524.3 1.138460668e-05
30537.8 9.987552625e-06
30551.3 7.743319720e-06
30564.9 3.614496597e-06
30578.4 5.940476280e-06
30591.9 5.847951128e-06
30605.4 7.025617203e-06
30618.9 4.355913738e-06
30632.4 6.098541680e-06
30645.9 5.120085603e-06
30659.4 6.282426016e-06
30673.0 7.219417241e-06
30686.5 5.750907150e-06
30700.0 2.689951922e-06
30713.5 5.898252370e-06
30727.0 5.080858159e-06
30740.5 5.081391758e-06
30754.0 6.142698989e-06
30767.5 6.616237646e-06
30781.1 4.434138092e-06
30794.6 4.094961522e-06
30808.1 7.238960624e-06
30821.6 7.062847491e-06
30835.1 3.527440141e-06
30848.6 4.846717775e-06
30862.1 7.319318584e-06
30875.6 6.013680826e-06
30889.2 3.368311314e-06
30902.7 4.594495805e-06
30916.2 2.972631186e-06
30929.7 1.554848366e-06
30943.2 5.103650136e-06
30956.7 5.841791658e-06
30970.2 5.435294771e-06
30983.7 3.702408917e-06
30997.2 3.179269745e-06
31010.8 6.354847315e-06
31024.3 1.258603029e-05
31037.8 7.054859067e-06
31051.3 5.409019039e-06
31064.8 5.477165384e-06
31078.3 5.525690020e-06
31091.8 6.467467108e-06
31105.3 4.153533764e-06
31118.9 1.791603409e-06
31132.4 3.987236050e-06
31145.9 4.389834127e-06
31159.4 7.567358196e-06
31172.9 1.107434246e-05
31186.4 1.019615490e-05
31199.9 5.506797212e-06
31213.4 1.959543670e-06
31227.0 1.970149490e-06
31240.5 2.562210389e-06
31254.0 4.989757498e-06
31267.5 5.465921647e-06
31281.0 7.772937705e-06
31294.5 8.338871888e-06
31308.0 4.092226034e-06
31321.5 5.363671513e-06
31335.1 5.145120511e-06
31348.6 3.941864419e-06
31362.1 3.881347027e-06
31375.6 6.629806443e-06
31389.1 7.544754701e-06
31402.6 6.349774556e-06
31416.1 5.533151273e-06
31429.6 2.258041536e-06
31443.2 1.484627458e-06
31456.7 4.977180789e-06
31470.2 6.941421152e-06
31483.7 5.962079850e-06
31497.2 4.791923190e-06
31510.7 5.274393155e-06
31524.2 5.184519698e-06
31537.7 5.107920030e-06
31551.3 3.868811867e-06
31564.8 4.589573813e-06
31578.3 7.652188888e-06
31591.8 7.004607169e-06
31605.3 4.735242382e-06
31618.8 2.093480952e-06
31632.3 7.107780391e-06
31645.8 7.359185886e-06
31659.4 5.029676402e-06
31672.9 3.967560473e-06
31686.4 3.345527563e-06
31699.9 4.481449233e-06
31713.4 3.033686886e-06
31726.9 2.459461968e-06
31740.4 9.947867688e-07
31753.9 9.227119503e-07
31767.5 1.545612659e-06
31781.0 2.293779463e-06
31794.5 5.647899533e-06
31808.0 7.691130349e-06
31821.5 3.956742577e-06
31835.0 2.741968534e-06
31848.5 1.798636431e-06
31862.0 2.192700860e-06
31875.5 4.220713041e-06
31889.1 4.246141725e-06
31902.6 5.311864850e-06
31916.1 5.523122288e-06
31929.6 4.405984129e-06
31943.1 2.923091798e-06
31956.6 3.313899161e-06
31970.1 2.601251923e-06
31983.6 5.437552206e-06
31997.2 6.677717365e-06
32010.7 4.921119779e-06
32024.2 6.829669216e-06
32037.7 6.070412424e-06
32051.2 5.170795618e-06
32064.7 7.715221867e-07
32078.2 1.899690929e-07
32091.7 1.441246502e-06
32105.3 1.873009276e-06
32118.8 1.715398915e-06
32132.3 2.624689448e-06
32145.8 2.973168036e-06
32159.3 4.409222619e-06
32172.8 4.487059633e-06
32186.3 3.360448738e-06
32199.8 5.035684526e-06
32213.4 5.308593607e-06
32226.9 5.316741086e-06
32240.4 4.875242314e-06
32253.9 2.852310471e-06
32267.4 7.767043970e-08
32280.9 1.590458993e-06
32294.4 2.617358666e-06
32307.9 3.059766133e-06
32321.5 4.996843896e-06
32335.0 3.115352820e-06
32348.5 3.113171748e-06
32362.0 1.394012522e-06
32375.5 8.411096094e-07
32389.0 1.330616148e-06
32402.5 3.545773560e-06
32416.0 7.570923462e-06
32429.6 7.225725076e-06
32443.1 1.031225942e-05
32456.6 1.067351456e-05
32470.1 9.626317611e-06
32483.6 8.008595712e-06
32497.1 7.058434370e-06
32510.6 7.929092406e-06
32524.1 5.324336387e-06
32537.7 6.525407733e-06
32551.2 3.655716354e-06
32564.7 3.137595417e-06
32578.2 6.300800769e-06
32591.7 5.654090483e-06
32605.2 4.713671512e-06
32618.7 5.834569600e-06
32632.2 7.528141509e-06
32645.8 5.951129695e-06
32659.3 4.825941861e-06
32672.8 5.011247345e-06
32686.3 2.906896965e-06
32699.8 2.576480942e-06
32713.3 1.789396835e-06
32726.8 3.507884297e-06
32740.3 4.182246270e-06
32753.9 3.500189181e-06
32767.4 3.887293836e-06
32780.9 5.233447302e-06
32794.4 4.257073175e-06
32807.9 5.773891322e-06
32821.4 6.858820147e-06
32834.9 4.047776674e-06
32848.4 3.770090347e-06
32861.9 4.419025535e-06
32875.5 5.658494957e-06
32889.0 2.383111082e-06
32902.5 1.876416745e-06
32916.0 3.478419309e-06
32929.5 4.340883728e-06
32943.0 7.186845949e-06
32956.5 8.625058472e-06
32970.0 5.532874236e-06
32983.6 4.471716264e-06
32997.1 4.642478261e-06
33010.6 3.537690787e-06
33024.1 1.712489421e-06
33037.6 2.102770972e-06
33051.1 3.779118746e-06
33064.6 5.973747242e-06
33078.1 4.021911752e-06
33091.7 1.436666209e-06
33105.2 1.210000742e-06
33118.7 3.292441889e-06
33132.2 3.828333041e-06
33145.7 3.327998948e-06
33159.2 1.548456155e-06
33172.7 7.249602555e-07
33186.2 2.077651522e-06
33199.8 1.839801996e-06
33213.3 4.081259733e-06
33226.8 4.460376470e-06
33240.3 3.255603706e-06
33253.8 4.370752066e-06
33267.3 2.893145802e-06
33280.8 1.273706124e-06
33294.3 8.432319045e-07
33307.9 2.350367385e-06
33321.4 2.338082391e-06
33334.9 4.569686909e-06
33348.4 4.259104916e-06
33361.9 3.625364047e-06
33375.4 1.378126312e-06
33388.9 2.060530483e-06
33402.4 2.883652164e-06
33416.0 2.903843152e-06
33429.5 3.555523734e-06
33443.0 4.095439842e-06
33456.5 2.986397149e-06
33470.0 1.951442439e-06
33483.5 5.019503146e-06
33497.0 2.058257944e-06
33510.5 5.982225446e-07
33524.1 7.110793523e-07
33537.6 2.997694403e-06
33551.1 2.232021061e-06
33564.6 2.160594835e-06
33578.1 3.030826922e-06
33591.6 2.042386838e-06
33605.1 1.594160658e-06
33618.6 1.816379917e-06
33632.2 3.316005219e-06
33645.7 5.032674025e-06
33659.2 1.971214533e-06
33672.7 1.605505834e-06
33686.2 5.127992816e-06
33699.7 5.054720119e-06
33713.2 7.840742536e-07
33726.7 9.300066741e-07
33740.2 3.982415765e-06
33753.8 6.392740673e-06
33767.3 4.096182524e-06
33780.8 3.397002785e-06
33794.3 3.748985127e-06
33807.8 3.214470249e-06
33821.3 3.262548441e-06
33834.8 4.502153309e-06
33848.3 4.991093437e-06
33861.9 3.649825948e-06
33875.4 3.415520037e-06
33888.9 3.196932465e-06
33902.4 1.388297596e-06
33915.9 2.883514310e-06
33929.4 3.258048128e-06
33942.9 2.361140756e-06
33956.4 2.284802818e-06
33970.0 1.750561222e-06
33983.5 3.750930340e-06
33997.0 3.905828378e-06
34010.5 2.056265047e-06
34024.0 4.191592072e-06
34037.5 6.325337435e-06
34051.0 4.293650207e-06
34064.5 2.828425714e-06
34078.1 3.945263899e-06
34091.6 2.481812136e-06
34105.1 5.113836042e-06
34118.6 7.005721597e-06
34132.1 5.116986512e-06
34145.6 4.661529645e-06
34159.1 4.584619245e-06
34172.6 5.450330903e-06
34186.2 5.953936378e-06
34199.7 2.669487486e-06
34213.2 3.528863821e-06
34226.7 8.076937774e-06
34240.2 1.189361311e-05
34253.7 9.533612102e-06
34267.2 8.226939352e-06
34280.7 5.223056784e-06
34294.3 2.695404026e-06
34307.8 2.359845234e-06
34321.3 5.175180638e-06
34334.8 5.376104377e-06
34348.3 3.442693806e-06
34361.8 2.367544991e-06
34375.3 5.619332252e-06
34388.8 8.220499397e-06
34402.4 5.682138468e-06
34415.9 2.878347017e-06
34429.4 2.200888027e-06
34442.9 4.240395429e-06
34456.4 3.041176869e-06
34469.9 2.977948810e-06
34483.4 5.117322718e-06
34496.9 5.860486277e-06
34510.5 5.295263786e-06
34524.0 4.508234722e-06
34537.5 3.966585986e-06
34551.0 6.338319404e-06
34564.5 8.413113391e-06
34578.0 8.671540681e-06
34591.5 9.656284892e-06
34605.0 7.804166461e-06
34618.5 5.141720771e-06
34632.1 3.405748110e-06
34645.6 3.604051669e-06
34659.1 2.777965583e-06
34672.6 5.351384646e-07
34686.1 9.461329111e-07
34699.6 2.781471795e-06
34713.1 1.539218294e-06
34726.6 6.870402184e-07
34740.2 2.397834233e-06
34753.7 5.158257041e-06
34767.2 5.083582461e-06
34780.7 3.666881847e-06
34794.2 1.157306637e-06
34807.7 3.222582981e-06
34821.2 4.856896989e-06
34834.7 3.322141924e-06
34848.3 1.023363339e-06
34861.8 1.231558350e-06
34875.3 1.060478524e-06
34888.8 2.537096342e-06
34902.3 1.401461714e-06
34915.8 5.077979968e-07
34929.3 7.870389039e-08
34942.8 2.925976329e-06
34956.4 2.425620099e-06
34969.9 9.625964013e-09
34983.4 2.696703786e-07
34996.9 6.764956469e-09
35010.4 6.023711100e-08
35023.9 1.765922883e-07
35037.4 2.671674242e-08
35050.9 2.244700466e-07
35064.5 1.906365743e-06
35078.0 1.277270917e-06
35091.5 2.309278070e-06
35105.0 1.974092528e-06
35118.5 3.230731156e-06
35132.0 2.693252366e-06
35145.5 9.314179009e-07
35159.0 1.372209752e-06
35172.6 3.496211523e-06
35186.1 4.778278377e-06
35199.6 3.003669004e-06
35213.1 3.584630346e-06
35226.6 3.688697842e-06
35240.1 1.568294952e-06
35253.6 1.254588828e-06
35267.1 8.225990827e-07
35280.7 3.267015576e-06
35294.2 5.072168323e-06
35307.7 6.223185744e-06
35321.2 5.833412720e-06
35334.7 2.963987194e-06
35348.2 2.824110111e-06
35361.7 2.865196665e-06
35375.2 2.095852064e-06
35388.8 2.370811534e-06
35402.3 3.416713359e-06
35415.8 1.652854590e-06
35429.3 2.622277910e-07
35442.8 5.146984037e-07
35456.3 5.820459089e-07
35469.8 2.271931772e-06
35483.3 1.305095849e-06
35496.8 2.752848090e-07
35510.4 4.846581089e-07
35523.9 8.965784945e-07
35537.4 7.491096178e-08
35550.9 1.234690371e-08
35564.4 4.311210782e-08
35577.9 1.231908126e-06
35591.4 1.903406610e-08
35604.9 6.141453571e-09
35618.5 9.904198096e-08
35632.0 1.547990987e-06
35645.5 4.158898506e-06
35659.0 4.306151263e-06
35672.5 4.300278475e-06
35686.0 3.355360498e-06
35699.5 4.214696042e-06
35713.0 4.196615476e-06
35726.6 2.389974045e-06
35740.1 4.021167712e-06
35753.6 5.640841186e-06
35767.1 5.731269415e-06
35780.6 3.541962710e-06
35794.1 1.089539703e-06
35807.6 3.586555304e-07
35821.1 1.047638772e-06
35834.7 2.887898638e-06
35848.2 2.778419401e-06
35861.7 1.807344348e-06
35875.2 9.394070403e-07
35888.7 4.375962327e-07
35902.2 8.557428897e-07
35915.7 6.386431612e-07
35929.2 9.256558763e-07
35942.8 2.393754584e-06
35956.3 2.556536870e-06
35969.8 1.547979984e-06
35983.3 1.200101421e-06
35996.8 1.136564940e-06
36010.3 1.671619773e-06
36023.8 1.971631239e-06
36037.3 1.571276083e-06
36050.9 9.363152857e-07
36064.4 1.813438903e-06
36077.9 5.169642994e-06
36091.4 4.847252280e-06
36104.9 4.858248781e-06
36118.4 5.074456409e-06
36131.9 5.671883413e-06
36145.4 7.171374832e-06
36159.0 8.654944130e-06
36172.5 9.306521321e-06
36186.0 9.681534540e-06
36199.5 9.394891538e-06
36213.0 8.745383122e-06
36226.5 7.990047729e-06
36240.0 5.543022940e-06
36253.5 5.289175774e-06
36267.1 9.813219475e-06
36280.6 1.553214213e-05
36294.1 1.653409344e-05
36307.6 1.668232091e-05
36321.1 1.965542296e-05
36334.6 2.015281021e-05
36348.1 2.083493882e-05
36361.6 1.969947671e-05
36375.2 1.523437361e-05
36388.7 1.089428259e-05
36402.2 1.024214107e-05
36415.7 1.192499665e-05
36429.2 1.385656534e-05
36442.7 1.568579893e-05
36456.2 1.678762992e-05
36469.7 1.887580287e-05
36483.2 2.247760566e-05
36496.8 2.356492527e-05
36510.3 2.121280055e-05
36523.8 1.813501577e-05
36537.3 1.584614166e-05
36550.8 1.191183375e-05
36564.3 1.100794722e-05
36577.8 9.718107753e-06
36591.3 3.104412266e-06
36604.9 1.964881301e-06
36618.4 2.874342561e-06
36631.9 2.159571503e-06
36645.4 1.878975318e-06
36658.9 7.321535371e-07
36672.4 1.193147381e-07
36685.9 1.119337811e-07
36699.4 2.544013346e-06
36713.0 3.262672371e-06
36726.5 4.377667670e-06
36740.0 6.523558608e-06
36753.5 7.246673387e-06
36767.0 8.378924356e-06
36780.5 7.633217637e-06
36794.0 4.914587801e-06
36807.5 2.520798131e-06
36821.1 1.670425352e-07
36834.6 1.767643703e-06
36848.1 1.725159840e-06
36861.6 1.572170731e-06
36875.1 2.208156234e-06
36888.6 2.294139071e-07
36902.1 2.845570287e-06
36915.6 6.312368448e-06
36929.2 9.914524521e-06
36942.7 1.146179692e-05
36956.2 6.603811704e-06
36969.7 4.303960417e-06
36983.2 1.239215333e-06
36996.7 7.288226819e-07
37010.2 3.758224571e-07
37023.7 5.430376177e-08
37037.3 1.397693029e-08
37050.8 4.154558791e-08
37064.3 2.426737229e-08
37077.8 9.849355368e-07
37091.3 1.972958080e-06
37104.8 2.078159036e-06
37118.3 4.464808444e-06
37131.8 5.891698786e-06
37145.4 7.490439592e-06
37158.9 1.172806844e-05
37172.4 1.525427743e-05
37185.9 1.567373129e-05
37199.4 1.462099349e-05
37212.9 1.520123719e-05
37226.4 1.836614528e-05
37239.9 1.900096254e-05
37253.5 1.803030263e-05
37267.0 1.523722017e-05
37280.5 1.297537691e-05
37294.0 1.318732810e-05
37307.5 1.230715629e-05
37321.0 1.106874423e-05
37334.5 1.037906336e-05
37348.0 1.074106258e-05
37361.5 1.099048894e-05
37375.1 1.184407681e-05
37388.6 1.315598393e-05
37402.1 1.301907178e-05
37415.6 9.304452712e-06
37429.1 6.657812944e-06
37442.6 4.913613248e-06
37456.1 3.518200824e-06
37469.6 1.207765291e-06
37483.2 2.636957103e-06
37496.7 4.974077246e-06
37510.2 5.681695225e-06
37523.7 3.824438611e-06
37537.2 2.765706965e-06
37550.7 2.806435072e-06
37564.2 3.202362610e-06
37577.7 2.564478249e-06
37591.3 2.807155377e-06
37604.8 3.572376422e-06
37618.3 2.828048106e-06
37631.8 1.251076530e-06
37645.3 1.442206576e-06
37658.8 2.949764592e-06
37672.3 1.566172289e-06
37685.8 1.106894190e-06
37699.4 3.660133535e-08
37712.9 1.109951442e-08
37726.4 7.431868705e-08
37739.9 1.475627718e-06
37753.4 1.464051489e-06
37766.9 3.247987081e-07
37780.4 3.069399140e-08
37793.9 4.433269524e-07
37807.5 9.983844910e-07
37821.0 3.624052531e-07
37834.5 2.998104392e-07
37848.0 2.263984046e-07
37861.5 3.391516190e-07
37875.0 1.834786748e-07
37888.5 3.441403497e-08
37902.0 6.326840237e-09
37915.6 1.088060702e-08
37929.1 2.096225314e-06
37942.6 3.926709070e-06
37956.1 4.348653220e-06
37969.6 4.203656924e-06
37983.1 7.183782530e-06
37996.6 7.941006703e-06
38010.1 6.559603029e-06
38023.7 2.597728709e-06
38037.2 4.059694110e-07
38050.7 6.850301639e-09
38064.2 6.327676219e-09
38077.7 6.327543228e-09
38091.2 2.155939595e-07
38104.7 9.524078396e-08
38118.2 2.078293726e-07
38131.8 1.175199739e-06
38145.3 1.350938963e-06
38158.8 4.288170858e-07
38172.3 3.229190174e-08
38185.8 5.084577258e-07
38199.3 2.129279134e-06
38212.8 3.133177930e-06
38226.3 3.630259247e-06
38239.8 2.845351009e-06
38253.4 4.019195472e-06
38266.9 3.553891078e-06
38280.4 2.014141118e-06
38293.9 2.825885378e-06
38307.4 2.509286206e-06
38320.9 3.184432200e-06
38334.4 3.259965881e-06
38347.9 3.612430832e-06
38361.5 3.361478478e-06
38375.0 2.578388197e-06
38388.5 2.830386826e-06
38402.0 1.939955838e-06
38415.5 1.906339681e-06
38429.0 1.036867557e-06
38442.5 1.581389439e-06
38456.0 1.850879128e-06
38469.6 1.259016485e-06
38483.1 2.079005953e-06
38496.6 3.576127121e-06
38510.1 2.776906476e-06
38523.6 1.637601063e-06
38537.1 1.294628645e-06
38550.6 4.325917293e-07
38564.1 2.080872349e-06
38577.7 2.303589231e-06
38591.2 1.786619198e-06
38604.7 9.901155448e-07
38618.2 8.400211952e-07
38631.7 1.063450027e-07
38645.2 7.418778646e-09
38658.7 6.286991958e-07
38672.2 4.566364760e-06
38685.8 4.360117873e-06
38699.3 3.604574119e-06
38712.8 3.552434049e-06
38726.3 3.177786055e-06
38739.8 2.584226212e-06
38753.3 1.041721514e-06
38766.8 1.473683363e-07
38780.3 1.358737427e-06
38793.9 2.975284493e-06
38807.4 3.612445493e-06
38820.9 4.195517208e-06
38834.4 4.134988677e-06
38847.9 2.856824096e-06
38861.4 2.796422049e-06
38874.9 2.785046412e-06
38888.4 3.359095536e-06
38902.0 3.549836097e-06
38915.5 3.020635851e-06
38929.0 1.710400461e-06
38942.5 5.482345289e-07
38956.0 3.450788319e-06
38969.5 5.450529738e-06
38983.0 6.564502928e-06
38996.5 8.212803012e-06
39010.1 8.890304195e-06
39023.6 8.155832879e-06
39037.1 5.915482894e-06
39050.6 3.301158696e-06
39064.1 4.633537743e-06
39077.6 5.141854508e-06
39091.1 4.613902488e-06
39104.6 4.450506430e-06
39118.2 6.045013061e-06
39131.7 5.865808594e-06
39145.2 5.004872966e-06
39158.7 6.147178456e-06
39172.2 6.614105722e-06
39185.7 5.399021748e-06
39199.2 5.980245371e-06
39212.7 6.942342027e-06
39226.2 6.602428617e-06
39239.8 6.700517188e-06
39253.3 8.104098853e-06
39266.8 5.985864571e-06
39280.3 3.771338999e-06
39293.8 3.185872401e-06
39307.3 6.312341168e-06
39320.8 6.916809528e-06
39334.3 6.164997351e-06
39347.9 5.360245096e-06
39361.4 5.223983512e-06
39374.9 4.848842202e-06
39388.4 3.166959352e-06
39401.9 2.985598964e-06
39415.4 6.455628810e-06
39428.9 1.057913252e-05
39442.4 1.312614098e-05
39456.0 1.425009697e-05
39469.5 1.262657991e-05
39483.0 1.105020702e-05
39496.5 1.169424517e-05
39510.0 1.097033684e-05
39523.5 7.765955496e-06
39537.0 6.250940993e-06
39550.5 5.141042420e-06
39564.1 4.332026649e-06
39577.6 2.026420876e-06
39591.1 1.460907864e-06
39604.6 2.033537861e-06
39618.1 3.672315608e-06
39631.6 6.015072962e-06
39645.1 8.736829705e-06
39658.6 1.146113814e-05
39672.2 7.795525821e-06
39685.7 3.543969342e-06
39699.2 1.524849977e-06
39712.7 1.933363057e-06
39726.2 3.820481414e-06
39739.7 3.436002517e-06
39753.2 2.409613618e-06
39766.7 2.304188489e-06
39780.3 3.346885886e-06
39793.8 4.995999126e-06
39807.3 6.299674828e-06
39820.8 5.649239769e-06
39834.3 2.926973403e-06
39847.8 3.438825615e-06
39861.3 4.583910022e-06
39874.8 3.280426754e-06
39888.4 2.594695161e-06
39901.9 1.508279162e-06
39915.4 1.470640048e-06
39928.9 7.883107542e-07
39942.4 1.706557626e-06
39955.9 3.658956117e-06
39969.4 3.862071851e-06
39982.9 5.994838145e-06
39996.5 6.914413112e-06
40010.0 6.470098484e-06
40023.5 4.327491203e-06
40037.0 5.003625789e-06
40050.5 5.988327826e-06
40064.0 6.043842132e-06
40077.5 5.452993772e-06
40091.0 4.612290152e-06
40104.5 6.178256601e-06
40118.1 8.925651637e-06
40131.6 9.333755604e-06
40145.1 6.648895930e-06
40158.6 6.578455512e-06
40172.1 7.000238119e-06
40185.6 4.635181589e-06
40199.1 4.837398781e-06
40212.6 5.741099439e-06
40226.2 8.868365872e-06
40239.7 9.812751438e-06
40253.2 8.776358988e-06
40266.7 6.382267786e-06
40280.2 4.290751786e-06
40293.7 4.888466653e-06
40307.2 6.904571784e-06
40320.7 9.416080154e-06
40334.3 8.336890184e-06
40347.8 8.707761991e-06
40361.3 9.586384136e-06
40374.8 9.644689348e-06
40388.3 9.312791535e-06
40401.8 1.037718566e-05
40415.3 9.601066697e-06
40428.8 8.643727815e-06
40442.4 9.097520592e-06
40455.9 8.750533810e-06
40469.4 7.052322511e-06
40482.9 6.385568750e-06
40496.4 7.230900635e-06
40509.9 7.965971038e-06
40523.4 8.931829947e-06
40536.9 1.047971590e-05
40550.5 8.744065798e-06
40564.0 7.327063200e-06
40577.5 8.487071034e-06
40591.0 9.654481146e-06
40604.5 8.712906737e-06
40618.0 6.859035890e-06
40631.5 6.655451813e-06
40645.0 6.645482364e-06
40658.6 6.656411226e-06
40672.1 6.828679511e-06
40685.6 5.935541452e-06
40699.1 4.351333438e-06
40712.6 4.942665958e-06
40726.1 6.107687506e-06
40739.6 8.098304918e-06
40753.1 9.050713025e-06
40766.7 7.728947685e-06
40780.2 9.992729923e-06
40793.7 1.043846142e-05
40807.2 1.298590910e-05
40820.7 1.255837474e-05
40834.2 1.276409302e-05
40847.7 1.357755995e-05
40861.2 1.568569203e-05
40874.8 1.497045690e-05
40888.3 1.470911339e-05
40901.8 1.574821501e-05
40915.3 1.324030598e-05
40928.8 1.165779345e-05
40942.3 1.249937933e-05
40955.8 1.306168495e-05
40969.3 1.091504936e-05
40982.8 8.880441994e-06
40996.4 7.365080899e-06
41009.9 4.039038238e-06
41023.4 3.832611525e-06
41036.9 4.817302986e-06
41050.4 5.942292594e-06
41063.9 5.996112707e-06
41077.4 6.773343944e-06
41090.9 7.908139974e-06
41104.5 1.061404556e-05
41118.0 1.099491092e-05
41131.5 1.042925546e-05
41145.0 6.991152724e-06
41158.5 4.111529847e-06
41172.0 3.898062659e-06
41185.5 4.294752522e-06
41199.0 5.885110355e-06
41212.6 8.852181854e-06
41226.1 1.084070597e-05
41239.6 8.414968396e-06
41253.1 5.591027896e-06
41266.6 6.160347088e-06
41280.1 9.328998146e-06
41293.6 8.756632183e-06
41307.1 8.705169823e-06
41320.7 9.195182372e-06
41334.2 8.558683794e-06
41347.7 7.192469044e-06
41361.2 7.922291698e-06
41374.7 7.621589433e-06
41388.2 3.402774914e-06
41401.7 3.611839346e-06
41415.2 6.581034086e-06
41428.8 9.683969636e-06
41442.3 1.018870117e-05
41455.8 1.079102541e-05
41469.3 8.620931906e-06
41482.8 6.725833744e-06
41496.3 5.999123574e-06
41509.8 6.733204960e-06
41523.3 6.596673961e-06
41536.9 4.745299134e-06
41550.4 4.736392785e-06
41563.9 4.495390273e-06
41577.4 3.300854516e-06
41590.9 5.304497170e-07
41604.4 9.463551427e-07
41617.9 3.532802743e-06
41631.4 6.841603507e-06
41645.0 8.459153837e-06
41658.5 1.209203659e-05
41672.0 1.422181006e-05
41685.5 1.523429978e-05
41699.0 1.359642429e-05
41712.5 1.193657339e-05
41726.0 1.156084649e-05
41739.5 1.340283632e-05
41753.1 1.472065207e-05
41766.6 1.353776958e-05
41780.1 1.158694824e-05
41793.6 1.029615708e-05
41807.1 8.340135239e-06
41820.6 4.752463501e-06
41834.1 2.257519555e-06
41847.6 2.793488457e-06
41861.1 4.758931242e-06
41874.7 4.618161741e-06
41888.2 5.412146125e-06
41901.7 6.666473597e-06
41915.2 8.093720462e-06
41928.7 9.239491429e-06
41942.2 8.897522628e-06
41955.7 8.160455410e-06
41969.2 7.359807544e-06
41982.8 8.662196987e-06
41996.3 1.158950835e-05
42009.8 1.148389182e-05
42023.3 9.835484800e-06
42036.8 8.641015485e-06
42050.3 9.510605110e-06
42063.8 1.014149490e-05
42077.3 1.098718345e-05
42090.9 1.227503527e-05
42104.4 1.252137614e-05
42117.9 1.103247469e-05
42131.4 9.746706896e-06
42144.9 9.600335803e-06
42158.4 1.008533009e-05
42171.9 1.018067240e-05
42185.4 1.108259387e-05
42199.0 1.237761746e-05
42212.5 1.368264921e-05
42226.0 1.587285815e-05
42239.5 1.998775924e-05
42253.0 2.144403155e-05
42266.5 1.814640386e-05
42280.0 1.849033166e-05
42293.5 1.967425456e-05
42307.1 1.810156605e-05
42320.6 1.440762515e-05
42334.1 1.617425554e-05
42347.6 1.746214375e-05
42361.1 1.657583217e-05
42374.6 1.533488443e-05
42388.1 1.688683675e-05
42401.6 1.595866337e-05
42415.2 1.669334090e-05
42428.7 1.725054374e-05
42442.2 2.205439789e-05
42455.7 2.274229809e-05
42469.2 2.078676214e-05
42482.7 1.865086440e-05
42496.2 1.845617254e-05
42509.7 1.531527048e-05
42523.3 1.591156561e-05
42536.8 1.862195880e-05
42550.3 1.904657383e-05
42563.8 1.589567084e-05
42577.3 1.604414417e-05
42590.8 1.767681138e-05
42604.3 2.014518039e-05
42617.8 2.113292765e-05
42631.4 2.334895619e-05
42644.9 2.473094328e-05
42658.4 2.238071336e-05
42671.9 1.670989108e-05
42685.4 1.416391511e-05
42698.9 1.606359334e-05
42712.4 1.733536085e-05
42725.9 1.650750884e-05
42739.5 1.569878301e-05
42753.0 1.443683530e-05
42766.5 1.330049886e-05
42780.0 1.257030678e-05
42793.5 1.368455458e-05
42807.0 1.496170396e-05
42820.5 1.623393126e-05
42834.0 1.743027366e-05
42847.5 1.866268530e-05
42861.1 1.566384131e-05
42874.6 1.497470110e-05
42888.1 1.612593977e-05
42901.6 2.131457430e-05
42915.1 2.016354337e-05
42928.6 1.765235312e-05
42942.1 1.622308748e-05
42955.6 1.622340842e-05
42969.2 1.513830889e-05
42982.7 1.555604075e-05
42996.2 1.943312250e-05
43009.7 2.148502566e-05
43023.2 1.835115297e-05
43036.7 1.745009960e-05
43050.2 1.735661763e-05
43063.7 1.880677485e-05
43077.3 1.651022423e-05
43090.8 1.266899532e-05
43104.3 1.252111771e-05
43117.8 1.365921275e-05
43131.3 1.426602957e-05
43144.8 1.502759480e-05
43158.3 1.644076338e-05
43171.8 1.820358409e-05
43185.4 1.727749011e-05
43198.9 1.597622474e-05
43212.4 1.607388252e-05
43225.9 1.630787567e-05
43239.4 1.681433813e-05
43252.9 1.940352901e-05
43266.4 2.256307419e-05
43279.9 2.497109613e-05
43293.5 2.329234333e-05
43307.0 2.358772135e-05
43320.5 2.176829288e-05
43334.0 2.459398689e-05
43347.5 2.518682533e-05
43361.0 2.494409691e-05
43374.5 2.364064044e-05
43388.0 2.196358418e-05
43401.6 2.217526185e-05
43415.1 2.432018423e-05
43428.6 2.305446834e-05
43442.1 2.027270009e-05
43455.6 1.918332442e-05
43469.1 2.148327188e-05
43482.6 2.112619703e-05
43496.1 1.819124638e-05
43509.7 1.550508629e-05
43523.2 1.653347675e-05
43536.7 1.880210965e-05
43550.2 1.817985885e-05
43563.7 1.867413688e-05
43577.2 1.872533068e-05
43590.7 1.684112960e-05
43604.2 1.356678368e-05
43617.8 1.078276010e-05
43631.3 1.144201452e-05
43644.8 1.215592282e-05
43658.3 1.310357783e-05
43671.8 1.415044862e-05
43685.3 1.478182100e-05
43698.8 1.378110388e-05
43712.3 1.069483229e-05
43725.8 9.915871328e-06
43739.4 1.072892038e-05
43752.9 9.402619341e-06
43766.4 7.949589392e-06
43779.9 8.527357586e-06
43793.4 9.193101524e-06
43806.9 8.772588176e-06
43820.4 7.576881199e-06
43833.9 8.295383447e-06
43847.5 1.045939554e-05
43861.0 8.285323019e-06
43874.5 4.589480068e-06
43888.0 5.730303263e-06
43901.5 7.382176174e-06
43915.0 5.845220362e-06
43928.5 3.880550191e-06
43942.0 3.468206257e-06
43955.6 6.199055345e-06
43969.1 5.251036508e-06
43982.6 6.132675593e-06
43996.1 7.074241285e-06
44009.6 7.916889017e-06
44023.1 6.442168923e-06
44036.6 5.702913167e-06
44050.1 7.339476794e-06
44063.7 9.185606288e-06
44077.2 9.637386836e-06
44090.7 1.017045118e-05
44104.2 1.136081780e-05
44117.7 1.126566974e-05
44131.2 7.647652925e-06
44144.7 5.288413780e-06
44158.2 4.995476933e-06
44171.8 6.889839437e-06
44185.3 9.541672029e-06
44198.8 1.099757989e-05
44212.3 1.411478944e-05
44225.8 2.070901714e-05
44239.3 2.408646346e-05
44252.8 2.242964652e-05
44266.3 2.290023362e-05
44279.9 2.427246997e-05
44293.4 2.472929518e-05
44306.9 1.901271749e-05
44320.4 1.797431160e-05
44333.9 1.894046322e-05
44347.4 2.041971863e-05
44360.9 2.067803690e-05
44374.4 2.271057847e-05
44388.0 2.905367796e-05
44401.5 3.328173554e-05
44415.0 3.581542270e-05
44428.5 3.724111451e-05
44442.0 4.023097007e-05
44455.5 3.983686626e-05
44469.0 3.851642254e-05
44482.5 3.766608885e-05
44496.1 4.028762581e-05
44509.6 4.074774978e-05
44523.1 4.082206060e-05
44536.6 4.317847020e-05
44550.1 4.736648879e-05
44563.6 4.954018653e-05
44577.1 4.561938394e-05
44590.6 4.546806327e-05
44604.1 4.918899802e-05
44617.7 5.603237457e-05
44631.2 5.717398427e-05
44644.7 5.923147899e-05
44658.2 6.290248671e-05
44671.7 6.408758903e-05
44685.2 6.227645230e-05
44698.7 6.146861036e-05
44712.2 6.688556319e-05
44725.8 7.055037803e-05
44739.3 7.073013566e-05
44752.8 6.849190425e-05
44766.3 7.412483604e-05
44779.8 7.814324955e-05
44793.3 8.193399507e-05
44806.8 7.953776885e-05
44820.3 8.114479277e-05
44833.9 8.279253442e-05
44847.4 8.715038645e-05
44860.9 8.904581442e-05
44874.4 9.590412110e-05
44887.9 1.114457699e-04
44901.4 1.166621734e-04
44914.9 1.202720678e-04
44928.4 1.218960901e-04
44942.0 1.264741720e-04
44955.5 1.271056472e-04
44969.0 1.266060538e-04
44982.5 1.282366028e-04
44996.0 1.375117578e-04
45009.5 1.457787903e-04
45023.0 1.465223507e-04
45036.5 1.512655302e-04
45050.1 1.589516005e-04
45063.6 1.688311697e-04
45077.1 1.710403951e-04
45090.6 1.773289863e-04
45104.1 1.888920974e-04
45117.6 2.009509133e-04
45131.1 2.081068990e-04
45144.6 2.155912505e-04
45158.2 2.327734553e-04
45171.7 2.471236789e-04
45185.2 2.571444552e-04
45198.7 2.617314189e-04
45212.2 2.784078398e-04
45225.7 2.985778910e-04
45239.2 3.159920670e-04
45252.7 3.300308980e-04
45266.3 3.503264852e-04
45279.8 3.796431388e-04
45293.3 4.006800069e-04
45306.8 4.229446881e-04
45320.3 4.480771377e-04
45333.8 4.877266793e-04
45347.3 5.219880481e-04
45360.8 5.516968039e-04
45374.4 5.826305783e-04
45387.9 6.248295390e-04
45401.4 6.732229322e-04
45414.9 7.149206955e-04
45428.4 7.616840675e-04
45441.9 8.151865042e-04
45455.4 8.792314356e-04
45468.9 9.369779283e-04
45482.5 9.966972443e-04
45496.0 1.064774339e-03
45509.5 1.139932127e-03
45523.0 1.215855464e-03
45536.5 1.286529584e-03
45550.0 1.371883944e-03
45563.5 1.465240416e-03
45577.0 1.565054794e-03
45590.5 1.657260280e-03
45604.1 1.759670275e-03
45617.6 1.879611900e-03
45631.1 2.003996302e-03
45644.6 2.129761811e-03
45658.1 2.255598002e-03
45671.6 2.406133089e-03
45685.1 2.563271227e-03
45698.6 2.725333101e-03
45712.2 2.885601113e-03
45725.7 3.068667083e-03
45739.2 3.273335646e-03
45752.7 3.481646172e-03
45766.2 3.697248011e-03
45779.7 3.920418671e-03
45793.2 4.179440662e-03
45806.7 4.450238085e-03
45820.3 4.732928569e-03
45833.8 5.030445890e-03
45847.3 5.358381586e-03
45860.8 5.719052987e-03
45874.3 6.087354991e-03
45887.8 6.479868580e-03
45901.3 6.898589413e-03
45914.8 7.366204777e-03
45928.4 7.855427738e-03
45941.9 8.366572041e-03
45955.4 8.920754005e-03
45968.9 9.523745441e-03
45982.4 1.018057928e-02
45995.9 1.086132361e-02
46009.4 1.159319612e-02
46022.9 1.238160237e-02
46036.5 1.324356862e-02
46050.0 1.415670453e-02
46063.5 1.512036445e-02
46077.0 1.617155037e-02
46090.5 1.730494535e-02
46104.0 1.852874804e-02
46117.5 1.981825340e-02
46131.0 2.120523939e-02
46144.6 2.270660894e-02
46158.1 2.432586854e-02
46171.6 2.605494189e-02
46185.1 2.789263243e-02
46198.6 2.989025872e-02
46212.1 3.203963534e-02
46225.6 3.434937210e-02
46239.1 3.680867474e-02
46252.7 3.944666762e-02
46266.2 4.230053243e-02
46279.7 4.535454064e-02
46293.2 4.862005009e-02
46306.7 5.209651308e-02
46320.2 5.584202909e-02
46333.7 5.986255460e-02
46347.2 6.414321082e-02
46360.8 6.869944078e-02
46374.3 7.355749923e-02
46387.8 7.876608981e-02
46401.3 8.430340983e-02
46414.8 9.019266230e-02
46428.3 9.639842731e-02
46441.8 1.030039034e-01
46455.3 1.100293379e-01
46468.8 1.173883703e-01
46482.4 1.251624433e-01
46495.9 1.333402228e-01
46509.4 1.419149998e-01
46522.9 1.510937856e-01
46536.4 1.604709870e-01
46549.9 1.701858037e-01
46563.4 1.803400346e-01
46576.9 1.908207160e-01
46590.5 2.015889971e-01
46604.0 2.127388865e-01
46617.5 2.240063379e-01
46631.0 2.355616209e-01
46644.5 2.474568051e-01
46658.0 2.591780574e-01
46671.5 2.711163040e-01
46685.0 2.831548254e-01
46698.6 2.949352563e-01
46712.1 3.067789624e-01
46725.6 3.183852584e-01
46739.1 3.295814790e-01
46752.6 3.406937757e-01
46766.1 3.512702259e-01
46779.6 3.613517397e-01
46793.1 3.711745904e-01
46806.7 3.801092272e-01
46820.2 3.886193320e-01
46833.7 3.967414474e-01
46847.2 4.038114780e-01
46860.7 4.105108370e-01
46874.2 4.166187732e-01
46887.7 4.219322720e-01
46901.2 4.268703401e-01
46914.8 4.311090459e-01
46928.3 4.347696145e-01
46941.8 4.380916154e-01
46955.3 4.407596985e-01
46968.8 4.430683767e-01
46982.3 4.455808621e-01
46995.8 4.470370450e-01
47009.3 4.482981032e-01
47022.9 4.492831330e-01
47036.4 4.499422384e-01
47049.9 4.504580600e-01
47063.4 4.507464717e-01
47076.9 4.508995783e-01
47090.4 4.509693477e-01
47103.9 4.508786159e-01
47117.4 4.507286724e-01
47131.0 4.505189826e-01
47144.5 4.502512091e-01
47158.0 4.499586063e-01
47171.5 4.496244916e-01
47185.0 4.492690433e-01
47198.5 4.489055753e-01
47212.0 4.485411850e-01
47225.5 4.481639859e-01
47239.1 4.477772637e-01
47252.6 4.473844057e-01
47266.1 4.469986501e-01
47279.6 4.466237449e-01
47293.1 4.462467203e-01
47306.6 4.458729028e-01
47320.1 4.455157717e-01
47333.6 4.451793878e-01
47347.1 4.452055675e-01
47360.7 4.450181132e-01
47374.2 4.446960083e-01
47387.7 4.443797211e-01
47401.2 4.440758558e-01
47414.7 4.437721152e-01
47428.2 4.434485386e-01
47441.7 4.431192861e-01
47455.2 4.427863699e-01
47468.8 4.424407135e-01
47482.3 4.420822641e-01
47495.8 4.416986912e-01
47509.3 4.413119974e-01
47522.8 4.409248071e-01
47536.3 4.405353286e-01
47549.8 4.401316526e-01
47563.3 4.397157608e-01
47576.9 4.393102659e-01
47590.4 4.389091910e-01
47603.9 4.385131469e-01
47617.4 4.381042597e-01
47630.9 4.376737716e-01
47644.4 4.372550952e-01
47657.9 4.368449349e-01
47671.4 4.364448656e-01
47685.0 4.360261777e-01
47698.5 4.356074816e-01
47712.0 4.352028155e-01
47725.5 4.348011738e-01
47739.0 4.344010514e-01
47752.5 4.340025002e-01
47766.0 4.336175793e-01
47779.5 4.332617530e-01
47793.1 4.329166367e-01
47806.6 4.325779541e-01
47820.1 4.322560329e-01
47833.6 4.319568439e-01
47847.1 4.316867469e-01
47860.6 4.314242609e-01
47874.1 4.311667173e-01
47887.6 4.309230541e-01
47901.2 4.306997297e-01
47914.7 4.304956227e-01
47928.2 4.302788229e-01
47941.7 4.300607713e-01
47955.2 4.298432554e-01
47968.7 4.296393477e-01
47982.2 4.294449756e-01
47995.7 4.292304350e-01
48009.3 4.290188320e-01
48022.8 4.288150373e-01
48036.3 4.286278451e-01
48049.8 4.284479077e-01
48063.3 4.282419681e-01
48076.8 4.280384763e-01
48090.3 4.283061319e-01
48103.8 4.281069622e-01
48117.4 4.279048052e-01
48130.9 4.276613638e-01
48144.4 4.274186212e-01
48157.9 4.271771197e-01
48171.4 4.269249486e-01
48184.9 4.266627510e-01
48198.4 4.263480883e-01
48211.9 4.260317060e-01
48225.5 4.257124473e-01
48239.0 4.253780092e-01
48252.5 4.250331336e-01
48266.0 4.246493302e-01
48279.5 4.242750521e-01
48293.0 4.239116694e-01
48306.5 4.235440501e-01
48320.0 4.231707932e-01
48333.5 4.227717320e-01
48347.1 4.223803254e-01
48360.6 4.219975738e-01
48374.1 4.216065219e-01
48387.6 4.212088647e-01
48401.1 4.207855556e-01
48414.6 4.203707761e-01
48428.1 4.199662420e-01
48441.6 4.195336812e-01
48455.2 4.190893863e-01
48468.7 4.186188780e-01
48482.2 4.181544840e-01
48495.7 4.176983957e-01
48509.2 4.172135955e-01
48522.7 4.167176902e-01
48536.2 4.162089067e-01
48549.7 4.157053158e-01
48563.3 4.152112118e-01
48576.8 4.146844942e-01
48590.3 4.141435978e-01
48603.8 4.135882612e-01
48617.3 4.130275112e-01
48630.8 4.124583854e-01
48644.3 4.118348219e-01
48657.8 4.111833603e-01
48671.4 4.105100237e-01
48684.9 4.098317815e-01
48698.4 4.091418297e-01
48711.9 4.084110392e-01
48725.4 4.076509400e-01
48738.9 4.068871098e-01
48752.4 4.061209115e-01
48765.9 4.056129650e-01
48779.5 4.049981204e-01
48793.0 4.040180995e-01
48806.5 4.030545799e-01
48820.0 4.020983334e-01
48833.5 4.011522755e-01
48847.0 4.002018102e-01
48860.5 3.992453535e-01
48874.0 3.983306440e-01
48887.6 3.974344802e-01
48901.1 3.965567663e-01
48914.6 3.956819225e-01
48928.1 3.948150312e-01
48941.6 3.939985996e-01
48955.1 3.932193210e-01
48968.6 3.924710429e-01
48982.1 3.917332034e-01
48995.7 3.910303591e-01
49009.2 3.903709765e-01
49022.7 3.897665219e-01
49036.2 3.891712293e-01
49049.7 3.885778530e-01
49063.2 3.879925672e-01
49076.7 3.874137709e-01
49090.2 3.868530255e-01
49103.8 3.862359467e-01
49117.3 3.855759255e-01
49130.8 3.848089485e-01
49144.3 3.840005981e-01
49157.8 3.830481005e-01
49171.3 3.819605905e-01
49184.8 3.806765884e-01
49198.3 3.791591534e-01
49211.8 3.775366447e-01
49225.4 3.755371710e-01
49238.9 3.734044722e-01
49252.4 3.708407731e-01
49265.9 3.680278450e-01
49279.4 3.649665884e-01
49292.9 3.614986170e-01
49306.4 3.579352802e-01
49319.9 3.537496908e-01
49333.5 3.494834557e-01
49347.0 3.448888335e-01
49360.5 3.400904088e-01
49374.0 3.351750899e-01
49387.5 3.299027405e-01
49401.0 3.246717574e-01
49414.5 3.193511827e-01
49428.0 3.141427987e-01
49441.6 3.086932674e-01
49455.1 3.032468718e-01
49468.6 2.978903968e-01
49482.1 2.925974601e-01
49495.6 2.875170190e-01
49509.1 2.825131529e-01
49522.6 2.777003158e-01
49536.1 2.730093149e-01
49549.7 2.685286763e-01
49563.2 2.642609295e-01
49576.7 2.601490061e-01
49590.2 2.562313936e-01
49603.7 2.524229762e-01
49617.2 2.488071266e-01
49630.7 2.453660917e-01
49644.2 2.420492201e-01
49657.8 2.388553537e-01
49671.3 2.357167311e-01
49684.8 2.326924025e-01
49698.3 2.297413087e-01
49711.8 2.268638626e-01
49725.3 2.239845474e-01
49738.8 2.211154202e-01
49752.3 2.182594860e-01
49765.9 2.153902358e-01
49779.4 2.125748518e-01
49792.9 2.095842549e-01
49806.4 2.066130683e-01
49819.9 2.035043532e-01
49833.4 2.003614745e-01
49846.9 1.971561019e-01
49860.4 1.937745732e-01
49874.0 1.903551518e-01
49887.5 1.866833990e-01
49901.0 1.830242125e-01
49914.5 1.791437251e-01
49928.0 1.752050563e-01
49941.5 1.710734573e-01
49955.0 1.668151349e-01
49968.5 1.624989107e-01
49982.1 1.579943994e-01
49995.6 1.535447277e-01
50009.1 1.487819977e-01
50022.6 1.441021558e-01
50036.1 1.392760171e-01
50049.6 1.344680342e-01
50063.1 1.296368394e-01
50076.6 1.247298508e-01
50090.1 1.200097099e-01
50103.7 1.150879605e-01
50117.2 1.103172233e-01
50130.7 1.055002129e-01
50144.2 1.008216450e-01
50157.7 9.614617728e-02
50171.2 9.160014751e-02
50184.7 8.717414287e-02
50198.2 8.285570889e-02
50211.8 7.870488545e-02
50225.3 7.460986205e-02
50238.8 7.070456766e-02
50252.3 6.691968713e-02
50265.8 6.331716097e-02
50279.3 5.985005902e-02
50292.8 5.652699793e-02
50306.3 5.333920591e-02
50319.9 5.031611466e-02
50333.4 4.745823557e-02
50346.9 4.473673746e-02
50360.4 4.216602722e-02
50373.9 3.969264470e-02
50387.4 3.736700165e-02
50400.9 3.518091736e-02
50414.4 3.311912412e-02
50428.0 3.117345502e-02
50441.5 2.932898622e-02
50455.0 2.758623774e-02
50468.5 2.596578088e-02
50482.0 2.444571386e-02
50495.5 2.300898429e-02
50509.0 2.165478316e-02
50522.5 2.036843982e-02
50536.1 1.916912464e-02
50549.6 1.805941433e-02
50563.1 1.701304037e-02
50576.6 1.602651669e-02
50590.1 1.509226103e-02
50603.6 1.421073103e-02
50617.1 1.340497135e-02
50630.6 1.264901873e-02
50644.2 1.193539057e-02
50657.7 1.126151310e-02
50671.2 1.062300154e-02
50684.7 1.002969117e-02
50698.2 9.484047554e-03
50711.7 8.963578760e-03
50725.2 8.467953379e-03
50738.7 8.000450696e-03
50752.3 7.559270257e-03
50765.8 7.161217316e-03
50779.3 6.793955411e-03
50792.8 6.428614908e-03
50806.3 6.083053517e-03
50819.8 5.758174705e-03
50833.3 5.456979849e-03
50846.8 5.183436702e-03
50860.4 4.917676134e-03
50873.9 4.659521412e-03
50887.4 4.418335202e-03
50900.9 4.191492610e-03
50914.4 3.987393210e-03
50927.9 3.796241362e-03
50941.4 3.601370611e-03
50954.9 3.416544644e-03
50968.4 3.246804199e-03
50982.0 3.088039234e-03
50995.5 2.944612615e-03
