      1600.00      0.00000
      1610.00      0.00000
      1620.00      0.00000
      1630.00      0.00000
      1640.00      0.00000
      1650.00      0.00000
      1660.00      0.00000
      1670.00      0.00000
      1680.00      0.00000
      1690.00      0.00000
      1700.00      0.00000
      1710.00      0.00000
      1720.00      0.00000
      1730.00      0.00000
      1740.00      0.00000
      1750.00      0.00000
      1760.00      0.00000
      1770.00      0.00000
      1780.00      0.00000
      1790.00      0.00000
      1800.00      0.00000
      1810.00      0.00000
      1820.00      0.00000
      1830.00      0.00000
      1840.00      0.00000
      1850.00      0.00000
      1860.00      0.00000
      1870.00      0.00000
      1880.00      0.00000
      1890.00      0.00000
      1900.00   0.00607497
      1910.00   0.00454439
      1920.00   0.00302132
      1930.00   0.00150623
      1940.00      0.00000
      1950.00      0.00000
      1960.00      0.00000
      1970.00      0.00000
      1980.00      0.00000
      1990.00      0.00000
      2000.00      0.00000
      2010.00      0.00000
      2020.00      0.00000
      2030.00   0.00291886
      2040.00   0.00577817
      2050.00   0.00490141
      2060.00   0.00404162
      2070.00   0.00319893
      2080.00   0.00237343
      2090.00   0.00156513
      2100.00  0.000774018
      2110.00      0.00000
      2120.00      0.00000
      2130.00      0.00000
      2140.00      0.00000
      2150.00      0.00000
      2160.00      0.00000
      2170.00      0.00000
      2180.00      0.00000
      2190.00      0.00000
      2200.00      0.00000
      2210.00      0.00000
      2220.00      0.00000
      2230.00      0.00000
      2240.00      0.00000
      2250.00      0.00000
      2260.00      0.00000
      2270.00      0.00000
      2280.00      0.00000
      2290.00      0.00000
      2300.00      0.00000
      2310.00      0.00000
      2320.00      0.00000
      2330.00      0.00000
      2340.00      0.00000
      2350.00      0.00000
      2360.00      0.00000
      2370.00      0.00000
      2380.00      0.00000
      2390.00      0.00000
      2400.00      0.00000
      2410.00      0.00000
      2420.00      0.00000
      2430.00      0.00000
      2440.00      0.00000
      2450.00      0.00000
      2460.00      0.00000
      2470.00      0.00000
      2480.00      0.00000
      2490.00      0.00000
      2500.00      0.00000
      2510.00      0.00000
      2520.00      0.00000
      2530.00      0.00000
      2540.00      0.00000
      2550.00      0.00000
      2560.00      0.00000
      2570.00      0.00000
      2580.00      0.00000
      2590.00      0.00000
      2600.00      0.00000
      2610.00      0.00000
      2620.00      0.00000
      2630.00      0.00000
      2640.00      0.00000
      2650.00      0.00000
      2660.00      0.00000
      2670.00      0.00000
      2680.00      0.00000
      2690.00      0.00000
      2700.00      0.00000
      2710.00      0.00000
      2720.00      0.00000
      2730.00      0.00000
      2740.00      0.00000
      2750.00      0.00000
      2760.00      0.00000
      2770.00      0.00000
      2780.00      0.00000
      2790.00      0.00000
      2800.00      0.00000
      2810.00      0.00000
      2820.00      0.00000
      2830.00      0.00000
      2840.00      0.00000
      2850.00      0.00000
      2860.00      0.00000
      2870.00      0.00000
      2880.00      0.00000
      2890.00      0.00000
      2900.00      0.00000
      2910.00      0.00000
      2920.00      0.00000
      2930.00      0.00000
      2940.00      0.00000
      2950.00      0.00000
      2960.00      0.00000
      2970.00      0.00000
      2980.00      0.00000
      2990.00      0.00000
      3000.00      0.00000
      3010.00      0.00000
      3020.00      0.00000
      3030.00      0.00000
      3040.00      0.00000
      3050.00      0.00000
      3060.00      0.00000
      3070.00      0.00000
      3080.00      0.00000
      3090.00      0.00000
      3100.00      0.00000
      3110.00      0.00000
      3120.00      0.00000
      3130.00      0.00000
      3140.00      0.00000
      3150.00      0.00000
      3160.00      0.00000
      3170.00      0.00000
      3180.00      0.00000
      3190.00      0.00000
      3200.00      0.00000
      3210.00      0.00000
      3220.00      0.00000
      3230.00      0.00000
      3240.00      0.00000
      3250.00      0.00000
      3260.00      0.00000
      3270.00      0.00000
      3280.00      0.00000
      3290.00      0.00000
      3300.00      0.00000
      3310.00      0.00000
      3320.00      0.00000
      3330.00      0.00000
      3340.00      0.00000
      3350.00      0.00000
      3360.00      0.00000
      3370.00      0.00000
      3380.00      0.00000
      3390.00      0.00000
      3400.00      0.00000
      3410.00      0.00000
      3420.00      0.00000
      3430.00      0.00000
      3440.00      0.00000
      3450.00   0.00159713
      3460.00   0.00319862
      3470.00   0.00480458
      3480.00   0.00481134
      3490.00   0.00481821
      3500.00   0.00482519
      3510.00   0.00966470
      3520.00   0.00967925
      3530.00    0.0145410
      3540.00    0.0145634
      3550.00    0.0194651
      3560.00    0.0243908
      3570.00    0.0293409
      3580.00    0.0343155
      3590.00    0.0442294
      3600.00    0.0541929
      3610.00    0.0642141
      3620.00    0.0841933
      3630.00     0.104278
      3640.00     0.124470
      3650.00     0.149651
      3660.00     0.184926
      3670.00     0.220340
      3680.00     0.270947
      3690.00     0.326781
      3700.00     0.402988
      3710.00     0.499582
      3720.00     0.626856
      3730.00     0.795105
      3740.00     0.999479
      3750.00      1.23708
      3760.00      1.54272
      3770.00      1.93542
      3780.00      2.45370
      3790.00      3.09570
      3800.00      3.90394
      3810.00      4.91524
      3820.00      6.14604
      3830.00      7.55417
      3840.00      9.12239
      3850.00      10.9203
      3860.00      13.0659
      3870.00      15.5879
      3880.00      18.1534
      3890.00      20.1137
      3900.00      20.9828
      3910.00      21.0320
      3920.00      21.0985
      3930.00      21.9295
      3940.00      23.7268
      3950.00      26.1526
      3960.00      28.4730
      3970.00      29.9441
      3980.00      30.4067
      3990.00      30.4254
      4000.00      30.6690
      4010.00      31.4206
      4020.00      32.4618
      4030.00      33.1684
      4040.00      32.9518
      4050.00      31.9205
      4060.00      30.5434
      4070.00      29.5546
      4080.00      29.3753
      4090.00      30.0665
      4100.00      31.3252
      4110.00      32.6249
      4120.00      33.3247
      4130.00      33.1286
      4140.00      32.2420
      4150.00      31.0733
      4160.00      30.2912
      4170.00      30.2183
      4180.00      30.8278
      4190.00      31.8768
      4200.00      33.0098
      4210.00      33.8809
      4220.00      34.3706
      4230.00      34.5396
      4240.00      34.6419
      4250.00      35.0724
      4260.00      35.6881
      4270.00      36.3111
      4280.00      36.6546
      4290.00      36.4368
      4300.00      35.5959
      4310.00      34.3858
      4320.00      33.2234
      4330.00      32.4784
      4340.00      32.3433
      4350.00      32.5791
      4360.00      33.2954
      4370.00      34.1934
      4380.00      34.9426
      4390.00      35.2999
      4400.00      35.1980
      4410.00      34.7547
      4420.00      34.1679
      4430.00      33.6447
      4440.00      33.2881
      4450.00      33.0762
      4460.00      32.8859
      4470.00      32.6298
      4480.00      32.2384
      4490.00      31.7412
      4500.00      31.2073
      4510.00      30.7461
      4520.00      30.4475
      4530.00      30.3392
      4540.00      30.3772
      4550.00      30.7572
      4560.00      31.1360
      4570.00      31.4111
      4580.00      31.5438
      4590.00      31.5561
      4600.00      31.4624
      4610.00      31.3104
      4620.00      31.1165
      4630.00      30.9405
      4640.00      30.7858
      4650.00      30.2470
      4660.00      29.7318
      4670.00      29.2693
      4680.00      28.8343
      4690.00      28.4125
      4700.00      27.9744
      4710.00      27.4775
      4720.00      26.8771
      4730.00      26.1660
      4740.00      25.3709
      4750.00      24.8842
      4760.00      24.4417
      4770.00      24.1178
      4780.00      23.9529
      4790.00      23.9518
      4800.00      24.0449
      4810.00      24.1383
      4820.00      24.1101
      4830.00      23.7330
      4840.00      22.7939
      4850.00      21.1665
      4860.00      18.7898
      4870.00      15.8225
      4880.00      12.6336
      4890.00      9.64068
      4900.00      7.10497
      4910.00      5.11467
      4920.00      3.63602
      4930.00      2.58810
      4940.00      1.85361
      4950.00      1.32198
      4960.00     0.951062
      4970.00     0.689498
      4980.00     0.501411
      4990.00     0.368524
      5000.00     0.270464
      5010.00     0.200996
      5020.00     0.151351
      5030.00     0.115748
      5040.00    0.0886046
      5050.00    0.0672353
      5060.00    0.0538849
      5070.00    0.0432811
      5080.00    0.0353636
      5090.00    0.0300722
      5100.00    0.0248608
      5110.00    0.0221935
      5120.00    0.0171208
      5130.00    0.0145545
      5140.00    0.0120285
      5150.00    0.0119936
      5160.00   0.00956700
      5170.00   0.00715442
      5180.00   0.00713364
      5190.00   0.00474195
      5200.00   0.00472819
      5210.00   0.00471387
      5220.00   0.00469959
      5230.00   0.00234268
      5240.00   0.00233560
      5250.00   0.00230810
      5260.00   0.00228064
      5270.00   0.00225322
      5280.00   0.00222584
      5290.00   0.00219849
      5300.00   0.00217119
      5310.00   0.00214420
      5320.00   0.00211724
      5330.00   0.00209032
      5340.00   0.00206342
      5350.00   0.00204791
      5360.00   0.00203242
      5370.00   0.00201697
      5380.00      0.00000
      5390.00      0.00000
      5400.00      0.00000
      5410.00      0.00000
      5420.00      0.00000
      5430.00      0.00000
      5440.00      0.00000
      5450.00      0.00000
      5460.00      0.00000
      5470.00      0.00000
      5480.00      0.00000
      5490.00      0.00000
      5500.00      0.00000
      5510.00      0.00000
      5520.00      0.00000
      5530.00      0.00000
      5540.00      0.00000
      5550.00      0.00000
      5560.00      0.00000
      5570.00      0.00000
      5580.00      0.00000
      5590.00      0.00000
      5600.00      0.00000
      5610.00      0.00000
      5620.00      0.00000
      5630.00      0.00000
      5640.00      0.00000
      5650.00      0.00000
      5660.00      0.00000
      5670.00      0.00000
      5680.00      0.00000
      5690.00      0.00000
      5700.00      0.00000
      5710.00      0.00000
      5720.00      0.00000
      5730.00      0.00000
      5740.00      0.00000
      5750.00      0.00000
      5760.00      0.00000
      5770.00      0.00000
      5780.00      0.00000
      5790.00      0.00000
      5800.00      0.00000
      5810.00      0.00000
      5820.00      0.00000
      5830.00      0.00000
      5840.00      0.00000
      5850.00      0.00000
      5860.00      0.00000
      5870.00      0.00000
      5880.00      0.00000
      5890.00      0.00000
      5900.00      0.00000
      5910.00      0.00000
      5920.00      0.00000
      5930.00      0.00000
      5940.00      0.00000
      5950.00      0.00000
      5960.00      0.00000
      5970.00      0.00000
      5980.00      0.00000
      5990.00      0.00000
      6000.00      0.00000
      6010.00      0.00000
      6020.00      0.00000
      6030.00      0.00000
      6040.00      0.00000
      6050.00      0.00000
      6060.00      0.00000
      6070.00      0.00000
      6080.00      0.00000
      6090.00      0.00000
      6100.00      0.00000
      6110.00      0.00000
      6120.00      0.00000
      6130.00      0.00000
      6140.00      0.00000
      6150.00      0.00000
      6160.00      0.00000
      6170.00      0.00000
      6180.00      0.00000
      6190.00      0.00000
      6200.00      0.00000
      6210.00      0.00000
      6220.00      0.00000
      6230.00  0.000986353
      6240.00      0.00000
      6250.00  0.000966493
      6260.00  0.000956564
      6270.00  0.000946634
      6280.00  0.000936705
      6290.00      0.00000
      6300.00      0.00000
      6310.00  0.000906916
      6320.00      0.00000
      6330.00      0.00000
      6340.00      0.00000
      6350.00      0.00000
      6360.00      0.00000
      6370.00      0.00000
      6380.00      0.00000
      6390.00      0.00000
      6400.00      0.00000
      6410.00      0.00000
      6420.00      0.00000
      6430.00      0.00000
      6440.00      0.00000
      6450.00      0.00000
      6460.00      0.00000
      6470.00      0.00000
      6480.00      0.00000
      6490.00      0.00000
      6500.00      0.00000
      6510.00      0.00000
      6520.00      0.00000
      6530.00      0.00000
      6540.00      0.00000
      6550.00      0.00000
      6560.00      0.00000
      6570.00      0.00000
      6580.00      0.00000
      6590.00      0.00000
      6600.00      0.00000
      6610.00      0.00000
      6620.00  0.000633029
      6630.00  0.000624641
      6640.00   0.00123251
      6650.00   0.00121573
      6660.00  0.000599478
      6670.00  0.000591090
      6680.00      0.00000
      6690.00      0.00000
      6700.00      0.00000
      6710.00      0.00000
      6720.00      0.00000
      6730.00      0.00000
      6740.00      0.00000
      6750.00      0.00000
      6760.00      0.00000
      6770.00      0.00000
      6780.00      0.00000
      6790.00      0.00000
      6800.00      0.00000
      6810.00      0.00000
      6820.00      0.00000
      6830.00      0.00000
      6840.00      0.00000
      6850.00      0.00000
      6860.00      0.00000
      6870.00      0.00000
      6880.00      0.00000
      6890.00      0.00000
      6900.00      0.00000
      6910.00      0.00000
      6920.00      0.00000
      6930.00      0.00000
      6940.00      0.00000
      6950.00      0.00000
      6960.00      0.00000
      6970.00  0.000339459
      6980.00  0.000331071
      6990.00      0.00000
      7000.00  0.000314296
      7010.00      0.00000
      7020.00      0.00000
      7030.00      0.00000
      7040.00      0.00000
      7050.00      0.00000
      7060.00      0.00000
      7070.00      0.00000
      7080.00      0.00000
      7090.00      0.00000
      7100.00      0.00000
      7110.00      0.00000
      7120.00      0.00000
      7130.00      0.00000
      7140.00      0.00000
      7150.00      0.00000
      7160.00      0.00000
      7170.00      0.00000
      7180.00      0.00000
      7190.00      0.00000
      7200.00      0.00000
      7210.00      0.00000
      7220.00      0.00000
      7230.00      0.00000
      7240.00      0.00000
      7250.00      0.00000
      7260.00      0.00000
      7270.00      0.00000
      7280.00      0.00000
      7290.00      0.00000
      7300.00      0.00000
      7310.00      0.00000
      7320.00      0.00000
      7330.00      0.00000
      7340.00      0.00000
      7350.00      0.00000
      7360.00      0.00000
      7370.00      0.00000
      7380.00      0.00000
      7390.00      0.00000
      7400.00      0.00000
      7410.00      0.00000
      7420.00      0.00000
      7430.00      0.00000
      7440.00      0.00000
      7450.00      0.00000
      7460.00      0.00000
      7470.00      0.00000
      7480.00      0.00000
      7490.00      0.00000
      7500.00      0.00000
      7510.00      0.00000
      7520.00      0.00000
      7530.00      0.00000
      7540.00      0.00000
      7550.00      0.00000
      7560.00      0.00000
      7570.00      0.00000
      7580.00      0.00000
      7590.00      0.00000
      7600.00      0.00000
      7610.00      0.00000
      7620.00      0.00000
      7630.00      0.00000
      7640.00      0.00000
      7650.00      0.00000
      7660.00      0.00000
      7670.00      0.00000
      7680.00      0.00000
      7690.00      0.00000
      7700.00      0.00000
      7710.00      0.00000
      7720.00      0.00000
      7730.00      0.00000
      7740.00      0.00000
      7750.00      0.00000
      7760.00      0.00000
      7770.00      0.00000
      7780.00      0.00000
      7790.00      0.00000
      7800.00      0.00000
      7810.00      0.00000
      7820.00      0.00000
      7830.00      0.00000
      7840.00      0.00000
      7850.00      0.00000
      7860.00      0.00000
      7870.00      0.00000
      7880.00      0.00000
      7890.00      0.00000
      7900.00      0.00000
      7910.00      0.00000
      7920.00      0.00000
      7930.00      0.00000
      7940.00      0.00000
      7950.00      0.00000
      7960.00      0.00000
      7970.00      0.00000
      7980.00      0.00000
      7990.00      0.00000
      8000.00      0.00000

