      1600.00      0.00000
      1610.00      0.00000
      1620.00      0.00000
      1630.00      0.00000
      1640.00      0.00000
      1650.00      0.00000
      1660.00      0.00000
      1670.00      0.00000
      1680.00      0.00000
      1690.00      0.00000
      1700.00      0.00000
      1710.00      0.00000
      1720.00      0.00000
      1730.00      0.00000
      1740.00      0.00000
      1750.00      0.00000
      1760.00      0.00000
      1770.00      0.00000
      1780.00      0.00000
      1790.00      0.00000
      1800.00      0.00000
      1810.00      0.00000
      1820.00      0.00000
      1830.00      0.00000
      1840.00      0.00000
      1850.00      0.00000
      1860.00      0.00000
      1870.00      0.00000
      1880.00      0.00000
      1890.00      0.00000
      1900.00      0.00000
      1910.00      0.00000
      1920.00      0.00000
      1930.00      0.00000
      1940.00      0.00000
      1950.00      0.00000
      1960.00      0.00000
      1970.00      0.00000
      1980.00      0.00000
      1990.00      0.00000
      2000.00      0.00000
      2010.00      0.00000
      2020.00      0.00000
      2030.00      0.00000
      2040.00      0.00000
      2050.00      0.00000
      2060.00      0.00000
      2070.00      0.00000
      2080.00      0.00000
      2090.00      0.00000
      2100.00      0.00000
      2110.00      0.00000
      2120.00      0.00000
      2130.00      0.00000
      2140.00      0.00000
      2150.00      0.00000
      2160.00      0.00000
      2170.00      0.00000
      2180.00      0.00000
      2190.00      0.00000
      2200.00      0.00000
      2210.00      0.00000
      2220.00      0.00000
      2230.00      0.00000
      2240.00      0.00000
      2250.00      0.00000
      2260.00      0.00000
      2270.00      0.00000
      2280.00      0.00000
      2290.00      0.00000
      2300.00      0.00000
      2310.00      0.00000
      2320.00      0.00000
      2330.00      0.00000
      2340.00      0.00000
      2350.00      0.00000
      2360.00      0.00000
      2370.00      0.00000
      2380.00      0.00000
      2390.00      0.00000
      2400.00      0.00000
      2410.00      0.00000
      2420.00      0.00000
      2430.00      0.00000
      2440.00      0.00000
      2450.00      0.00000
      2460.00      0.00000
      2470.00      0.00000
      2480.00      0.00000
      2490.00      0.00000
      2500.00      0.00000
      2510.00      0.00000
      2520.00      0.00000
      2530.00      0.00000
      2540.00      0.00000
      2550.00      0.00000
      2560.00      0.00000
      2570.00      0.00000
      2580.00      0.00000
      2590.00      0.00000
      2600.00      0.00000
      2610.00      0.00000
      2620.00      0.00000
      2630.00      0.00000
      2640.00      0.00000
      2650.00      0.00000
      2660.00      0.00000
      2670.00      0.00000
      2680.00      0.00000
      2690.00      0.00000
      2700.00      0.00000
      2710.00      0.00000
      2720.00      0.00000
      2730.00      0.00000
      2740.00      0.00000
      2750.00      0.00000
      2760.00      0.00000
      2770.00      0.00000
      2780.00      0.00000
      2790.00      0.00000
      2800.00      0.00000
      2810.00      0.00000
      2820.00      0.00000
      2830.00      0.00000
      2840.00   0.00589800
      2850.00   0.00588666
      2860.00   0.00587502
      2870.00   0.00586307
      2880.00   0.00585085
      2890.00   0.00583835
      2900.00   0.00582559
      2910.00   0.00581302
      2920.00   0.00580021
      2930.00   0.00578717
      2940.00   0.00577390
      2950.00   0.00576357
      2960.00   0.00575303
      2970.00   0.00574228
      2980.00   0.00573135
      2990.00   0.00572024
      3000.00    0.0114179
      3010.00    0.0626991
      3020.00      1.06985
      3030.00      5.29503
      3040.00      12.3760
      3050.00      19.8651
      3060.00      23.7386
      3070.00      24.6552
      3080.00      30.2167
      3090.00      34.9500
      3100.00      34.8293
      3110.00      35.3033
      3120.00      37.3387
      3130.00      39.6990
      3140.00      39.4722
      3150.00      38.1624
      3160.00      36.7024
      3170.00      36.5845
      3180.00      38.2155
      3190.00      41.1985
      3200.00      44.2156
      3210.00      41.5836
      3220.00      37.4593
      3230.00      38.4742
      3240.00      42.8030
      3250.00      44.6535
      3260.00      45.7309
      3270.00      47.3338
      3280.00      47.7045
      3290.00      47.1418
      3300.00      46.9602
      3310.00      47.4160
      3320.00      48.2948
      3330.00      47.1347
      3340.00      43.5755
      3350.00      41.5866
      3360.00      42.1237
      3370.00      41.5827
      3380.00      39.4272
      3390.00      38.7898
      3400.00      41.0200
      3410.00      43.5551
      3420.00      43.3702
      3430.00      41.0745
      3440.00      39.3707
      3450.00      39.6440
      3460.00      40.8976
      3470.00      41.2809
      3480.00      40.3479
      3490.00      39.4852
      3500.00      39.7161
      3510.00      40.7705
      3520.00      41.7563
      3530.00      42.0622
      3540.00      42.0591
      3550.00      42.4241
      3560.00      43.5132
      3570.00      45.0969
      3580.00      46.2034
      3590.00      46.2345
      3600.00      45.3940
      3610.00      45.0832
      3620.00      46.0983
      3630.00      47.6999
      3640.00      48.5881
      3650.00      48.2076
      3660.00      47.7460
      3670.00      48.2144
      3680.00      49.1617
      3690.00      49.5903
      3700.00      49.0940
      3710.00      48.1416
      3720.00      47.1810
      3730.00      46.2478
      3740.00      45.8796
      3750.00      46.1859
      3760.00      46.9602
      3770.00      46.4551
      3780.00      44.0322
      3790.00      41.2446
      3800.00      40.0006
      3810.00      41.2595
      3820.00      43.4128
      3830.00      43.7413
      3840.00      39.6947
      3850.00      31.4180
      3860.00      21.5130
      3870.00      12.9645
      3880.00      7.26514
      3890.00      4.10311
      3900.00      2.46110
      3910.00      1.58794
      3920.00      1.08174
      3930.00     0.761151
      3940.00     0.535885
      3950.00     0.368217
      3960.00     0.247631
      3970.00     0.164478
      3980.00     0.109246
      3990.00    0.0770951
      4000.00    0.0587356
      4010.00    0.0450151
      4020.00    0.0358793
      4030.00    0.0312783
      4040.00    0.0267105
      4050.00    0.0266968
      4060.00    0.0222361
      4070.00    0.0177798
      4080.00    0.0177709
      4090.00    0.0133214
      4100.00    0.0133148
      4110.00    0.0132185
      4120.00    0.0131224
      4130.00    0.0130264
      4140.00    0.0129304
      4150.00    0.0127856
      4160.00    0.0126415
      4170.00    0.0124981
      4180.00    0.0123555
      4190.00    0.0122137
      4200.00    0.0120726
      4210.00    0.0119302
      4220.00    0.0117886
      4230.00    0.0116478
      4240.00    0.0115078
      4250.00    0.0114146
      4260.00    0.0113215
      4270.00    0.0112285
      4280.00    0.0111356
      4290.00    0.0110427
      4300.00    0.0109500
      4310.00    0.0108587
      4320.00    0.0107674
      4330.00    0.0106762
      4340.00    0.0105851
      4350.00    0.0104207
      4360.00    0.0102575
      4370.00    0.0100955
      4380.00   0.00993475
      4390.00   0.00977524
      4400.00   0.00961695
      4410.00   0.00945868
      4420.00   0.00930169
      4430.00   0.00914598
      4440.00   0.00899156
      4450.00   0.00883979
      4460.00   0.00868929
      4470.00   0.00854006
      4480.00   0.00839211
      4490.00   0.00824543
      4500.00   0.00810004
      4510.00   0.00795568
      4520.00   0.00781260
      4530.00   0.00767083
      4540.00   0.00753036
      4550.00   0.00744984
      4560.00   0.00736947
      4570.00   0.00728926
      4580.00   0.00720921
      4590.00   0.00712933
      4600.00   0.00704960
      4610.00   0.00704080
      4620.00    0.0105480
      4630.00    0.0175579
      4640.00    0.0245501
      4650.00    0.0276576
      4660.00    0.0238508
      4670.00    0.0201440
      4680.00    0.0165372
      4690.00    0.0162878
      4700.00    0.0192462
      4710.00    0.0284217
      4720.00    0.0528403
      4730.00     0.259977
      4740.00      1.71807
      4750.00      4.13736
      4760.00      4.04470
      4770.00      1.86737
      4780.00     0.446162
      4790.00    0.0622818
      4800.00    0.0118288
      4810.00   0.00589673
      4820.00   0.00293954
      4830.00   0.00293073
      4840.00   0.00292192
      4850.00   0.00291550
      4860.00   0.00290909
      4870.00   0.00290268
      4880.00   0.00289628
      4890.00      0.00000
      4900.00      0.00000
      4910.00      0.00000
      4920.00      0.00000
      4930.00      0.00000
      4940.00      0.00000
      4950.00      0.00000
      4960.00      0.00000
      4970.00      0.00000
      4980.00      0.00000
      4990.00      0.00000
      5000.00      0.00000
      5010.00      0.00000
      5020.00      0.00000
      5030.00      0.00000
      5040.00      0.00000
      5050.00      0.00000
      5060.00      0.00000
      5070.00      0.00000
      5080.00      0.00000
      5090.00      0.00000
      5100.00      0.00000
      5110.00      0.00000
      5120.00      0.00000
      5130.00      0.00000
      5140.00      0.00000
      5150.00      0.00000
      5160.00      0.00000
      5170.00      0.00000
      5180.00      0.00000
      5190.00      0.00000
      5200.00      0.00000
      5210.00      0.00000
      5220.00      0.00000
      5230.00      0.00000
      5240.00      0.00000
      5250.00      0.00000
      5260.00      0.00000
      5270.00      0.00000
      5280.00      0.00000
      5290.00      0.00000
      5300.00      0.00000
      5310.00      0.00000
      5320.00      0.00000
      5330.00      0.00000
      5340.00      0.00000
      5350.00      0.00000
      5360.00      0.00000
      5370.00      0.00000
      5380.00      0.00000
      5390.00      0.00000
      5400.00      0.00000
      5410.00      0.00000
      5420.00      0.00000
      5430.00      0.00000
      5440.00      0.00000
      5450.00      0.00000
      5460.00      0.00000
      5470.00      0.00000
      5480.00      0.00000
      5490.00      0.00000
      5500.00      0.00000
      5510.00      0.00000
      5520.00      0.00000
      5530.00      0.00000
      5540.00      0.00000
      5550.00      0.00000
      5560.00      0.00000
      5570.00      0.00000
      5580.00      0.00000
      5590.00      0.00000
      5600.00      0.00000
      5610.00      0.00000
      5620.00      0.00000
      5630.00      0.00000
      5640.00      0.00000
      5650.00      0.00000
      5660.00      0.00000
      5670.00      0.00000
      5680.00      0.00000
      5690.00      0.00000
      5700.00      0.00000
      5710.00      0.00000
      5720.00      0.00000
      5730.00      0.00000
      5740.00      0.00000
      5750.00      0.00000
      5760.00      0.00000
      5770.00      0.00000
      5780.00      0.00000
      5790.00      0.00000
      5800.00      0.00000
      5810.00      0.00000
      5820.00      0.00000
      5830.00      0.00000
      5840.00      0.00000
      5850.00      0.00000
      5860.00      0.00000
      5870.00      0.00000
      5880.00      0.00000
      5890.00      0.00000
      5900.00      0.00000
      5910.00      0.00000
      5920.00      0.00000
      5930.00      0.00000
      5940.00      0.00000
      5950.00      0.00000
      5960.00      0.00000
      5970.00      0.00000
      5980.00      0.00000
      5990.00      0.00000
      6000.00      0.00000
      6010.00      0.00000
      6020.00      0.00000
      6030.00      0.00000
      6040.00      0.00000
      6050.00      0.00000
      6060.00      0.00000
      6070.00      0.00000
      6080.00      0.00000
      6090.00      0.00000
      6100.00      0.00000
      6110.00      0.00000
      6120.00      0.00000
      6130.00      0.00000
      6140.00      0.00000
      6150.00      0.00000
      6160.00      0.00000
      6170.00      0.00000
      6180.00      0.00000
      6190.00      0.00000
      6200.00      0.00000
      6210.00      0.00000
      6220.00      0.00000
      6230.00      0.00000
      6240.00      0.00000
      6250.00      0.00000
      6260.00      0.00000
      6270.00      0.00000
      6280.00      0.00000
      6290.00      0.00000
      6300.00      0.00000
      6310.00      0.00000
      6320.00      0.00000
      6330.00      0.00000
      6340.00      0.00000
      6350.00      0.00000
      6360.00      0.00000
      6370.00      0.00000
      6380.00      0.00000
      6390.00      0.00000
      6400.00      0.00000
      6410.00      0.00000
      6420.00      0.00000
      6430.00      0.00000
      6440.00      0.00000
      6450.00      0.00000
      6460.00      0.00000
      6470.00      0.00000
      6480.00      0.00000
      6490.00      0.00000
      6500.00      0.00000
      6510.00      0.00000
      6520.00      0.00000
      6530.00      0.00000
      6540.00      0.00000
      6550.00      0.00000
      6560.00      0.00000
      6570.00      0.00000
      6580.00      0.00000
      6590.00      0.00000
      6600.00      0.00000
      6610.00      0.00000
      6620.00      0.00000
      6630.00      0.00000
      6640.00      0.00000
      6650.00      0.00000
      6660.00      0.00000
      6670.00      0.00000
      6680.00      0.00000
      6690.00      0.00000
      6700.00      0.00000
      6710.00      0.00000
      6720.00      0.00000
      6730.00      0.00000
      6740.00      0.00000
      6750.00      0.00000
      6760.00      0.00000
      6770.00      0.00000
      6780.00      0.00000
      6790.00      0.00000
      6800.00      0.00000
      6810.00      0.00000
      6820.00      0.00000
      6830.00      0.00000
      6840.00      0.00000
      6850.00      0.00000
      6860.00      0.00000
      6870.00      0.00000
      6880.00      0.00000
      6890.00      0.00000
      6900.00      0.00000
      6910.00      0.00000
      6920.00      0.00000
      6930.00      0.00000
      6940.00      0.00000
      6950.00      0.00000
      6960.00      0.00000
      6970.00      0.00000
      6980.00      0.00000
      6990.00      0.00000
      7000.00      0.00000
      7010.00      0.00000
      7020.00      0.00000
      7030.00      0.00000
      7040.00      0.00000
      7050.00      0.00000
      7060.00      0.00000
      7070.00      0.00000
      7080.00      0.00000
      7090.00      0.00000
      7100.00      0.00000
      7110.00      0.00000
      7120.00      0.00000
      7130.00      0.00000
      7140.00      0.00000
      7150.00      0.00000
      7160.00      0.00000
      7170.00      0.00000
      7180.00      0.00000
      7190.00      0.00000
      7200.00      0.00000
      7210.00      0.00000
      7220.00      0.00000
      7230.00      0.00000
      7240.00      0.00000
      7250.00      0.00000
      7260.00      0.00000
      7270.00      0.00000
      7280.00      0.00000
      7290.00      0.00000
      7300.00      0.00000
      7310.00      0.00000
      7320.00      0.00000
      7330.00      0.00000
      7340.00      0.00000
      7350.00      0.00000
      7360.00      0.00000
      7370.00      0.00000
      7380.00      0.00000
      7390.00      0.00000
      7400.00      0.00000
      7410.00      0.00000
      7420.00      0.00000
      7430.00      0.00000
      7440.00      0.00000
      7450.00      0.00000
      7460.00      0.00000
      7470.00      0.00000
      7480.00      0.00000
      7490.00      0.00000
      7500.00      0.00000
      7510.00      0.00000
      7520.00      0.00000
      7530.00      0.00000
      7540.00      0.00000
      7550.00      0.00000
      7560.00      0.00000
      7570.00      0.00000
      7580.00      0.00000
      7590.00      0.00000
      7600.00      0.00000
      7610.00      0.00000
      7620.00      0.00000
      7630.00      0.00000
      7640.00      0.00000
      7650.00      0.00000
      7660.00      0.00000
      7670.00      0.00000
      7680.00      0.00000
      7690.00      0.00000
      7700.00      0.00000
      7710.00      0.00000
      7720.00      0.00000
      7730.00      0.00000
      7740.00      0.00000
      7750.00      0.00000
      7760.00      0.00000
      7770.00      0.00000
      7780.00      0.00000
      7790.00      0.00000
      7800.00      0.00000
      7810.00      0.00000
      7820.00      0.00000
      7830.00      0.00000
      7840.00      0.00000
      7850.00      0.00000
      7860.00      0.00000
      7870.00      0.00000
      7880.00      0.00000
      7890.00      0.00000
      7900.00      0.00000
      7910.00      0.00000
      7920.00      0.00000
      7930.00      0.00000
      7940.00      0.00000
      7950.00      0.00000
      7960.00      0.00000
      7970.00      0.00000
      7980.00      0.00000
      7990.00      0.00000
      8000.00      0.00000

