      1600.00      0.00000
      1610.00      0.00000
      1620.00      0.00000
      1630.00      0.00000
      1640.00      0.00000
      1650.00      0.00000
      1660.00      0.00000
      1670.00      0.00000
      1680.00      0.00000
      1690.00      0.00000
      1700.00      0.00000
      1710.00      0.00000
      1720.00      0.00000
      1730.00      0.00000
      1740.00      0.00000
      1750.00      0.00000
      1760.00      0.00000
      1770.00      0.00000
      1780.00      0.00000
      1790.00      0.00000
      1800.00      0.00000
      1810.00      0.00000
      1820.00      0.00000
      1830.00      0.00000
      1840.00      0.00000
      1850.00      0.00000
      1860.00      0.00000
      1870.00      0.00000
      1880.00      0.00000
      1890.00      0.00000
      1900.00      0.00000
      1910.00      0.00000
      1920.00      0.00000
      1930.00      0.00000
      1940.00      0.00000
      1950.00      0.00000
      1960.00      0.00000
      1970.00      0.00000
      1980.00      0.00000
      1990.00      0.00000
      2000.00      0.00000
      2010.00      0.00000
      2020.00      0.00000
      2030.00      0.00000
      2040.00      0.00000
      2050.00      0.00000
      2060.00      0.00000
      2070.00      0.00000
      2080.00      0.00000
      2090.00      0.00000
      2100.00      0.00000
      2110.00      0.00000
      2120.00      0.00000
      2130.00      0.00000
      2140.00      0.00000
      2150.00      0.00000
      2160.00      0.00000
      2170.00      0.00000
      2180.00      0.00000
      2190.00      0.00000
      2200.00      0.00000
      2210.00      0.00000
      2220.00   0.00526476
      2230.00      0.00000
      2240.00      0.00000
      2250.00      0.00000
      2260.00      0.00000
      2270.00   0.00510790
      2280.00      0.00000
      2290.00      0.00000
      2300.00      0.00000
      2310.00      0.00000
      2320.00      0.00000
      2330.00      0.00000
      2340.00      0.00000
      2350.00      0.00000
      2360.00      0.00000
      2370.00      0.00000
      2380.00      0.00000
      2390.00      0.00000
      2400.00      0.00000
      2410.00      0.00000
      2420.00      0.00000
      2430.00      0.00000
      2440.00      0.00000
      2450.00      0.00000
      2460.00      0.00000
      2470.00      0.00000
      2480.00      0.00000
      2490.00      0.00000
      2500.00      0.00000
      2510.00      0.00000
      2520.00      0.00000
      2530.00      0.00000
      2540.00      0.00000
      2550.00      0.00000
      2560.00      0.00000
      2570.00      0.00000
      2580.00      0.00000
      2590.00      0.00000
      2600.00      0.00000
      2610.00      0.00000
      2620.00      0.00000
      2630.00      0.00000
      2640.00      0.00000
      2650.00      0.00000
      2660.00      0.00000
      2670.00      0.00000
      2680.00      0.00000
      2690.00      0.00000
      2700.00      0.00000
      2710.00      0.00000
      2720.00      0.00000
      2730.00      0.00000
      2740.00      0.00000
      2750.00      0.00000
      2760.00      0.00000
      2770.00      0.00000
      2780.00      0.00000
      2790.00      0.00000
      2800.00      0.00000
      2810.00      0.00000
      2820.00      0.00000
      2830.00      0.00000
      2840.00      0.00000
      2850.00      0.00000
      2860.00      0.00000
      2870.00      0.00000
      2880.00      0.00000
      2890.00      0.00000
      2900.00      0.00000
      2910.00      0.00000
      2920.00      0.00000
      2930.00      0.00000
      2940.00      0.00000
      2950.00      0.00000
      2960.00      0.00000
      2970.00      0.00000
      2980.00      0.00000
      2990.00      0.00000
      3000.00      0.00000
      3010.00      0.00000
      3020.00      0.00000
      3030.00      0.00000
      3040.00   0.00567185
      3050.00      0.00000
      3060.00      0.00000
      3070.00      0.00000
      3080.00      0.00000
      3090.00      0.00000
      3100.00      0.00000
      3110.00      0.00000
      3120.00      0.00000
      3130.00      0.00000
      3140.00      0.00000
      3150.00      0.00000
      3160.00      0.00000
      3170.00      0.00000
      3180.00      0.00000
      3190.00      0.00000
      3200.00      0.00000
      3210.00      0.00000
      3220.00      0.00000
      3230.00      0.00000
      3240.00   0.00510045
      3250.00   0.00509394
      3260.00      0.00000
      3270.00      0.00000
      3280.00   0.00507441
      3290.00   0.00506792
      3300.00   0.00506146
      3310.00      0.00000
      3320.00      0.00000
      3330.00      0.00000
      3340.00      0.00000
      3350.00   0.00501043
      3360.00      0.00000
      3370.00      0.00000
      3380.00      0.00000
      3390.00      0.00000
      3400.00   0.00488449
      3410.00      0.00000
      3420.00      0.00000
      3430.00      0.00000
      3440.00      0.00000
      3450.00      0.00000
      3460.00      0.00000
      3470.00      0.00000
      3480.00      0.00000
      3490.00      0.00000
      3500.00   0.00482519
      3510.00      0.00000
      3520.00   0.00483962
      3530.00   0.00484700
      3540.00      0.00000
      3550.00      0.00000
      3560.00      0.00000
      3570.00   0.00489014
      3580.00   0.00490222
      3590.00      0.00000
      3600.00      0.00000
      3610.00   0.00493954
      3620.00   0.00495255
      3630.00   0.00993127
      3640.00   0.00995760
      3650.00   0.00997673
      3660.00    0.0149940
      3670.00    0.0100155
      3680.00    0.0150526
      3690.00    0.0150822
      3700.00    0.0100747
      3710.00    0.0151389
      3720.00    0.0151659
      3730.00    0.0253218
      3740.00    0.0355145
      3750.00    0.0454437
      3760.00    0.0402013
      3770.00    0.0350076
      3780.00    0.0149312
      3790.00      0.00000
      3800.00      0.00000
      3810.00      0.00000
      3820.00      0.00000
      3830.00      0.00000
      3840.00      0.00000
      3850.00      0.00000
      3860.00      0.00000
      3870.00      0.00000
      3880.00      0.00000
      3890.00      0.00000
      3900.00      0.00000
      3910.00      0.00000
      3920.00      0.00000
      3930.00      0.00000
      3940.00      0.00000
      3950.00      0.00000
      3960.00      0.00000
      3970.00      0.00000
      3980.00      0.00000
      3990.00      0.00000
      4000.00      0.00000
      4010.00      0.00000
      4020.00      0.00000
      4030.00      0.00000
      4040.00      0.00000
      4050.00      0.00000
      4060.00      0.00000
      4070.00      0.00000
      4080.00      0.00000
      4090.00      0.00000
      4100.00      0.00000
      4110.00      0.00000
      4120.00      0.00000
      4130.00   0.00443074
      4140.00   0.00442823
      4150.00   0.00440881
      4160.00   0.00438939
      4170.00   0.00873993
      4180.00   0.00435053
      4190.00   0.00433108
      4200.00      0.00000
      4210.00      0.00000
      4220.00      0.00000
      4230.00      0.00000
      4240.00      0.00000
      4250.00      0.00000
      4260.00      0.00000
      4270.00      0.00000
      4280.00      0.00000
      4290.00      0.00000
      4300.00   0.00421154
      4310.00   0.00420879
      4320.00   0.00420602
      4330.00      0.00000
      4340.00   0.00420043
      4350.00   0.00416826
      4360.00   0.00413607
      4370.00   0.00410386
      4380.00   0.00407162
      4390.00   0.00807871
      4400.00   0.00801412
      4410.00   0.00397424
      4420.00   0.00788279
      4430.00   0.00390854
      4440.00   0.00387567
      4450.00      0.00000
      4460.00   0.00381109
      4470.00   0.00377879
      4480.00   0.00374648
      4490.00      0.00000
      4500.00      0.00000
      4510.00   0.00364939
      4520.00   0.00361695
      4530.00      0.00000
      4540.00      0.00000
      4550.00   0.00354754
      4560.00   0.00354302
      4570.00      0.00000
      4580.00      0.00000
      4590.00   0.00352937
      4600.00   0.00352480
      4610.00   0.00352040
      4620.00   0.00351599
      4630.00   0.00702315
      4640.00   0.00701430
      4650.00    0.0103716
      4660.00    0.0102218
      4670.00    0.0134294
      4680.00    0.0198447
      4690.00    0.0260605
      4700.00    0.0320771
      4710.00    0.0410536
      4720.00    0.0528403
      4730.00    0.0581126
      4740.00    0.0631865
      4750.00    0.0660058
      4760.00    0.0658161
      4770.00    0.0626435
      4780.00    0.0565138
      4790.00    0.0533844
      4800.00    0.0532295
      4810.00    0.0560189
      4820.00    0.0558513
      4830.00    0.0556838
      4840.00    0.0584384
      4850.00    0.0641410
      4860.00    0.0727272
      4870.00    0.0783725
      4880.00    0.0897848
      4890.00     0.104036
      4900.00     0.123991
      4910.00     0.146709
      4920.00     0.180796
      4930.00     0.223309
      4940.00     0.279898
      4950.00     0.356679
      4960.00     0.457296
      4970.00     0.597750
      4980.00     0.790686
      4990.00      1.05917
      5000.00      1.43616
      5010.00      1.96440
      5020.00      2.70308
      5030.00      3.69341
      5040.00      4.97228
      5050.00      6.54251
      5060.00      8.31111
      5070.00      10.1456
      5080.00      11.8822
      5090.00      13.3996
      5100.00      14.6654
      5110.00      15.7007
      5120.00      16.5607
      5130.00      17.3223
      5140.00      18.0427
      5150.00      18.8467
      5160.00      19.6482
      5170.00      20.4235
      5180.00      21.1275
      5190.00      21.6992
      5200.00      22.1161
      5210.00      22.3225
      5220.00      22.3348
      5230.00      22.1852
      5240.00      21.9172
      5250.00      21.4445
      5260.00      21.0024
      5270.00      20.6214
      5280.00      20.3464
      5290.00      20.1668
      5300.00      20.0683
      5310.00      20.0140
      5320.00      19.9762
      5330.00      19.9270
      5340.00      19.8543
      5350.00      19.8565
      5360.00      19.8019
      5370.00      19.7037
      5380.00      19.5850
      5390.00      19.4482
      5400.00      19.2937
      5410.00      19.1350
      5420.00      18.9670
      5430.00      18.8092
      5440.00      18.6404
      5450.00      18.5013
      5460.00      18.3647
      5470.00      18.2305
      5480.00      18.0986
      5490.00      17.9727
      5500.00      17.8544
      5510.00      17.7403
      5520.00      17.6134
      5530.00      17.4885
      5540.00      17.3637
      5550.00      17.2336
      5560.00      17.0895
      5570.00      16.9283
      5580.00      16.7850
      5590.00      16.6385
      5600.00      16.5027
      5610.00      16.3819
      5620.00      16.2763
      5630.00      16.1755
      5640.00      16.0794
      5650.00      15.9433
      5660.00      15.8015
      5670.00      15.6510
      5680.00      15.4855
      5690.00      15.2726
      5700.00      15.0092
      5710.00      14.7044
      5720.00      14.3542
      5730.00      13.9648
      5740.00      13.5394
      5750.00      13.2104
      5760.00      12.8959
      5770.00      12.5857
      5780.00      12.2827
      5790.00      11.9435
      5800.00      11.5275
      5810.00      10.9747
      5820.00      10.2369
      5830.00      9.29794
      5840.00      8.21164
      5850.00      7.20552
      5860.00      6.01600
      5870.00      4.93899
      5880.00      4.01994
      5890.00      3.25329
      5900.00      2.62010
      5910.00      2.09697
      5920.00      1.67252
      5930.00      1.32044
      5940.00      1.02968
      5950.00     0.794681
      5960.00     0.606253
      5970.00     0.459293
      5980.00     0.346379
      5990.00     0.262818
      6000.00     0.200436
      6010.00     0.154218
      6020.00     0.120685
      6030.00    0.0947973
      6040.00    0.0763772
      6050.00    0.0629155
      6060.00    0.0519827
      6070.00    0.0435191
      6080.00    0.0374652
      6090.00    0.0326359
      6100.00    0.0290016
      6110.00    0.0254268
      6120.00    0.0219117
      6130.00    0.0195418
      6140.00    0.0172116
      6150.00    0.0149211
      6160.00    0.0126704
      6170.00    0.0104593
      6180.00   0.00932402
      6190.00   0.00820858
      6200.00   0.00609686
      6210.00   0.00603728
      6220.00   0.00498141
      6230.00   0.00394541
      6240.00   0.00292927
      6250.00   0.00289948
      6260.00   0.00286969
      6270.00   0.00283990
      6280.00   0.00187341
      6290.00   0.00185355
      6300.00   0.00183369
      6310.00   0.00181383
      6320.00  0.000896986
      6330.00   0.00177411
      6340.00   0.00175425
      6350.00   0.00173440
      6360.00  0.000857268
      6370.00  0.000847338
      6380.00   0.00167482
      6390.00   0.00165496
      6400.00   0.00163510
      6410.00  0.000809163
      6420.00   0.00160155
      6430.00   0.00158478
      6440.00  0.000784001
      6450.00  0.000775614
      6460.00  0.000767227
      6470.00  0.000758840
      6480.00  0.000750453
      6490.00      0.00000
      6500.00  0.000733678
      6510.00  0.000725291
      6520.00   0.00143381
      6530.00  0.000708516
      6540.00  0.000700129
      6550.00  0.000691741
      6560.00  0.000683354
      6570.00  0.000674966
      6580.00      0.00000
      6590.00  0.000658191
      6600.00  0.000649804
      6610.00  0.000641416
      6620.00      0.00000
      6630.00      0.00000
      6640.00  0.000616253
      6650.00  0.000607866
      6660.00  0.000599478
      6670.00  0.000591090
      6680.00  0.000582703
      6690.00  0.000574315
      6700.00  0.000565927
      6710.00      0.00000
      6720.00  0.000549152
      6730.00  0.000540764
      6740.00  0.000532377
      6750.00      0.00000
      6760.00      0.00000
      6770.00  0.000507213
      6780.00  0.000498826
      6790.00  0.000490438
      6800.00  0.000482050
      6810.00  0.000473662
      6820.00  0.000465275
      6830.00  0.000456887
      6840.00  0.000448499
      6850.00  0.000440112
      6860.00  0.000431724
      6870.00  0.000423336
      6880.00  0.000414948
      6890.00  0.000406561
      6900.00  0.000398173
      6910.00  0.000389785
      6920.00      0.00000
      6930.00      0.00000
      6940.00  0.000364622
      6950.00  0.000356234
      6960.00  0.000347847
      6970.00      0.00000
      6980.00  0.000331071
      6990.00  0.000322683
      7000.00  0.000314296
      7010.00      0.00000
      7020.00      0.00000
      7030.00      0.00000
      7040.00      0.00000
      7050.00      0.00000
      7060.00      0.00000
      7070.00      0.00000
      7080.00      0.00000
      7090.00      0.00000
      7100.00      0.00000
      7110.00      0.00000
      7120.00      0.00000
      7130.00      0.00000
      7140.00      0.00000
      7150.00      0.00000
      7160.00      0.00000
      7170.00      0.00000
      7180.00      0.00000
      7190.00      0.00000
      7200.00      0.00000
      7210.00      0.00000
      7220.00      0.00000
      7230.00      0.00000
      7240.00      0.00000
      7250.00      0.00000
      7260.00      0.00000
      7270.00      0.00000
      7280.00      0.00000
      7290.00      0.00000
      7300.00      0.00000
      7310.00      0.00000
      7320.00      0.00000
      7330.00      0.00000
      7340.00      0.00000
      7350.00      0.00000
      7360.00      0.00000
      7370.00      0.00000
      7380.00      0.00000
      7390.00      0.00000
      7400.00      0.00000
      7410.00      0.00000
      7420.00      0.00000
      7430.00      0.00000
      7440.00      0.00000
      7450.00      0.00000
      7460.00      0.00000
      7470.00      0.00000
      7480.00      0.00000
      7490.00      0.00000
      7500.00      0.00000
      7510.00      0.00000
      7520.00      0.00000
      7530.00      0.00000
      7540.00      0.00000
      7550.00      0.00000
      7560.00      0.00000
      7570.00      0.00000
      7580.00      0.00000
      7590.00      0.00000
      7600.00      0.00000
      7610.00      0.00000
      7620.00      0.00000
      7630.00      0.00000
      7640.00      0.00000
      7650.00      0.00000
      7660.00      0.00000
      7670.00      0.00000
      7680.00      0.00000
      7690.00      0.00000
      7700.00      0.00000
      7710.00      0.00000
      7720.00      0.00000
      7730.00      0.00000
      7740.00      0.00000
      7750.00      0.00000
      7760.00      0.00000
      7770.00      0.00000
      7780.00      0.00000
      7790.00      0.00000
      7800.00      0.00000
      7810.00      0.00000
      7820.00      0.00000
      7830.00      0.00000
      7840.00      0.00000
      7850.00      0.00000
      7860.00      0.00000
      7870.00      0.00000
      7880.00      0.00000
      7890.00      0.00000
      7900.00      0.00000
      7910.00      0.00000
      7920.00      0.00000
      7930.00      0.00000
      7940.00      0.00000
      7950.00      0.00000
      7960.00      0.00000
      7970.00      0.00000
      7980.00      0.00000
      7990.00      0.00000
      8000.00      0.00000

