25300 7.881E-16
25400 2.569E-15
25500 4.239E-14
25600 4.248E-15
25700 2.295E-15
25800 1.714E-14
25900 2.360E-18
26000 6.839E-15
26100 1.051E-14
26200 2.846E-14
26300 1.439E-14
26400 3.569E-15
26500 6.334E-15
26600 3.919E-16
26700 1.584E-14
26800 1.230E-14
26900 1.676E-14
27000 9.608E-15
27100 4.714E-15
27200 7.747E-15
27300 8.743E-14
27400 1.754E-14
27500 1.335E-14
27600 2.017E-13
27700 1.213E-14
27800 1.575E-14
27900 6.245E-16
28000 3.361E-16
28100 6.194E-17
28200 1.819E-15
28300 2.308E-15
28400 2.080E-14
28500 8.315E-15
28600 3.115E-15
28700 2.756E-15
28800 2.809E-15
28900 3.048E-14
29000 3.320E-14
29100 1.475E-13
29200 9.895E-16
29300 2.820E-14
29400 2.226E-14
29500 2.071E-14
29600 3.718E-15
29700 2.146E-15
29800 3.079E-16
29900 1.568E-13
30000 3.864E-13
30100 1.768E-15
30200 3.508E-14
30300 1.697E-14
30400 2.113E-15
30500 2.988E-14
30600 3.922E-16
30700 1.305E-14
30800 1.667E-12
30900 1.655E-12
31000 1.020E-14
31100 4.239E-14
31200 2.522E-14
31300 6.590E-16
31400 1.006E-14
31500 4.248E-15
31600 6.499E-15
31700 4.209E-14
31800 8.015E-14
31900 9.559E-15
32000 2.432E-14
32100 4.385E-15
32200 3.762E-14
32300 7.531E-14
32400 1.204E-14
32500 7.082E-15
32600 2.600E-14
32700 1.120E-13
32800 2.380E-14
32900 4.367E-14
33000 2.468E-14
33100 6.965E-14
33200 2.205E-13
33300 2.034E-13
33400 2.752E-14
33500 5.893E-14
33600 7.243E-15
33700 1.854E-13
33800 3.233E-14
33900 1.662E-14
34000 4.203E-14
34100 3.925E-14
34200 1.900E-14
34300 3.699E-17
34400 1.960E-14
34500 3.648E-14
34600 1.093E-14
34700 1.496E-14
34800 2.542E-13
34900 1.543E-14
35000 1.305E-13
35100 1.778E-13
35200 4.180E-14
35300 4.653E-13
35400 2.543E-14
35500 1.553E-13
35600 6.269E-13
35700 5.781E-15
35800 5.123E-14
35900 3.433E-15
36000 7.908E-14
36100 1.911E-14
36200 8.563E-14
36300 1.502E-12
36400 3.744E-14
36500 2.618E-12
36600 1.334E-12
36700 2.019E-12
36800 4.074E-12
36900 1.370E-12
37000 2.669E-15
37100 1.756E-14
37200 9.076E-15
37300 7.329E-14
37400 1.165E-12
37500 2.875E-14
37600 1.550E-14
37700 7.578E-14
37800 8.766E-13
37900 7.586E-14
38000 2.743E-13
38100 2.055E-12
38200 5.524E-14
38300 3.387E-15
38400 1.749E-12
38500 1.163E-13
38600 9.348E-13
38700 4.598E-14
38800 1.163E-12
38900 2.358E-14
39000 3.281E-14
39100 1.635E-14
39200 2.442E-14
39300 9.823E-13
39400 1.558E-13
39500 1.340E-12
39600 1.856E-12
39700 1.027E-13
39800 8.941E-14
39900 4.391E-13
40000 1.324E-13
40100 5.650E-13
40200 2.837E-14
40300 2.561E-13
40400 1.681E-12
40500 2.498E-15
40600 1.014E-13
40700 1.699E-14
40800 1.824E-13
40900 4.371E-13
41000 5.179E-13
41100 1.594E-14
41200 2.314E-13
41300 2.656E-14
41400 1.570E-14
41500 3.399E-13
41600 1.939E-13
41700 1.544E-14
41800 5.167E-14
41900 7.325E-14
42000 3.341E-14
42100 7.784E-13
42200 8.746E-14
42300 6.948E-13
42400 1.384E-14
42500 8.174E-13
42600 5.000E-13
42700 6.165E-13
42800 2.025E-13
42900 2.248E-13
43000 2.233E-14
43100 9.104E-13
43200 8.079E-13
43300 6.019E-15
43400 4.916E-13
43500 1.016E-12
43600 6.785E-14
43700 2.168E-13
43800 1.159E-13
43900 3.107E-14
44000 8.764E-13
44100 2.337E-12
44200 8.609E-14
44300 1.381E-12
44400 3.351E-12
44500 4.077E-13
44600 2.250E-13
44700 1.447E-13
44800 5.122E-14
44900 1.469E-13
45000 1.213E-13
45100 1.456E-13
45200 1.822E-13
45300 2.083E-12
45400 1.237E-12
45500 3.622E-14
45600 3.862E-12
45700 2.748E-13
45800 2.075E-13
45900 1.405E-13
46000 2.944E-12
46100 2.392E-12
46200 2.962E-13
46300 2.420E-12
46400 4.177E-12
46500 3.011E-14
46600 3.443E-15
46700 2.757E-14
46800 2.291E-12
46900 1.163E-13
47000 1.381E-13
47100 9.779E-14
47200 4.176E-14
47300 4.826E-14
47400 2.152E-14
47500 9.154E-13
47600 1.865E-13
47700 5.911E-14
47800 1.742E-12
47900 1.350E-13
48000 1.242E-13
48100 1.021E-13
48200 4.280E-12
48300 1.574E-14
48400 1.514E-12
48500 5.620E-12
48600 4.841E-12
48700 2.116E-13
48800 3.672E-13
48900 4.443E-13
49000 8.335E-14
49100 9.692E-14
49200 1.004E-13
49300 7.430E-12
49400 5.981E-12
49500 5.799E-12
49600 1.227E-11
49700 1.786E-11
49800 1.151E-11
49900 2.274E-13
50000 1.781E-11
50100 1.094E-11
50200 7.100E-12
50300 2.239E-12
50400 5.988E-12
50500 1.045E-10
50600 1.881E-10
50700 1.288E-11
50800 2.693E-11
50900 1.131E-11
51000 1.081E-10
51100 5.374E-08
51200 5.282E-08
51300 5.672E-08
51400 4.036E-08
51500 4.115E-08
51600 3.799E-08
51700 3.526E-08
51800 3.261E-08
51900 4.859E-08
52000 4.647E-08
52100 3.574E-08
52200 3.056E-08
52300 3.124E-08
52400 3.269E-08
52500 4.826E-08
52600 3.990E-08
52700 4.060E-08
52800 4.437E-08
52900 5.022E-08
53000 4.027E-08
53100 5.383E-08
53200 5.773E-08
53300 6.049E-08
53400 5.459E-08
53500 5.656E-08
53600 3.697E-08
53700 4.265E-08
53800 5.231E-08
53900 5.364E-08
54000 5.302E-08
54100 5.353E-08
54200 4.134E-08
54300 3.768E-08
54400 5.099E-08
54500 6.304E-08
54600 6.161E-08
54700 6.960E-08
54800 7.167E-08
54900 6.998E-08
55000 7.024E-08
55100 7.112E-08
55200 7.209E-08
55300 7.247E-08
55400 7.191E-08
55500 7.223E-08
55600 7.243E-08
55700 7.253E-08
55800 7.268E-08
55900 7.172E-08
56000 7.139E-08
56100 7.079E-08
56200 7.244E-08
56300 7.253E-08
56400 7.072E-08
56500 6.998E-08
56600 6.911E-08
56700 6.902E-08
56800 6.760E-08
56900 6.554E-08
57000 6.512E-08
57100 6.710E-08
57200 6.579E-08
57300 6.570E-08
57400 6.797E-08
57500 7.022E-08
57600 7.159E-08
57700 7.197E-08
57800 7.066E-08
57900 7.329E-08
58000 7.403E-08
58100 7.552E-08
58200 7.891E-08
58300 7.952E-08
58400 7.898E-08
58500 8.060E-08
58600 7.883E-08
58700 7.931E-08
58800 8.019E-08
58900 8.298E-08
59000 8.105E-08
59100 8.085E-08
59200 8.087E-08
59300 8.390E-08
59400 8.450E-08
59500 8.642E-08
59600 8.803E-08
59700 9.060E-08
59800 8.867E-08
59900 9.125E-08
60000 8.951E-08
60100 9.021E-08
60200 9.268E-08
60300 9.340E-08
60400 9.762E-08
60500 9.764E-08
60600 9.402E-08
60700 9.818E-08
60800 9.727E-08
60900 1.032E-07
61000 1.071E-07
61100 1.126E-07
61200 1.211E-07
61300 1.414E-07
61400 1.653E-07
61500 2.071E-07
61600 2.557E-07
61700 3.350E-07
61800 4.488E-07
61900 6.240E-07
62000 8.665E-07
62100 1.090E-06
62200 1.231E-06
62300 1.654E-06
62400 1.282E-06
62500 1.848E-06
62600 1.569E-06
62700 1.588E-06
62800 1.982E-06
62900 1.164E-06
63000 1.417E-06
63100 1.082E-06
63200 6.288E-07
63300 8.237E-07
63400 1.566E-06
63500 9.639E-07
63600 6.260E-09
63700 2.109E-07
63800 5.801E-09
63900 1.450E-06
64000 1.747E-06
64100 1.298E-06
64200 1.127E-06
64300 1.954E-06
64400 1.302E-08
64500 3.667E-07
64600 4.162E-09
64700 5.823E-07
64800 3.356E-07
64900 1.845E-07
65000 1.266E-07
65100 1.428E-06
65200 4.058E-06
65300 3.138E-06
65400 5.837E-07
65500 2.648E-07
65600 4.808E-08
65700 5.740E-11
65800 4.531E-11
65900 3.605E-11
66000 2.984E-11
66100 2.776E-11
66200 2.961E-11
66300 6.492E-08
66400 3.980E-08
66500 5.087E-11
66600 6.100E-11
66700 6.807E-11
66800 7.298E-11
66900 7.628E-11
67000 1.473E-07
67100 6.826E-11
67200 5.746E-11
67300 1.222E-07
67400 3.187E-06
67500 3.900E-07
67600 2.938E-06
67700 2.840E-06
67800 7.780E-07
67900 4.565E-06
68000 1.190E-06
68100 6.164E-06
68200 1.169E-05
68300 8.813E-06
68400 1.111E-05
68500 8.323E-06
68600 2.384E-06
68700 2.573E-06
68800 9.819E-06
68900 1.291E-05
69000 1.749E-05
69100 3.118E-06
69200 1.694E-05
69300 3.068E-06
69400 3.033E-06
69500 3.025E-06
69600 3.058E-06
69700 3.277E-06
69800 1.139E-05
69900 3.415E-06
70000 3.014E-06
70100 1.098E-05
70200 6.252E-09
70300 8.193E-09
70400 5.188E-07
70500 1.380E-08
70600 2.341E-06
70700 2.337E-08
70800 3.016E-08
70900 3.896E-08
71000 4.282E-06
71100 6.511E-08
71200 8.520E-08
71300 1.120E-07
71400 1.478E-07
71500 1.992E-07
71600 9.977E-06
71700 3.732E-07
71800 5.211E-07
71900 7.329E-07
72000 2.367E-05
72100 1.449E-03
72200 1.426E-03
72300 1.781E-03
72400 1.871E-03
72500 1.722E-03
72600 1.807E-03
72700 1.602E-03
72800 9.638E-04
72900 1.370E-03
73000 2.237E-03
73100 2.801E-03
73200 2.980E-03
73300 2.918E-03
73400 3.123E-03
73500 3.044E-03
73600 2.752E-03
73700 2.747E-03
73800 2.611E-03
73900 2.777E-03
74000 3.004E-03
74100 3.507E-03
74200 4.445E-03
74300 5.815E-03
74400 7.552E-03
74500 9.546E-03
74600 1.174E-02
74700 1.417E-02
74800 1.724E-02
74900 2.125E-02
75000 2.693E-02
75100 3.488E-02
75200 4.599E-02
75300 6.104E-02
75400 8.063E-02
75500 1.044E-01
75600 1.320E-01
75700 1.605E-01
75800 1.851E-01
75900 2.039E-01
76000 2.149E-01
76100 2.179E-01
76200 2.140E-01
76300 2.060E-01
76400 1.960E-01
76500 1.870E-01
76600 1.790E-01
76700 1.730E-01
76800 1.680E-01
76900 1.650E-01
77000 1.640E-01
77100 1.640E-01
77200 1.640E-01
77300 1.650E-01
77400 1.660E-01
77500 1.660E-01
77600 1.670E-01
77700 1.680E-01
77800 1.700E-01
77900 1.730E-01
78000 1.760E-01
78100 1.790E-01
78200 1.820E-01
78300 1.850E-01
78400 1.880E-01
78500 1.900E-01
78600 1.920E-01
78700 1.930E-01
78800 1.940E-01
78900 1.950E-01
79000 1.970E-01
79100 1.980E-01
79200 2.000E-01
79300 2.040E-01
79400 2.070E-01
79500 2.110E-01
79600 2.160E-01
79700 2.220E-01
79800 2.280E-01
79900 2.330E-01
80000 2.370E-01
80100 2.400E-01
80200 2.430E-01
80300 2.450E-01
80400 2.470E-01
80500 2.480E-01
80600 2.480E-01
80700 2.490E-01
80800 2.490E-01
80900 2.510E-01
81000 2.520E-01
81100 2.520E-01
81200 2.520E-01
81300 2.510E-01
81400 2.490E-01
81500 2.470E-01
81600 2.440E-01
81700 2.410E-01
81800 2.390E-01
81900 2.380E-01
82000 2.360E-01
82100 2.350E-01
82200 2.330E-01
82300 2.320E-01
82400 2.310E-01
82500 2.290E-01
82600 2.260E-01
82700 2.220E-01
82800 2.180E-01
82900 2.140E-01
83000 2.130E-01
83100 2.130E-01
83200 2.130E-01
83300 2.140E-01
83400 2.140E-01
83500 2.130E-01
83600 2.120E-01
83700 2.120E-01
83800 2.130E-01
83900 2.150E-01
84000 2.170E-01
84100 2.180E-01
84200 2.200E-01
84300 2.220E-01
84400 2.240E-01
84500 2.260E-01
84600 2.290E-01
84700 2.320E-01
84800 2.350E-01
84900 2.380E-01
85000 2.410E-01
85100 2.440E-01
85200 2.460E-01
85300 2.480E-01
85400 2.500E-01
85500 2.520E-01
85600 2.540E-01
85700 2.550E-01
85800 2.560E-01
85900 2.560E-01
86000 2.550E-01
86100 2.540E-01
86200 2.530E-01
86300 2.520E-01
86400 2.500E-01
86500 2.490E-01
86600 2.480E-01
86700 2.470E-01
86800 2.460E-01
86900 2.440E-01
87000 2.430E-01
87100 2.410E-01
87200 2.400E-01
87300 2.390E-01
87400 2.360E-01
87500 2.310E-01
87600 2.200E-01
87700 2.010E-01
87800 1.750E-01
87900 1.500E-01
88000 1.360E-01
88100 1.400E-01
88200 1.570E-01
88300 1.800E-01
88400 2.000E-01
88500 2.140E-01
88600 2.220E-01
88700 2.270E-01
88800 2.300E-01
88900 2.330E-01
89000 2.360E-01
89100 2.390E-01
89200 2.410E-01
89300 2.430E-01
89400 2.440E-01
89500 2.440E-01
89600 2.450E-01
89700 2.460E-01
89800 2.460E-01
89900 2.470E-01
90000 2.470E-01
90100 2.460E-01
90200 2.450E-01
90300 2.440E-01
90400 2.430E-01
90500 2.420E-01
90600 2.420E-01
90700 2.430E-01
90800 2.430E-01
90900 2.440E-01
91000 2.450E-01
91100 2.470E-01
91200 2.470E-01
91300 2.480E-01
91400 2.480E-01
91500 2.470E-01
91600 2.460E-01
91700 2.440E-01
91800 2.430E-01
91900 2.410E-01
92000 2.400E-01
92100 2.400E-01
92200 2.390E-01
92300 2.390E-01
92400 2.380E-01
92500 2.380E-01
92600 2.360E-01
92700 2.360E-01
92800 2.350E-01
92900 2.350E-01
93000 2.360E-01
93100 2.360E-01
93200 2.370E-01
93300 2.370E-01
93400 2.370E-01
93500 2.380E-01
93600 2.380E-01
93700 2.370E-01
93800 2.370E-01
93900 2.370E-01
94000 2.380E-01
94100 2.380E-01
94200 2.390E-01
94300 2.390E-01
94400 2.400E-01
94500 2.410E-01
94600 2.420E-01
94700 2.430E-01
94800 2.450E-01
94900 2.470E-01
95000 2.490E-01
95100 2.510E-01
95200 2.520E-01
95300 2.520E-01
95400 2.520E-01
95500 2.510E-01
95600 2.490E-01
95700 2.480E-01
95800 2.460E-01
95900 2.440E-01
96000 2.420E-01
96100 2.400E-01
96200 2.390E-01
96300 2.380E-01
96400 2.380E-01
96500 2.390E-01
96600 2.400E-01
96700 2.420E-01
96800 2.430E-01
96900 2.450E-01
97000 2.460E-01
97100 2.460E-01
97200 2.460E-01
97300 2.460E-01
97400 2.450E-01
97500 2.440E-01
97600 2.440E-01
97700 2.440E-01
97800 2.440E-01
97900 2.450E-01
98000 2.460E-01
98100 2.470E-01
98200 2.480E-01
98300 2.490E-01
98400 2.500E-01
98500 2.510E-01
98600 2.520E-01
98700 2.530E-01
98800 2.540E-01
98900 2.550E-01
99000 2.570E-01
99100 2.590E-01
99200 2.620E-01
99300 2.640E-01
99400 2.670E-01
99500 2.690E-01
99600 2.710E-01
99700 2.730E-01
99800 2.740E-01
99900 2.760E-01
100000 2.770E-01
100100 2.790E-01
100200 2.820E-01
100300 2.840E-01
100400 2.870E-01
100500 2.910E-01
100600 2.950E-01
100700 2.990E-01
100800 3.020E-01
100900 3.060E-01
101000 3.100E-01
101100 3.130E-01
101200 3.160E-01
101300 3.190E-01
101400 3.210E-01
101500 3.230E-01
101600 3.250E-01
101700 3.270E-01
101800 3.270E-01
101900 3.270E-01
102000 3.260E-01
102100 3.240E-01
102200 3.220E-01
102300 3.200E-01
102400 3.180E-01
102500 3.170E-01
102600 3.150E-01
102700 3.120E-01
102800 3.100E-01
102900 3.070E-01
103000 3.050E-01
103100 3.020E-01
103200 3.010E-01
103300 3.000E-01
103400 2.990E-01
103500 2.990E-01
103600 2.990E-01
103700 2.990E-01
103800 2.990E-01
103900 2.980E-01
104000 2.970E-01
104100 2.960E-01
104200 2.950E-01
104300 2.940E-01
104400 2.920E-01
104500 2.920E-01
104600 2.910E-01
104700 2.910E-01
104800 2.910E-01
104900 2.920E-01
105000 2.930E-01
105100 2.940E-01
105200 2.950E-01
105300 2.950E-01
105400 2.960E-01
105500 2.970E-01
105600 2.980E-01
105700 2.990E-01
105800 3.010E-01
105900 3.020E-01
106000 3.040E-01
106100 3.050E-01
106200 3.060E-01
106300 3.070E-01
106400 3.080E-01
106500 3.090E-01
106600 3.100E-01
106700 3.110E-01
106800 3.130E-01
106900 3.140E-01
107000 3.140E-01
107100 3.150E-01
107200 3.150E-01
107300 3.140E-01
107400 3.130E-01
107500 3.120E-01
107600 3.110E-01
107700 3.100E-01
107800 3.090E-01
107900 3.080E-01
108000 3.080E-01
108100 3.080E-01
108200 3.090E-01
108300 3.100E-01
108400 3.110E-01
108500 3.120E-01
108600 3.130E-01
108700 3.130E-01
108800 3.120E-01
108900 3.110E-01
109000 3.100E-01
109100 3.080E-01
109200 3.060E-01
109300 3.050E-01
109400 3.030E-01
109500 3.010E-01
109600 3.000E-01
109700 2.990E-01
109800 2.980E-01
109900 2.980E-01
110000 2.980E-01
110100 2.980E-01
110200 2.990E-01
110300 3.000E-01
110400 3.010E-01
110500 3.010E-01
110600 3.010E-01
110700 3.000E-01
110800 2.990E-01
110900 2.990E-01
111000 2.980E-01
111100 2.980E-01
111200 2.970E-01
111300 2.970E-01
111400 2.970E-01
111500 2.960E-01
111600 2.960E-01
111700 2.940E-01
111800 2.930E-01
111900 2.910E-01
112000 2.890E-01
112100 2.870E-01
112200 2.850E-01
112300 2.830E-01
112400 2.820E-01
112500 2.810E-01
112600 2.800E-01
112700 2.800E-01
112800 2.810E-01
112900 2.810E-01
113000 2.820E-01
113100 2.830E-01
113200 2.850E-01
113300 2.860E-01
113400 2.870E-01
113500 2.880E-01
113600 2.890E-01
113700 2.890E-01
113800 2.900E-01
113900 2.900E-01
114000 2.910E-01
114100 2.910E-01
114200 2.920E-01
114300 2.930E-01
114400 2.940E-01
114500 2.950E-01
114600 2.960E-01
114700 2.980E-01
114800 2.990E-01
114900 3.010E-01
115000 3.020E-01
115100 3.040E-01
115200 3.060E-01
115300 3.080E-01
115400 3.100E-01
115500 3.120E-01
115600 3.140E-01
115700 3.150E-01
115800 3.160E-01
115900 3.170E-01
116000 3.170E-01
116100 3.180E-01
116200 3.180E-01
116300 3.190E-01
116400 3.190E-01
116500 3.200E-01
116600 3.200E-01
116700 3.210E-01
116800 3.210E-01
116900 3.210E-01
117000 3.210E-01
117100 3.200E-01
117200 3.190E-01
117300 3.170E-01
117400 3.150E-01
117500 3.140E-01
117600 3.120E-01
117700 3.100E-01
117800 3.090E-01
117900 3.080E-01
118000 3.070E-01
118100 3.070E-01
118200 3.060E-01
118300 3.060E-01
118400 3.060E-01
118500 3.050E-01
118600 3.040E-01
118700 3.030E-01
118800 3.020E-01
118900 3.010E-01
119000 2.990E-01
119100 2.980E-01
119200 2.970E-01
119300 2.960E-01
119400 2.950E-01
119500 2.950E-01
119600 2.940E-01
119700 2.940E-01
119800 2.940E-01
119900 2.930E-01
120000 2.930E-01
120100 2.920E-01
120200 2.910E-01
120300 2.900E-01
120400 2.890E-01
120500 2.880E-01
120600 2.860E-01
120700 2.850E-01
120800 2.830E-01
120900 2.830E-01
121000 2.820E-01
121100 2.820E-01
121200 2.820E-01
121300 2.830E-01
121400 2.840E-01
121500 2.850E-01
121600 2.860E-01
121700 2.870E-01
121800 2.880E-01
121900 2.890E-01
122000 2.910E-01
122100 2.910E-01
122200 2.920E-01
122300 2.930E-01
122400 2.930E-01
122500 2.940E-01
122600 2.940E-01
122700 2.940E-01
122800 2.950E-01
122900 2.950E-01
123000 2.960E-01
123100 2.970E-01
123200 2.990E-01
123300 3.010E-01
123400 3.030E-01
123500 3.050E-01
123600 3.070E-01
123700 3.090E-01
123800 3.110E-01
123900 3.140E-01
124000 3.160E-01
124100 3.190E-01
124200 3.220E-01
124300 3.240E-01
124400 3.270E-01
124500 3.290E-01
124600 3.320E-01
124700 3.340E-01
124800 3.360E-01
124900 3.370E-01
125000 3.380E-01
125100 3.390E-01
125200 3.400E-01
125300 3.390E-01
125400 3.390E-01
125500 3.380E-01
125600 3.370E-01
125700 3.360E-01
125800 3.350E-01
125900 3.340E-01
126000 3.340E-01
126100 3.340E-01
126200 3.340E-01
126300 3.350E-01
126400 3.360E-01
126500 3.370E-01
126600 3.380E-01
126700 3.379E-01
126800 3.389E-01
126900 3.389E-01
127000 3.389E-01
127100 3.389E-01
127200 3.389E-01
127300 3.390E-01
127400 3.390E-01
127500 3.390E-01
127600 3.400E-01
127700 3.400E-01
127800 3.410E-01
127900 3.420E-01
128000 3.430E-01
128100 3.440E-01
128200 3.460E-01
128300 3.480E-01
128400 3.500E-01
128500 3.520E-01
128600 3.550E-01
128700 3.570E-01
128800 3.590E-01
128900 3.620E-01
129000 3.630E-01
129100 3.650E-01
129200 3.660E-01
129300 3.670E-01
129400 3.670E-01
129500 3.680E-01
129600 3.680E-01
129700 3.670E-01
129800 3.670E-01
129900 3.670E-01
130000 3.670E-01
130100 3.670E-01
130200 3.670E-01
130300 3.680E-01
130400 3.690E-01
130500 3.700E-01
130600 3.710E-01
130700 3.730E-01
130800 3.760E-01
130900 3.780E-01
131000 3.810E-01
131100 3.840E-01
131200 3.870E-01
131300 3.900E-01
131400 3.920E-01
131500 3.950E-01
131600 3.980E-01
131700 4.000E-01
131800 4.020E-01
131900 4.040E-01
132000 4.060E-01
132100 4.080E-01
132200 4.090E-01
132300 4.100E-01
132400 4.110E-01
132500 4.120E-01
132600 4.130E-01
132700 4.140E-01
132800 4.140E-01
132900 4.140E-01
133000 4.140E-01
133100 4.140E-01
133200 4.130E-01
133300 4.120E-01
133400 4.100E-01
133500 4.090E-01
133600 4.080E-01
133700 4.060E-01
133800 4.050E-01
133900 4.040E-01
134000 4.030E-01
134100 4.030E-01
134200 4.030E-01
134300 4.030E-01
134400 4.030E-01
134500 4.040E-01
134600 4.040E-01
134700 4.050E-01
134800 4.050E-01
134900 4.060E-01
135000 4.060E-01
135100 4.060E-01
135200 4.060E-01
135300 4.060E-01
135400 4.060E-01
135500 4.060E-01
135600 4.060E-01
135700 4.070E-01
135800 4.070E-01
135900 4.080E-01
136000 4.080E-01
136100 4.090E-01
136200 4.090E-01
136300 4.100E-01
136400 4.100E-01
136500 4.100E-01
136600 4.090E-01
136700 4.090E-01
136800 4.080E-01
136900 4.070E-01
137000 4.060E-01
137100 4.050E-01
137200 4.040E-01
137300 4.030E-01
137400 4.020E-01
137500 4.010E-01
137600 4.010E-01
137700 4.010E-01
137800 4.010E-01
137900 4.010E-01
138000 4.020E-01
138100 4.020E-01
138200 4.030E-01
138300 4.040E-01
138400 4.040E-01
138500 4.040E-01
138600 4.050E-01
138700 4.050E-01
138800 4.050E-01
138900 4.050E-01
139000 4.050E-01
139100 4.060E-01
139200 4.060E-01
139300 4.060E-01
139400 4.070E-01
139500 4.080E-01
139600 4.090E-01
139700 4.100E-01
139800 4.110E-01
139900 4.120E-01
140000 4.140E-01
140100 4.150E-01
140200 4.160E-01
140300 4.170E-01
140400 4.180E-01
140500 4.180E-01
140600 4.190E-01
140700 4.190E-01
140800 4.180E-01
140900 4.180E-01
141000 4.170E-01
141100 4.170E-01
141200 4.160E-01
141300 4.150E-01
141400 4.150E-01
141500 4.150E-01
141600 4.140E-01
141700 4.150E-01
141800 4.150E-01
141900 4.160E-01
142000 4.160E-01
142100 4.170E-01
142200 4.180E-01
142300 4.180E-01
142400 4.190E-01
142500 4.190E-01
142600 4.190E-01
142700 4.180E-01
142800 4.170E-01
142900 4.170E-01
143000 4.160E-01
143100 4.150E-01
143200 4.150E-01
143300 4.140E-01
143400 4.140E-01
143500 4.140E-01
143600 4.150E-01
143700 4.150E-01
143800 4.160E-01
143900 4.170E-01
144000 4.180E-01
144100 4.180E-01
144200 4.190E-01
144300 4.200E-01
144400 4.200E-01
144500 4.200E-01
144600 4.200E-01
144700 4.190E-01
144800 4.180E-01
144900 4.170E-01
145000 4.160E-01
145100 4.150E-01
145200 4.140E-01
145300 4.130E-01
145400 4.120E-01
145500 4.110E-01
145600 4.100E-01
145700 4.090E-01
145800 4.080E-01
145900 4.070E-01
146000 4.060E-01
146100 4.050E-01
146200 4.040E-01
146300 4.030E-01
146400 4.020E-01
146500 4.010E-01
146600 4.000E-01
146700 3.990E-01
146800 3.980E-01
146900 3.980E-01
147000 3.970E-01
147100 3.970E-01
147200 3.960E-01
147300 3.960E-01
147400 3.950E-01
147500 3.950E-01
147600 3.950E-01
147700 3.940E-01
147800 3.930E-01
147900 3.920E-01
148000 3.910E-01
148100 3.910E-01
148200 3.890E-01
148300 3.880E-01
148400 3.870E-01
148500 3.860E-01
148600 3.850E-01
148700 3.840E-01
148800 3.830E-01
148900 3.820E-01
149000 3.810E-01
149100 3.800E-01
149200 3.790E-01
149300 3.770E-01
149400 3.760E-01
149500 3.750E-01
149600 3.730E-01
149700 3.720E-01
149800 3.710E-01
149900 3.690E-01
150000 3.680E-01
150100 3.670E-01
150200 3.660E-01
150300 3.650E-01
150400 3.640E-01
150500 3.630E-01
150600 3.620E-01
150700 3.610E-01
150800 3.600E-01
150900 3.590E-01
151000 3.570E-01
151100 3.560E-01
151200 3.550E-01
151300 3.530E-01
151400 3.510E-01
151500 3.490E-01
151600 3.470E-01
151700 3.440E-01
151800 3.410E-01
151900 3.380E-01
152000 3.350E-01
152100 3.320E-01
152200 3.280E-01
152300 3.250E-01
152400 3.210E-01
152500 3.180E-01
152600 3.150E-01
152700 3.110E-01
152800 3.080E-01
152900 3.050E-01
153000 3.020E-01
153100 2.990E-01
153200 2.970E-01
153300 2.940E-01
153400 2.910E-01
153500 2.880E-01
153600 2.850E-01
153700 2.820E-01
153800 2.791E-01
153900 2.761E-01
154000 2.731E-01
154100 2.701E-01
154200 2.671E-01
154300 2.650E-01
154400 2.620E-01
154500 2.600E-01
154600 2.590E-01
154700 2.570E-01
154800 2.560E-01
154900 2.550E-01
155000 2.540E-01
155100 2.540E-01
155200 2.540E-01
155300 2.530E-01
155400 2.530E-01
155500 2.530E-01
155600 2.530E-01
155700 2.530E-01
155800 2.540E-01
155900 2.540E-01
156000 2.540E-01
156100 2.540E-01
156200 2.550E-01
156300 2.550E-01
156400 2.560E-01
156500 2.560E-01
156600 2.570E-01
156700 2.570E-01
156800 2.580E-01
156900 2.580E-01
157000 2.580E-01
157100 2.590E-01
157200 2.590E-01
157300 2.590E-01
157400 2.590E-01
157500 2.580E-01
157600 2.580E-01
157700 2.580E-01
157800 2.570E-01
157900 2.570E-01
158000 2.560E-01
158100 2.550E-01
158200 2.550E-01
158300 2.540E-01
158400 2.530E-01
158500 2.520E-01
158600 2.500E-01
158700 2.490E-01
158800 2.480E-01
158900 2.460E-01
159000 2.450E-01
159100 2.430E-01
159200 2.410E-01
159300 2.400E-01
159400 2.380E-01
159500 2.360E-01
159600 2.350E-01
159700 2.330E-01
159800 2.320E-01
159900 2.310E-01
160000 2.300E-01
160100 2.290E-01
160200 2.280E-01
160300 2.270E-01
160400 2.270E-01
160500 2.260E-01
160600 2.260E-01
160700 2.260E-01
160800 2.260E-01
160900 2.260E-01
161000 2.250E-01
161100 2.250E-01
161200 2.250E-01
161300 2.240E-01
161400 2.240E-01
161500 2.240E-01
161600 2.230E-01
161700 2.220E-01
161800 2.220E-01
161900 2.210E-01
162000 2.200E-01
162100 2.190E-01
162200 2.180E-01
162300 2.170E-01
162400 2.150E-01
162500 2.140E-01
162600 2.120E-01
162700 2.100E-01
162800 2.080E-01
162900 2.060E-01
163000 2.030E-01
163100 2.000E-01
163200 1.971E-01
163300 1.941E-01
163400 1.911E-01
163500 1.871E-01
163600 1.831E-01
163700 1.791E-01
163800 1.751E-01
163900 1.711E-01
164000 1.671E-01
164100 1.621E-01
164200 1.581E-01
164300 1.531E-01
164400 1.491E-01
164500 1.441E-01
164600 1.391E-01
164700 1.351E-01
164800 1.301E-01
164900 1.251E-01
165000 1.211E-01
165100 1.161E-01
165200 1.121E-01
165300 1.071E-01
165400 1.031E-01
165500 9.826E-02
165600 9.395E-02
165700 8.975E-02
165800 8.574E-02
165900 8.164E-02
166000 7.784E-02
166100 7.415E-02
166200 7.055E-02
166300 6.705E-02
166400 6.366E-02
166500 6.056E-02
166600 5.746E-02
166700 5.446E-02
166800 5.175E-02
166900 4.915E-02
167000 4.664E-02
167100 4.433E-02
167200 4.203E-02
167300 3.992E-02
167400 3.802E-02
167500 3.602E-02
167600 3.432E-02
167700 3.272E-02
167800 3.112E-02
167900 2.972E-02
168000 2.833E-02
168100 2.702E-02
168200 2.582E-02
168300 2.462E-02
168400 2.362E-02
168500 2.261E-02
168600 2.161E-02
168700 2.071E-02
168800 1.980E-02
168900 1.900E-02
169000 1.829E-02
169100 1.749E-02
169200 1.688E-02
169300 1.618E-02
169400 1.558E-02
169500 1.508E-02
169600 1.448E-02
169700 1.398E-02
169800 1.348E-02
169900 1.308E-02
170000 1.268E-02
170100 1.228E-02
170200 1.188E-02
170300 1.148E-02
170400 1.117E-02
170500 1.078E-02
170600 1.047E-02
170700 1.017E-02
170800 9.841E-03
170900 9.527E-03
171000 9.220E-03
171100 8.904E-03
171200 8.581E-03
171300 8.264E-03
171400 7.939E-03
171500 7.596E-03
171600 7.261E-03
171700 6.905E-03
171800 6.539E-03
171900 6.171E-03
172000 5.805E-03
172100 5.428E-03
172200 5.052E-03
172300 4.674E-03
172400 4.306E-03
172500 3.927E-03
172600 3.567E-03
172700 3.206E-03
172800 2.844E-03
172900 2.495E-03
173000 2.175E-03
173100 1.847E-03
173200 1.553E-03
173300 1.250E-03
173400 9.764E-04
173500 6.603E-04
173600 7.003E-04
173700 4.424E-04
173800 2.304E-03
173900 2.469E-03
174000 2.486E-03
174100 2.345E-03
174200 2.029E-03
174300 1.590E-03
174400 1.059E-03
174500 4.373E-04
174600 1.136E-03
174700 2.343E-04
174800 6.431E-04
174900 8.803E-04
175000 1.010E-03
175100 1.365E-03
175200 1.328E-03
175300 1.098E-03
175400 9.208E-04
175500 7.691E-04
175600 6.316E-04
175700 5.031E-04
175800 3.633E-04
175900 4.194E-04
176000 3.795E-04
176100 3.458E-04
176200 3.171E-04
176300 2.936E-04
176400 2.648E-04
176500 2.184E-04
176600 2.046E-04
176700 1.870E-04
176800 1.695E-04
176900 1.526E-04
177000 1.367E-04
177100 1.189E-04
177200 1.110E-04
177300 1.035E-04
177400 9.726E-05
177500 9.178E-05
177600 8.668E-05
177700 8.116E-05
177800 7.646E-05
177900 7.226E-05
178000 6.856E-05
178100 6.541E-05
178200 6.241E-05
178300 5.972E-05
178400 5.727E-05
178500 5.509E-05
178600 5.301E-05
178700 5.116E-05
178800 4.928E-05
178900 4.837E-05
179000 4.743E-05
179100 4.658E-05
179200 4.571E-05
179300 4.494E-05
179400 4.415E-05
179500 4.336E-05
179600 4.870E-05
179700 5.029E-05
179800 5.067E-05
179900 5.043E-05
180000 5.011E-05
180100 4.952E-05
180200 4.927E-05
180300 4.815E-05
180400 4.608E-05
180500 3.995E-05
180600 4.016E-05
180700 4.031E-05
180800 4.037E-05
180900 4.056E-05
181000 4.064E-05
181100 4.085E-05
181200 4.095E-05
181300 4.110E-05
181400 4.113E-05
181500 4.110E-05
181600 4.116E-05
181700 4.121E-05
181800 4.119E-05
181900 4.729E-05
182000 4.957E-05
182100 5.051E-05
182200 5.058E-05
182300 5.021E-05
182400 4.962E-05
182500 4.851E-05
182600 4.705E-05
182700 4.502E-05
182800 4.280E-05
182900 3.950E-05
183000 3.908E-05
183100 3.856E-05
183200 3.794E-05
183300 3.743E-05
183400 3.692E-05
183500 3.642E-05
183600 3.591E-05
183700 3.541E-05
183800 3.491E-05
183900 3.432E-05
184000 3.355E-05
184100 3.278E-05
184200 3.202E-05
184300 3.135E-05
184400 3.058E-05
184500 2.853E-05
184600 3.188E-05
184700 3.262E-05
184800 3.274E-05
184900 3.255E-05
185000 3.219E-05
185100 3.169E-05
185200 3.100E-05
185300 3.038E-05
185400 2.965E-05
185500 2.873E-05
185600 2.778E-05
185700 2.674E-05
185800 2.569E-05
185900 2.490E-05
186000 2.453E-05
186100 2.441E-05
186200 2.411E-05
186300 2.353E-05
186400 2.226E-05
186500 1.990E-05
186600 1.968E-05
186700 1.946E-05
186800 1.934E-05
186900 1.914E-05
187000 1.893E-05
187100 1.884E-05
187200 1.865E-05
187300 1.857E-05
187400 2.076E-05
187500 2.129E-05
187600 2.143E-05
187700 2.123E-05
187800 2.074E-05
187900 1.971E-05
188000 1.758E-05
188100 1.742E-05
188200 1.736E-05
188300 1.719E-05
188400 1.703E-05
188500 1.687E-05
188600 1.680E-05
188700 1.664E-05
188800 1.647E-05
188900 1.630E-05
189000 1.622E-05
189100 1.594E-05
189200 1.723E-05
189300 1.776E-05
189400 1.810E-05
189500 1.830E-05
189600 1.832E-05
189700 1.816E-05
189800 1.782E-05
189900 1.681E-05
190000 1.450E-05
190100 1.431E-05
190200 1.412E-05
190300 1.393E-05
190400 1.374E-05
190500 1.355E-05
190600 1.345E-05
190700 1.325E-05
190800 1.336E-05
190900 1.511E-05
191000 1.523E-05
191100 1.513E-05
191200 1.485E-05
191300 1.437E-05
191400 1.389E-05
191500 1.343E-05
191600 1.300E-05
191700 1.259E-05
191800 1.239E-05
191900 1.229E-05
192000 1.228E-05
192100 1.238E-05
192200 1.255E-05
192300 1.277E-05
192400 1.297E-05
192500 1.323E-05
192600 1.334E-05
192700 1.338E-05
192800 1.336E-05
192900 1.334E-05
193000 1.319E-05
193100 1.298E-05
193200 1.272E-05
193300 1.244E-05
193400 1.223E-05
193500 1.197E-05
193600 1.185E-05
193700 1.167E-05
193800 1.159E-05
193900 1.141E-05
194000 1.128E-05
194100 1.103E-05
194200 1.083E-05
194300 1.050E-05
194400 1.025E-05
194500 1.006E-05
194600 9.896E-06
194700 9.964E-06
194800 1.003E-05
194900 1.021E-05
195000 1.030E-05
195100 1.045E-05
195200 1.047E-05
195300 1.053E-05
195400 1.045E-05
195500 1.040E-05
195600 1.019E-05
195700 1.000E-05
195800 9.653E-06
195900 9.313E-06
196000 8.792E-06
196100 8.328E-06
196200 8.081E-06
196300 8.307E-06
196400 8.549E-06
196500 8.709E-06
196600 8.808E-06
196700 8.835E-06
196800 8.828E-06
196900 8.788E-06
197000 8.735E-06
197100 8.691E-06
197200 8.632E-06
197300 8.579E-06
197400 8.528E-06
197500 8.486E-06
197600 8.429E-06
197700 8.366E-06
197800 8.291E-06
197900 8.215E-06
198000 8.125E-06
198100 8.015E-06
198200 7.920E-06
198300 7.832E-06
198400 7.765E-06
198500 7.728E-06
198600 7.710E-06
198700 7.712E-06
198800 7.706E-06
198900 7.717E-06
199000 7.702E-06
199100 7.683E-06
199200 7.634E-06
199300 7.521E-06
199400 7.333E-06
199500 6.956E-06
199600 6.484E-06
199700 6.841E-06
199800 7.396E-06
199900 7.799E-06
200000 7.974E-06
200100 7.561E-06
200200 6.909E-06
200300 6.520E-06
200400 6.468E-06
200500 6.425E-06
200600 6.372E-06
200700 6.319E-06
200800 6.265E-06
200900 6.221E-06
201000 6.177E-06
201100 6.131E-06
201200 6.414E-06
201300 6.862E-06
201400 7.053E-06
201500 7.147E-06
201600 7.161E-06
201700 7.143E-06
201800 7.109E-06
201900 7.074E-06
202000 7.004E-06
202100 6.901E-06
202200 6.787E-06
202300 6.679E-06
202400 6.546E-06
202500 6.381E-06
202600 6.189E-06
202700 5.892E-06
202800 5.606E-06
202900 5.986E-06
203000 6.187E-06
203100 6.274E-06
203200 6.314E-06
203300 6.304E-06
203400 6.276E-06
203500 6.251E-06
203600 6.183E-06
203700 5.994E-06
203800 5.283E-06
203900 5.051E-06
204000 5.023E-06
204100 4.995E-06
204200 4.968E-06
204300 4.963E-06
204400 5.602E-06
204500 5.740E-06
204600 5.773E-06
204700 5.793E-06
204800 5.814E-06
204900 5.833E-06
205000 5.844E-06
205100 5.847E-06
205200 5.869E-06
205300 5.860E-06
205400 5.783E-06
205500 5.698E-06
205600 5.604E-06
205700 5.476E-06
205800 5.265E-06
205900 4.602E-06
206000 4.824E-06
206100 4.820E-06
206200 4.827E-06
206300 4.814E-06
206400 4.812E-06
206500 4.810E-06
206600 4.809E-06
206700 4.808E-06
206800 5.591E-06
206900 5.855E-06
207000 5.952E-06
207100 5.970E-06
207200 5.928E-06
207300 5.881E-06
207400 5.845E-06
207500 5.807E-06
207600 5.776E-06
207700 5.734E-06
207800 5.687E-06
207900 5.713E-06
208000 5.762E-06
208100 5.803E-06
208200 5.859E-06
208300 5.857E-06
208400 5.784E-06
208500 5.695E-06
208600 5.573E-06
208700 5.433E-06
208800 5.443E-06
208900 5.546E-06
209000 5.597E-06
209100 5.640E-06
209200 5.640E-06
209300 5.576E-06
209400 5.487E-06
209500 5.402E-06
209600 5.249E-06
209700 4.847E-06
209800 4.589E-06
209900 4.573E-06
210000 4.568E-06
210100 4.562E-06
210200 4.547E-06
210300 4.999E-06
210400 5.350E-06
210500 5.500E-06
210600 5.582E-06
210700 5.636E-06
210800 5.704E-06
210900 5.719E-06
211000 5.654E-06
211100 5.531E-06
211200 5.372E-06
211300 5.079E-06
211400 4.419E-06
211500 4.412E-06
211600 4.406E-06
211700 4.397E-06
211800 4.380E-06
211900 4.371E-06
212000 4.363E-06
212100 4.345E-06
212200 4.336E-06
212300 4.328E-06
212400 4.319E-06
212500 4.300E-06
212600 4.303E-06
212700 4.306E-06
212800 4.260E-06
212900 4.779E-06
213000 4.994E-06
213100 5.106E-06
213200 5.134E-06
213300 5.096E-06
213400 4.978E-06
213500 4.780E-06
213600 4.745E-06
213700 4.987E-06
213800 5.196E-06
213900 5.359E-06
214000 5.487E-06
214100 5.501E-06
214200 5.400E-06
214300 5.228E-06
214400 4.808E-06
214500 4.260E-06
214600 4.265E-06
214700 4.744E-06
214800 5.124E-06
214900 5.362E-06
215000 5.470E-06
215100 5.347E-06
215200 4.879E-06
215300 4.255E-06
215400 4.259E-06
215500 4.251E-06
215600 4.250E-06
215700 5.252E-06
215800 5.566E-06
215900 5.724E-06
216000 5.765E-06
216100 5.685E-06
216200 5.550E-06
216300 5.400E-06
216400 5.255E-06
216500 5.154E-06
216600 5.155E-06
216700 5.132E-06
216800 5.133E-06
216900 5.272E-06
217000 5.456E-06
217100 5.619E-06
217200 5.774E-06
217300 5.871E-06
217400 5.841E-06
217500 5.735E-06
217600 5.570E-06
217700 5.254E-06
217800 4.760E-06
217900 4.875E-06
218000 5.154E-06
218100 5.300E-06
218200 5.470E-06
218300 5.514E-06
218400 5.264E-06
218500 4.364E-06
218600 4.113E-06
218700 4.113E-06
218800 4.095E-06
218900 4.096E-06
219000 4.097E-06
219100 4.087E-06
219200 4.079E-06
219300 4.068E-06
219400 4.069E-06
219500 4.050E-06
219600 4.051E-06
219700 4.033E-06
219800 4.928E-06
219900 5.337E-06
220000 5.583E-06
220100 5.774E-06
220200 5.853E-06
220300 5.843E-06
220400 5.786E-06
220500 5.682E-06
220600 5.565E-06
220700 5.517E-06
220800 5.560E-06
220900 5.625E-06
221000 5.695E-06
221100 5.787E-06
221200 5.772E-06
221300 5.606E-06
221400 5.359E-06
221500 5.033E-06
221600 4.437E-06
221700 3.644E-06
221800 3.626E-06
221900 3.601E-06
222000 3.584E-06
222100 3.567E-06
222200 3.549E-06
222300 3.532E-06
222400 3.508E-06
222500 3.491E-06
222600 3.484E-06
222700 3.469E-06
222800 3.454E-06
222900 3.438E-06
223000 3.720E-06
223100 4.893E-06
223200 5.341E-06
223300 5.607E-06
223400 5.815E-06
223500 6.025E-06
223600 6.177E-06
223700 6.143E-06
223800 5.950E-06
223900 5.564E-06
224000 4.639E-06
224100 3.357E-06
224200 3.354E-06
224300 3.360E-06
224400 3.362E-06
224500 3.941E-06
224600 4.811E-06
224700 4.878E-06
224800 4.278E-06
224900 3.373E-06
225000 3.381E-06
225100 3.367E-06
225200 3.376E-06
225300 3.375E-06
225400 3.377E-06
225500 3.389E-06
225600 3.402E-06
225700 3.423E-06
225800 3.434E-06
225900 3.448E-06
226000 3.462E-06
226100 3.476E-06
226200 3.496E-06
226300 3.510E-06
226400 3.540E-06
226500 3.548E-06
226600 3.562E-06
226700 3.576E-06
226800 3.591E-06
226900 3.614E-06
227000 3.622E-06
227100 3.637E-06
227200 3.660E-06
227300 3.675E-06
227400 3.692E-06
227500 3.707E-06
227600 3.706E-06
227700 3.721E-06
227800 3.730E-06
227900 3.738E-06
228000 3.747E-06
228100 3.755E-06
228200 3.771E-06
228300 3.780E-06
228400 3.790E-06
228500 3.799E-06
228600 3.815E-06
228700 3.824E-06
228800 3.844E-06
228900 3.860E-06
229000 3.864E-06
229100 3.881E-06
229200 3.900E-06
229300 3.917E-06
229400 3.929E-06
229500 3.932E-06
229600 3.934E-06
229700 3.941E-06
229800 3.937E-06
229900 3.933E-06
230000 3.950E-06
230100 3.946E-06
230200 4.705E-06
230300 6.258E-06
230400 5.918E-06
230500 3.961E-06
230600 3.959E-06
230700 3.969E-06
230800 3.968E-06
230900 3.974E-06
231000 3.981E-06
231100 3.999E-06
231200 4.006E-06
231300 4.013E-06
231400 4.028E-06
231500 4.042E-06
231600 6.853E-06
231700 9.277E-06
231800 1.098E-05
231900 1.226E-05
232000 1.270E-05
232100 1.250E-05
232200 1.209E-05
232300 1.169E-05
232400 1.118E-05
232500 1.057E-05
232600 1.008E-05
232700 9.675E-06
232800 9.119E-06
232900 8.343E-06
233000 7.323E-06
233100 6.214E-06
233200 5.297E-06
233300 4.094E-06
233400 4.410E-06
233500 4.440E-06
233600 4.467E-06
233700 4.498E-06
233800 4.518E-06
233900 3.340E-06
234000 5.078E-06
234100 5.902E-06
234200 6.329E-06
234300 6.342E-06
234400 6.252E-06
234500 6.465E-06
234600 6.289E-06
234700 3.584E-06
234800 4.790E-06
234900 4.823E-06
235000 4.849E-06
235100 4.880E-06
235200 4.912E-06
235300 4.948E-06
235400 4.984E-06
235500 5.021E-06
235600 5.051E-06
235700 5.084E-06
235800 5.120E-06
235900 5.165E-06
236000 5.209E-06
236100 5.253E-06
236200 5.297E-06
236300 5.334E-06
236400 5.381E-06
236500 5.423E-06
236600 5.469E-06
236700 5.510E-06
236800 5.560E-06
236900 6.718E-06
237000 9.059E-06
237100 1.063E-05
237200 1.193E-05
237300 1.301E-05
237400 1.373E-05
237500 1.379E-05
237600 1.245E-05
237700 8.287E-06
237800 6.062E-06
237900 6.122E-06
238000 6.189E-06
238100 6.255E-06
238200 6.326E-06
238300 6.402E-06
238400 1.106E-05
238500 1.448E-05
238600 1.614E-05
238700 1.681E-05
238800 1.680E-05
238900 1.637E-05
239000 1.605E-05
239100 1.571E-05
239200 1.469E-05
239300 1.272E-05
239400 9.466E-06
239500 7.316E-06
239600 7.397E-06
239700 7.477E-06
239800 7.557E-06
239900 7.642E-06
240000 4.201E-06
240100 1.293E-05
240200 1.673E-05
240300 1.916E-05
240400 1.979E-05
240500 1.911E-05
240600 1.840E-05
240700 1.796E-05
240800 1.747E-05
240900 1.691E-05
241000 1.654E-05
241100 1.648E-05
241200 1.635E-05
241300 1.622E-05
241400 1.606E-05
241500 1.612E-05
241600 1.638E-05
241700 1.694E-05
241800 1.760E-05
241900 1.822E-05
242000 1.832E-05
242100 1.773E-05
242200 1.592E-05
242300 1.155E-05
242400 9.692E-06
242500 9.833E-06
242600 9.940E-06
242700 1.008E-05
242800 1.018E-05
242900 1.033E-05
243000 1.047E-05
243100 1.532E-05
243200 1.872E-05
243300 1.996E-05
243400 2.002E-05
243500 1.959E-05
243600 1.889E-05
243700 1.796E-05
243800 1.719E-05
243900 1.700E-05
244000 1.739E-05
244100 1.796E-05
244200 1.840E-05
244300 1.863E-05
244400 1.899E-05
244500 2.014E-05
244600 2.185E-05
244700 2.346E-05
244800 2.486E-05
244900 2.629E-05
245000 2.759E-05
245100 2.801E-05
245200 2.723E-05
245300 2.578E-05
245400 2.439E-05
245500 2.299E-05
245600 2.123E-05
245700 1.898E-05
245800 1.631E-05
245900 1.215E-05
246000 1.657E-05
246100 1.694E-05
246200 1.726E-05
246300 1.763E-05
246400 8.451E-06
246500 2.111E-05
246600 2.795E-05
246700 3.268E-05
246800 3.568E-05
246900 3.696E-05
247000 3.688E-05
247100 3.547E-05
247200 3.307E-05
247300 2.971E-05
247400 2.624E-05
247500 2.325E-05
247600 2.144E-05
247700 2.046E-05
247800 1.979E-05
247900 1.838E-05
248000 1.663E-05
248100 1.695E-05
248200 2.002E-05
248300 2.329E-05
248400 2.621E-05
248500 2.937E-05
248600 3.313E-05
248700 3.510E-05
248800 3.362E-05
248900 2.864E-05
249000 2.149E-05
249100 3.611E-06
249200 4.674E-05
249300 4.906E-05
249400 5.196E-05
249500 5.518E-05
249600 5.883E-05
249700 6.215E-05
249800 6.592E-05
249900 7.010E-05
250000 7.440E-05
250100 7.997E-05
250200 8.519E-05
250300 9.091E-05
250400 9.713E-05
250500 1.046E-04
250600 1.103E-04
250700 1.180E-04
250800 1.258E-04
250900 1.347E-04
251000 1.432E-04
251100 1.532E-04
251200 2.696E-05
251300 3.648E-05
251400 4.109E-05
251500 4.286E-05
251600 4.228E-05
251700 4.239E-05
251800 4.968E-05
251900 6.479E-05
252000 8.182E-05
252100 9.825E-05
252200 1.148E-04
252300 1.320E-04
252400 1.466E-04
252500 1.558E-04
252600 1.599E-04
252700 1.612E-04
252800 1.625E-04
252900 1.642E-04
253000 1.661E-04
253100 1.666E-04
253200 1.621E-04
253300 1.532E-04
253400 1.433E-04
253500 1.326E-04
253600 1.181E-04
253700 1.012E-04
253800 9.522E-05
253900 1.098E-04
254000 1.297E-04
254100 1.443E-04
254200 1.541E-04
254300 1.624E-04
254400 1.712E-04
254500 1.811E-04
254600 1.915E-04
254700 2.009E-04
254800 2.085E-04
254900 2.145E-04
255000 2.198E-04
255100 2.252E-04
255200 2.287E-04
255300 2.323E-04
255400 2.354E-04
255500 2.373E-04
255600 2.390E-04
255700 2.385E-04
255800 2.370E-04
255900 2.341E-04
256000 2.301E-04
256100 2.263E-04
256200 2.230E-04
256300 2.201E-04
256400 2.173E-04
256500 2.145E-04
256600 2.121E-04
256700 2.095E-04
256800 2.083E-04
256900 2.068E-04
257000 2.039E-04
257100 1.978E-04
257200 1.900E-04
257300 1.823E-04
257400 1.745E-04
257500 1.664E-04
257600 1.577E-04
257700 1.526E-04
257800 1.534E-04
257900 1.566E-04
258000 1.590E-04
258100 1.603E-04
258200 1.622E-04
258300 1.640E-04
258400 1.649E-04
258500 1.641E-04
258600 1.624E-04
258700 1.612E-04
258800 1.603E-04
258900 1.590E-04
259000 1.580E-04
259100 1.561E-04
259200 1.532E-04
259300 1.499E-04
259400 1.468E-04
259500 1.434E-04
259600 1.405E-04
259700 1.384E-04
259800 1.368E-04
259900 1.363E-04
260000 1.359E-04
260100 1.351E-04
260200 1.348E-04
260300 1.352E-04
260400 1.360E-04
260500 1.376E-04
260600 1.395E-04
260700 1.421E-04
260800 1.459E-04
260900 1.487E-04
261000 1.499E-04
261100 1.483E-04
261200 1.448E-04
261300 1.404E-04
261400 1.350E-04
261500 1.293E-04
261600 1.234E-04
261700 1.176E-04
261800 1.124E-04
261900 1.079E-04
262000 1.035E-04
262100 9.912E-05
262200 9.294E-05
262300 8.551E-05
262400 8.050E-05
262500 8.171E-05
262600 8.775E-05
262700 9.408E-05
262800 9.870E-05
262900 1.033E-04
263000 1.083E-04
263100 1.126E-04
263200 1.146E-04
263300 1.145E-04
263400 1.144E-04
263500 1.143E-04
263600 1.147E-04
263700 1.151E-04
263800 1.146E-04
263900 1.159E-04
264000 1.174E-04
264100 1.198E-04
264200 1.213E-04
264300 1.227E-04
264400 1.240E-04
264500 1.234E-04
264600 1.210E-04
264700 1.159E-04
264800 1.084E-04
264900 9.937E-05
265000 9.015E-05
265100 7.990E-05
265200 6.808E-05
265300 5.401E-05
265400 3.567E-05
265500 1.431E-04
265600 1.440E-04
265700 1.454E-04
265800 1.470E-04
265900 1.486E-04
266000 1.493E-04
266100 1.501E-04
266200 1.517E-04
266300 1.531E-04
266400 1.539E-04
266500 1.555E-04
266600 3.130E-05
266700 3.961E-05
266800 4.305E-05
266900 4.503E-05
267000 4.688E-05
267100 4.966E-05
267200 5.281E-05
267300 5.381E-05
267400 5.032E-05
267500 4.215E-05
267600 3.085E-05
267700 1.481E-05
267800 1.502E-04
267900 1.495E-04
268000 1.496E-04
268100 1.489E-04
268200 1.482E-04
268300 1.469E-04
268400 1.447E-04
268500 1.432E-04
268600 1.410E-04
268700 1.395E-04
268800 1.375E-04
268900 2.087E-05
269000 3.136E-05
269100 3.879E-05
269200 4.424E-05
269300 4.863E-05
269400 5.280E-05
269500 5.690E-05
269600 6.116E-05
269700 6.552E-05
269800 6.965E-05
269900 7.350E-05
270000 7.636E-05
270100 7.695E-05
270200 7.712E-05
270300 7.623E-05
270400 7.465E-05
270500 7.274E-05
270600 7.062E-05
270700 6.857E-05
270800 6.658E-05
270900 6.454E-05
271000 6.243E-05
271100 6.038E-05
271200 5.827E-05
271300 5.620E-05
271400 5.419E-05
271500 5.214E-05
271600 5.009E-05
271700 4.802E-05
271800 4.407E-05
271900 3.938E-05
272000 3.517E-05
272100 3.140E-05
272200 2.789E-05
272300 2.474E-05
272400 2.207E-05
272500 1.993E-05
272600 1.815E-05
272700 1.660E-05
272800 1.512E-05
272900 1.373E-05
273000 1.241E-05
273100 1.122E-05
273200 1.018E-05
273300 9.200E-06
273400 8.292E-06
273500 7.485E-06
273600 6.693E-06
273700 5.949E-06
273800 5.282E-06
273900 4.687E-06
274000 4.167E-06
274100 3.730E-06
274200 3.331E-06
274300 2.974E-06
274400 2.652E-06
274500 2.354E-06
274600 2.083E-06
274700 1.843E-06
274800 1.616E-06
274900 1.416E-06
275000 1.236E-06
275100 1.077E-06
275200 9.399E-07
275300 8.220E-07
275400 7.742E-07
275500 7.511E-07
275600 7.277E-07
275700 7.104E-07
275800 6.943E-07
275900 6.761E-07
276000 6.616E-07
276100 6.404E-07
276200 6.202E-07
276300 6.004E-07
276400 5.793E-07
276500 5.556E-07
276600 5.336E-07
276700 5.129E-07
276800 4.934E-07
276900 4.740E-07
277000 4.536E-07
277100 4.350E-07
277200 4.351E-07
277300 4.617E-07
277400 4.902E-07
277500 5.211E-07
277600 5.515E-07
277700 5.863E-07
277800 6.224E-07
277900 6.602E-07
278000 7.013E-07
278100 7.463E-07
278200 7.895E-07
278300 8.383E-07
278400 8.922E-07
278500 9.469E-07
278600 1.006E-06
278700 1.075E-06
278800 1.148E-06
278900 1.234E-06
279000 1.312E-06
279100 1.410E-06
279200 1.516E-06
279300 1.629E-06
279400 1.741E-06
279500 1.864E-06
279600 1.989E-06
279700 2.116E-06
279800 2.268E-06
279900 2.420E-06
280000 2.563E-06
280500 2.807E-06
281000 3.637E-06
281500 4.272E-06
282000 5.019E-06
282500 5.905E-06
283000 6.525E-06
283500 6.691E-06
284000 6.822E-06
284500 7.801E-06
285000 8.414E-06
285500 8.628E-06
