25300 7.003E-17
25400 1.522E-16
25500 1.844E-13
25600 9.997E-14
25700 7.625E-15
25800 3.118E-33
25900 1.462E-42
26000 5.623E-31
26100 3.098E-31
26200 3.176E-31
26300 2.180E-29
26400 1.787E-31
26500 2.700E-29
26600 2.247E-36
26700 2.359E-15
26800 3.207E-15
26900 1.199E-14
27000 1.202E-14
27100 8.765E-15
27200 1.952E-14
27300 1.035E-13
27400 7.126E-15
27500 1.393E-15
27600 4.985E-25
27700 5.091E-16
27800 9.944E-15
27900 8.070E-16
28000 1.143E-15
28100 2.040E-16
28200 5.719E-15
28300 5.992E-15
28400 4.627E-14
28500 1.741E-14
28600 5.682E-29
28700 3.797E-29
28800 6.839E-32
28900 2.240E-15
29000 1.127E-14
29100 8.233E-14
29200 1.135E-15
29300 7.364E-14
29400 6.407E-14
29500 9.980E-14
29600 1.153E-14
29700 7.823E-15
29800 7.042E-16
29900 7.271E-15
30000 4.592E-14
30100 1.052E-14
30200 2.544E-13
30300 1.169E-13
30400 1.287E-14
30500 6.288E-14
30600 4.588E-34
30700 7.799E-27
30800 2.492E-25
30900 1.711E-25
31000 7.617E-30
31100 4.472E-28
31200 1.129E-29
31300 5.430E-37
31400 1.119E-30
31500 8.334E-16
31600 1.481E-14
31700 3.623E-14
31800 3.962E-14
31900 3.184E-15
32000 4.850E-15
32100 6.317E-16
32200 1.508E-13
32300 1.131E-14
32400 1.418E-13
32500 3.207E-13
32600 1.923E-14
32700 7.169E-14
32800 1.065E-14
32900 1.643E-14
33000 2.745E-13
33100 8.683E-15
33200 1.327E-13
33300 7.677E-30
33400 1.092E-34
33500 2.184E-32
33600 1.886E-40
33700 2.685E-29
33800 1.030E-36
33900 4.031E-38
34000 3.135E-35
34100 9.475E-33
34200 3.356E-34
34300 1.000E-30
34400 9.762E-16
34500 3.061E-15
34600 8.835E-16
34700 5.740E-16
34800 5.497E-27
34900 2.261E-33
35000 3.028E-28
35100 5.412E-27
35200 1.672E-29
35300 8.001E-24
35400 1.517E-30
35500 5.463E-26
35600 1.279E-32
35700 1.354E-15
35800 3.866E-14
35900 3.600E-15
36000 1.940E-13
36100 3.370E-14
36200 8.353E-14
36300 4.401E-14
36400 2.862E-14
36500 1.129E-13
36600 3.563E-14
36700 6.793E-14
36800 3.571E-13
36900 6.577E-14
37000 3.803E-15
37100 2.195E-14
37200 8.083E-15
37300 3.639E-14
37400 2.004E-14
37500 7.980E-15
37600 7.014E-15
37700 3.612E-14
37800 1.260E-14
37900 4.077E-14
38000 2.721E-13
38100 9.825E-14
38200 8.635E-14
38300 4.495E-15
38400 1.041E-13
38500 2.350E-13
38600 4.299E-14
38700 9.742E-14
38800 2.212E-13
38900 7.684E-14
39000 1.506E-13
39100 6.299E-14
39200 8.508E-14
39300 8.040E-14
39400 2.333E-13
39500 6.671E-14
39600 1.143E-13
39700 8.496E-14
39800 4.521E-14
39900 1.230E-13
40000 2.355E-26
40100 4.851E-33
40200 6.732E-31
40300 1.567E-36
40400 1.869E-25
40500 1.062E-36
40600 3.267E-25
40700 1.180E-30
40800 1.675E-33
40900 6.418E-30
41000 9.451E-30
41100 8.343E-32
41200 3.188E-13
41300 2.321E-14
41400 5.444E-13
41500 1.374E-14
41600 3.263E-13
41700 7.631E-13
41800 1.428E-12
41900 1.390E-12
42000 3.024E-14
42100 3.258E-14
42200 5.389E-13
42300 1.207E-30
42400 1.867E-33
42500 1.622E-28
42600 6.215E-28
42700 2.794E-26
42800 1.467E-30
42900 1.387E-27
43000 2.035E-28
43100 5.902E-25
43200 1.200E-27
43300 2.152E-36
43400 1.414E-36
43500 8.046E-14
43600 1.822E-13
43700 5.063E-13
43800 3.473E-14
43900 3.065E-13
44000 3.936E-13
44100 1.187E-13
44200 1.034E-12
44300 5.295E-14
44400 2.867E-13
44500 3.803E-13
44600 1.657E-13
44700 1.105E-13
44800 3.283E-14
44900 6.248E-14
45000 5.167E-14
45100 2.985E-14
45200 6.420E-15
45300 4.063E-29
45400 1.163E-32
45500 1.723E-15
45600 5.467E-14
45700 1.951E-13
45800 2.222E-13
45900 2.167E-13
46000 4.682E-13
46100 4.249E-13
46200 1.316E-12
46300 4.466E-13
46400 1.212E-12
46500 9.130E-14
46600 9.380E-15
46700 9.552E-14
46800 5.174E-13
46900 4.066E-13
47000 5.190E-13
47100 4.064E-13
47200 1.709E-13
47300 1.877E-13
47400 5.081E-14
47500 6.988E-14
47600 3.161E-12
47700 4.618E-14
47800 6.916E-14
47900 8.404E-14
48000 7.265E-14
48100 5.175E-14
48200 1.714E-13
48300 5.213E-13
48400 2.211E-14
48500 3.920E-12
48600 3.511E-12
48700 3.284E-12
48800 5.006E-12
48900 3.836E-13
49000 6.567E-14
49100 1.050E-13
49200 9.771E-14
49300 4.556E-13
49400 2.782E-13
49500 7.550E-12
49600 7.499E-13
49700 2.017E-11
49800 1.224E-11
49900 6.818E-12
50000 1.348E-11
50100 4.330E-09
50200 3.090E-09
50300 5.489E-09
50400 5.372E-09
50500 8.352E-09
50600 1.034E-08
50700 9.649E-09
50800 1.205E-08
50900 1.278E-08
51000 1.772E-08
51100 1.840E-08
51200 1.859E-08
51300 2.042E-08
51400 1.622E-08
51500 2.051E-08
51600 1.950E-08
51700 1.429E-08
51800 1.404E-08
51900 1.895E-08
52000 1.777E-08
52100 1.774E-08
52200 1.199E-08
52300 1.490E-08
52400 1.082E-08
52500 1.025E-08
52600 1.041E-08
52700 9.064E-09
52800 9.638E-09
52900 5.348E-09
53000 5.432E-09
53100 2.636E-09
53200 3.687E-09
53300 5.263E-09
53400 7.018E-09
53500 8.591E-09
53600 7.167E-09
53700 1.202E-08
53800 1.064E-08
53900 1.286E-08
54000 1.775E-08
54100 1.987E-08
54200 2.158E-08
54300 2.241E-08
54400 2.758E-08
54500 2.736E-08
54600 3.102E-08
54700 3.642E-08
54800 3.922E-08
54900 3.887E-08
55000 4.014E-08
55100 3.958E-08
55200 4.112E-08
55300 4.177E-08
55400 4.199E-08
55500 4.122E-08
55600 3.950E-08
55700 3.917E-08
55800 3.767E-08
55900 3.560E-08
56000 3.187E-08
56100 2.817E-08
56200 2.427E-08
56300 2.093E-08
56400 1.972E-08
56500 2.134E-08
56600 2.226E-08
56700 2.315E-08
56800 2.367E-08
56900 3.266E-08
57000 4.691E-08
57100 6.091E-08
57200 7.606E-08
57300 9.471E-08
57400 1.113E-07
57500 1.409E-07
57600 1.594E-07
57700 1.880E-07
57800 2.118E-07
57900 2.248E-07
58000 2.449E-07
58100 2.743E-07
58200 2.954E-07
58300 3.119E-07
58400 3.140E-07
58500 3.299E-07
58600 3.289E-07
58700 3.260E-07
58800 3.331E-07
58900 3.572E-07
59000 3.427E-07
59100 3.295E-07
59200 3.129E-07
59300 3.047E-07
59400 2.916E-07
59500 2.823E-07
59600 2.660E-07
59700 2.439E-07
59800 2.227E-07
59900 2.030E-07
60000 1.930E-07
60100 1.748E-07
60200 1.568E-07
60300 1.396E-07
60400 1.205E-07
60500 1.030E-07
60600 8.367E-08
60700 7.468E-08
60800 6.432E-08
60900 5.261E-08
61000 4.281E-08
61100 3.336E-08
61200 3.159E-08
61300 3.527E-08
61400 4.128E-08
61500 4.977E-08
61600 5.969E-08
61700 7.211E-08
61800 1.068E-07
61900 1.557E-07
62000 2.283E-07
62100 3.423E-07
62200 7.282E-07
62300 6.293E-07
62400 8.193E-07
62500 1.099E-06
62600 9.497E-07
62700 2.039E-06
62800 1.783E-06
62900 9.839E-07
63000 7.465E-07
63100 2.597E-07
63200 2.561E-07
63300 2.336E-07
63400 2.242E-07
63500 1.989E-07
63600 1.741E-07
63700 1.449E-07
63800 1.187E-07
63900 1.022E-07
64000 8.034E-08
64100 6.634E-08
64200 5.700E-08
64300 5.779E-08
64400 7.140E-08
64500 9.287E-08
64600 1.178E-07
64700 1.354E-07
64800 1.606E-07
64900 1.868E-07
65000 2.239E-07
65100 2.513E-07
65200 2.861E-07
65300 3.199E-07
65400 3.572E-07
65500 3.985E-07
65600 4.113E-07
65700 4.484E-07
65800 4.876E-07
65900 5.635E-07
66000 6.300E-07
66100 6.942E-07
66200 7.282E-07
66300 8.376E-07
66400 9.090E-07
66500 9.935E-07
66600 1.062E-06
66700 1.132E-06
66800 1.202E-06
66900 1.188E-06
67000 1.196E-06
67100 1.209E-06
67200 1.163E-06
67300 1.091E-06
67400 1.005E-06
67500 8.506E-07
67600 7.316E-07
67700 6.582E-07
67800 5.425E-07
67900 5.197E-07
68000 5.644E-07
68100 6.812E-07
68200 8.074E-07
68300 9.473E-07
68400 1.044E-06
68500 1.200E-06
68600 1.357E-06
68700 1.507E-06
68800 1.681E-06
68900 1.908E-06
69000 2.223E-06
69100 2.399E-06
69200 2.614E-06
69300 2.888E-06
69400 2.918E-06
69500 3.040E-06
69600 3.116E-06
69700 3.177E-06
69800 3.318E-06
69900 3.210E-06
70000 3.231E-06
70100 3.346E-06
70200 3.328E-06
70300 3.247E-06
70400 3.132E-06
70500 2.919E-06
70600 2.793E-06
70700 2.791E-06
70800 2.601E-06
70900 2.611E-06
71000 2.518E-06
71100 2.373E-06
71200 2.358E-06
71300 2.177E-06
71400 2.067E-06
71500 1.945E-06
71600 1.858E-06
71700 1.678E-06
71800 1.599E-06
71900 1.449E-06
72000 1.355E-06
72100 1.242E-06
72200 1.108E-06
72300 1.047E-06
72400 9.309E-07
72500 8.795E-07
72600 7.980E-07
72700 7.143E-07
72800 6.593E-07
72900 5.935E-07
73000 5.389E-07
73100 4.867E-07
73200 4.347E-07
73300 3.788E-07
73400 3.218E-07
73500 2.631E-07
73600 2.105E-07
73700 1.600E-07
73800 1.140E-07
73900 1.117E-07
74000 1.345E-07
74100 1.704E-07
74200 2.138E-07
74300 2.711E-07
74400 3.137E-07
74500 3.571E-07
74600 3.775E-07
74700 3.938E-07
74800 3.904E-07
74900 3.995E-07
75000 3.856E-07
75100 3.602E-07
75200 3.503E-07
75300 3.236E-07
75400 2.978E-07
75500 2.691E-07
75600 2.327E-07
75700 2.077E-07
75800 1.733E-07
75900 1.516E-07
76000 1.204E-07
76100 1.085E-07
76200 9.045E-08
76300 8.352E-08
76400 8.265E-08
76500 8.278E-08
76600 8.139E-08
76700 8.317E-08
76800 9.054E-08
76900 9.450E-08
77000 1.004E-07
77100 1.020E-07
77200 1.085E-07
77300 1.183E-07
77400 1.230E-07
77500 1.307E-07
77600 1.421E-07
77700 1.459E-07
77800 1.579E-07
77900 1.641E-07
78000 1.660E-07
78100 1.727E-07
78200 1.844E-07
78300 1.934E-07
78400 1.911E-07
78500 1.941E-07
78600 2.043E-07
78700 2.003E-07
78800 2.104E-07
78900 2.169E-07
79000 2.168E-07
79100 2.261E-07
79200 2.356E-07
79300 2.462E-07
79400 2.653E-07
79500 2.767E-07
79600 2.806E-07
79700 3.066E-07
79800 3.097E-07
79900 3.236E-07
80000 3.378E-07
80100 3.393E-07
80200 3.399E-07
80300 3.471E-07
80400 3.327E-07
80500 3.321E-07
80600 3.144E-07
80700 3.058E-07
80800 2.943E-07
80900 2.773E-07
81000 2.773E-07
81100 2.733E-07
81200 2.590E-07
81300 2.574E-07
81400 2.732E-07
81500 2.640E-07
81600 2.732E-07
81700 2.861E-07
81800 3.023E-07
81900 3.227E-07
82000 3.462E-07
82100 3.789E-07
82200 4.236E-07
82300 4.805E-07
82400 5.784E-07
82500 6.442E-07
82600 7.581E-07
82700 9.414E-07
82800 1.010E-06
82900 1.199E-06
83000 1.465E-06
83100 9.788E-08
83200 8.156E-08
83300 7.693E-08
83400 6.748E-08
83500 6.590E-08
83600 6.708E-08
83700 6.291E-08
83800 6.179E-08
83900 6.280E-08
84000 5.972E-08
84100 5.438E-08
84200 5.155E-08
84300 4.837E-08
84400 4.732E-08
84500 4.504E-08
84600 4.131E-08
84700 3.957E-08
84800 3.882E-08
84900 3.827E-08
85000 3.783E-08
85100 3.798E-08
85200 3.933E-08
85300 3.842E-08
85400 4.065E-08
85500 3.997E-08
85600 4.201E-08
85700 4.137E-08
85800 4.199E-08
85900 4.281E-08
86000 4.354E-08
86100 4.438E-08
86200 4.647E-08
86300 4.711E-08
86400 4.757E-08
86500 4.705E-08
86600 4.866E-08
86700 4.980E-08
86800 5.080E-08
86900 5.187E-08
87000 5.273E-08
87100 5.314E-08
87200 5.399E-08
87300 5.461E-08
87400 5.296E-08
87500 5.432E-08
87600 5.489E-08
87700 5.433E-08
87800 5.554E-08
87900 5.681E-08
88000 5.856E-08
88100 6.181E-08
88200 6.357E-08
88300 6.380E-08
88400 6.494E-08
88500 6.808E-08
88600 6.811E-08
88700 6.995E-08
88800 7.189E-08
88900 7.434E-08
89000 7.918E-08
89100 8.123E-08
89200 8.514E-08
89300 8.804E-08
89400 9.019E-08
89500 9.390E-08
89600 9.614E-08
89700 9.898E-08
89800 1.010E-07
89900 1.019E-07
90000 1.004E-07
90100 1.043E-07
90200 1.080E-07
90300 1.088E-07
90400 1.077E-07
90500 1.110E-07
90600 1.126E-07
90700 1.141E-07
90800 1.149E-07
90900 1.158E-07
91000 1.162E-07
91100 1.158E-07
91200 1.151E-07
91300 1.162E-07
91400 1.128E-07
91500 1.120E-07
91600 1.122E-07
91700 1.114E-07
91800 1.117E-07
91900 1.095E-07
92000 1.061E-07
92100 1.002E-07
92200 9.912E-08
92300 9.508E-08
92400 8.822E-08
92500 8.416E-08
92600 8.156E-08
92700 7.926E-08
92800 7.475E-08
92900 7.310E-08
93000 7.218E-08
93100 7.035E-08
93200 6.856E-08
93300 6.598E-08
93400 6.600E-08
93500 6.514E-08
93600 6.326E-08
93700 6.190E-08
93800 6.121E-08
93900 6.056E-08
94000 5.991E-08
94100 5.928E-08
94200 5.868E-08
94300 5.809E-08
94400 5.759E-08
94500 5.715E-08
94600 5.633E-08
94700 5.573E-08
94800 5.489E-08
94900 5.421E-08
95000 5.333E-08
95100 5.278E-08
95200 5.212E-08
95300 5.134E-08
95400 5.096E-08
95500 5.050E-08
95600 5.015E-08
95700 4.905E-08
95800 5.007E-08
95900 4.980E-08
96000 4.880E-08
96100 4.853E-08
96200 4.819E-08
96300 4.796E-08
96400 4.816E-08
96500 4.780E-08
96600 4.869E-08
96700 4.902E-08
96800 4.892E-08
96900 4.817E-08
97000 4.787E-08
97100 4.828E-08
97200 4.763E-08
97300 4.694E-08
97400 4.662E-08
97500 4.641E-08
97600 4.703E-08
97700 4.710E-08
97800 4.675E-08
97900 4.675E-08
98000 4.681E-08
98100 4.666E-08
98200 4.657E-08
98300 4.647E-08
98400 4.666E-08
98500 4.681E-08
98600 4.671E-08
98700 4.615E-08
98800 4.608E-08
98900 4.638E-08
99000 4.610E-08
99100 4.573E-08
99200 4.655E-08
99300 4.646E-08
99400 4.645E-08
99500 4.637E-08
99600 4.661E-08
99700 4.669E-08
99800 4.664E-08
99900 4.633E-08
100000 4.639E-08
100100 4.647E-08
100200 4.666E-08
100300 4.677E-08
100400 4.698E-08
100500 4.720E-08
100600 4.712E-08
100700 4.712E-08
100800 4.699E-08
100900 4.611E-08
101000 4.696E-08
101100 4.649E-08
101200 4.630E-08
101300 4.605E-08
101400 4.584E-08
101500 4.572E-08
101600 4.537E-08
101700 4.509E-08
101800 4.491E-08
101900 4.482E-08
102000 4.459E-08
102100 4.448E-08
102200 4.427E-08
102300 4.438E-08
102400 4.394E-08
102500 4.382E-08
102600 4.382E-08
102700 4.335E-08
102800 4.318E-08
102900 4.299E-08
103000 4.320E-08
103100 4.349E-08
103200 4.369E-08
103300 4.388E-08
103400 4.408E-08
103500 4.428E-08
103600 4.505E-08
103700 4.555E-08
103800 4.542E-08
103900 4.516E-08
104000 4.465E-08
104100 4.444E-08
104200 4.454E-08
104300 4.438E-08
104400 4.413E-08
104500 4.394E-08
104600 4.404E-08
104700 4.404E-08
104800 4.324E-08
104900 4.386E-08
105000 4.434E-08
105100 4.444E-08
105200 4.466E-08
105300 4.514E-08
105400 4.544E-08
105500 4.568E-08
105600 4.534E-08
105700 4.504E-08
105800 4.506E-08
105900 4.498E-08
106000 4.481E-08
106100 4.474E-08
106200 4.457E-08
106300 4.438E-08
106400 4.472E-08
106500 4.441E-08
106600 4.409E-08
106700 4.385E-08
106800 4.371E-08
106900 4.344E-08
107000 4.325E-08
107100 4.301E-08
107200 4.273E-08
107300 4.267E-08
107400 4.268E-08
107500 4.269E-08
107600 4.229E-08
107700 4.196E-08
107800 4.232E-08
107900 4.232E-08
108000 4.220E-08
108100 4.202E-08
108200 4.192E-08
108300 4.144E-08
108400 4.154E-08
108500 4.181E-08
108600 4.204E-08
108700 4.208E-08
108800 4.197E-08
108900 4.200E-08
109000 4.208E-08
109100 4.277E-08
109200 4.306E-08
109300 4.324E-08
109400 4.362E-08
109500 4.412E-08
109600 4.456E-08
109700 4.503E-08
109800 4.555E-08
109900 4.625E-08
110000 4.730E-08
110100 4.849E-08
110200 4.969E-08
110300 5.088E-08
110400 5.297E-08
110500 5.553E-08
110600 5.827E-08
110700 6.148E-08
110800 6.501E-08
110900 6.963E-08
111000 7.481E-08
111100 4.757E-08
111200 4.302E-08
111300 3.848E-08
111400 3.302E-08
111500 2.952E-08
111600 2.642E-08
111700 2.377E-08
111800 2.112E-08
111900 1.896E-08
112000 1.750E-08
112100 1.614E-08
112200 1.493E-08
112300 1.392E-08
112400 1.321E-08
112500 1.243E-08
112600 1.178E-08
112700 1.103E-08
112800 1.065E-08
112900 1.055E-08
113000 1.027E-08
113100 1.003E-08
113200 9.637E-09
113300 9.575E-09
113400 9.545E-09
113500 9.629E-09
113600 9.669E-09
113700 9.652E-09
113800 9.525E-09
113900 9.730E-09
114000 9.911E-09
114100 9.989E-09
114200 1.017E-08
114300 1.026E-08
114400 1.044E-08
114500 1.052E-08
114600 1.074E-08
114700 1.097E-08
114800 1.107E-08
114900 1.117E-08
115000 1.136E-08
115100 1.161E-08
115200 1.182E-08
115300 1.200E-08
115400 1.209E-08
115500 1.230E-08
115600 1.241E-08
115700 1.251E-08
115800 1.281E-08
115900 1.298E-08
116000 1.316E-08
116100 1.335E-08
116200 1.358E-08
116300 1.386E-08
116400 1.400E-08
116500 1.431E-08
116600 1.468E-08
116700 1.494E-08
116800 1.526E-08
116900 1.554E-08
117000 1.587E-08
117100 1.624E-08
117200 1.662E-08
117300 1.693E-08
117400 1.715E-08
117500 1.753E-08
117600 1.788E-08
117700 1.808E-08
117800 1.838E-08
117900 1.877E-08
118000 1.915E-08
118100 1.971E-08
118200 2.004E-08
118300 2.048E-08
118400 2.090E-08
118500 2.129E-08
118600 2.162E-08
118700 2.182E-08
118800 2.244E-08
118900 2.309E-08
119000 2.345E-08
119100 2.378E-08
119200 2.419E-08
119300 2.443E-08
119400 2.436E-08
119500 2.467E-08
119600 2.499E-08
119700 2.530E-08
119800 2.552E-08
119900 2.584E-08
120000 2.607E-08
120100 2.671E-08
120200 2.687E-08
120300 2.687E-08
120400 2.629E-08
120500 2.642E-08
120600 2.645E-08
120700 2.658E-08
120800 2.670E-08
120900 2.681E-08
121000 2.690E-08
121100 2.698E-08
121200 2.696E-08
121300 2.705E-08
121400 2.714E-08
121500 2.724E-08
121600 2.734E-08
121700 2.815E-08
121800 2.833E-08
121900 2.826E-08
122000 2.776E-08
122100 2.797E-08
122200 2.806E-08
122300 2.861E-08
122400 2.873E-08
122500 2.867E-08
122600 2.857E-08
122700 2.845E-08
122800 2.827E-08
122900 2.798E-08
123000 2.732E-08
123100 2.711E-08
123200 2.700E-08
123300 2.680E-08
123400 2.718E-08
123500 2.703E-08
123600 2.665E-08
123700 2.571E-08
123800 2.543E-08
123900 2.514E-08
124000 2.485E-08
124100 2.490E-08
124200 2.476E-08
124300 2.444E-08
124400 2.390E-08
124500 2.345E-08
124600 2.316E-08
124700 2.316E-08
124800 2.288E-08
124900 2.251E-08
125000 2.219E-08
125100 2.171E-08
125200 2.087E-08
125300 2.055E-08
125400 2.024E-08
125500 2.026E-08
125600 1.997E-08
125700 1.964E-08
125800 1.930E-08
125900 1.893E-08
126000 1.846E-08
126100 1.818E-08
126200 1.801E-08
126300 1.776E-08
126400 1.747E-08
126500 1.716E-08
126600 1.681E-08
126700 1.616E-08
126800 1.586E-08
126900 1.556E-08
127000 1.516E-08
127100 1.497E-08
127200 1.486E-08
127300 1.486E-08
127400 1.476E-08
127500 1.466E-08
127600 1.466E-08
127700 1.456E-08
127800 1.486E-08
127900 1.515E-08
128000 1.555E-08
128100 1.594E-08
128200 1.643E-08
128300 1.692E-08
128400 1.791E-08
128500 1.924E-08
128600 2.085E-08
128700 2.268E-08
128800 2.478E-08
128900 2.728E-08
129000 3.026E-08
129100 3.303E-08
129200 3.618E-08
129300 4.007E-08
129400 4.488E-08
129500 5.096E-08
129600 5.941E-08
129700 6.789E-08
129800 7.598E-08
129900 8.587E-08
130000 9.815E-08
130100 1.149E-07
130200 1.368E-07
130300 1.665E-07
130400 1.820E-07
130500 1.990E-07
130600 2.194E-07
130700 2.435E-07
130800 2.744E-07
130900 3.172E-07
131000 2.930E-07
131100 3.437E-07
131200 3.403E-07
131300 3.385E-07
131400 3.342E-07
131500 3.288E-07
131600 3.222E-07
131700 3.097E-07
131800 2.959E-07
131900 2.829E-07
132000 1.918E-07
132100 5.065E-07
132200 5.094E-07
132300 5.139E-07
132400 5.159E-07
132500 5.180E-07
132600 5.197E-07
132700 5.197E-07
132800 5.189E-07
132900 5.193E-07
133000 5.193E-07
133100 5.195E-07
133200 5.191E-07
133300 5.177E-07
133400 5.149E-07
133500 4.972E-07
133600 5.259E-07
133700 5.249E-07
133800 5.058E-07
133900 5.091E-07
134000 5.060E-07
134100 5.185E-07
134200 5.179E-07
134300 5.161E-07
134400 4.968E-07
134500 4.999E-07
134600 5.179E-07
134700 5.181E-07
134800 5.196E-07
134900 5.199E-07
135000 5.205E-07
135100 5.230E-07
135200 5.246E-07
135300 5.272E-07
135400 5.289E-07
135500 5.317E-07
135600 5.346E-07
135700 5.364E-07
135800 5.225E-07
135900 5.301E-07
136000 5.316E-07
136100 5.298E-07
136200 5.423E-07
136300 5.431E-07
136400 5.428E-07
136500 5.288E-07
136600 5.322E-07
136700 5.333E-07
136800 5.336E-07
136900 5.334E-07
137000 5.327E-07
137100 5.314E-07
137200 5.318E-07
137300 5.346E-07
137400 5.367E-07
137500 5.375E-07
137600 5.374E-07
137700 5.306E-07
137800 5.394E-07
137900 5.390E-07
138000 5.397E-07
138100 5.404E-07
138200 5.422E-07
138300 5.428E-07
138400 5.435E-07
138500 5.450E-07
138600 5.454E-07
138700 5.466E-07
138800 5.476E-07
138900 5.484E-07
139000 5.493E-07
139100 5.501E-07
139200 5.429E-07
139300 5.466E-07
139400 5.470E-07
139500 5.390E-07
139600 5.538E-07
139700 5.538E-07
139800 5.550E-07
139900 5.553E-07
140000 5.557E-07
140100 5.504E-07
140200 5.539E-07
140300 5.529E-07
140400 5.569E-07
140500 5.574E-07
140600 5.583E-07
140700 5.598E-07
140800 5.512E-07
140900 5.537E-07
141000 5.591E-07
141100 5.556E-07
141200 5.525E-07
141300 5.497E-07
141400 5.413E-07
141500 5.423E-07
141600 5.412E-07
141700 5.386E-07
141800 5.300E-07
141900 5.373E-07
142000 5.358E-07
142100 5.259E-07
142200 5.287E-07
142300 5.287E-07
142400 5.282E-07
142500 5.284E-07
142600 5.298E-07
142700 5.307E-07
142800 5.308E-07
142900 5.289E-07
143000 5.273E-07
143100 5.260E-07
143200 5.265E-07
143300 5.283E-07
143400 5.291E-07
143500 5.295E-07
143600 5.264E-07
143700 5.332E-07
143800 5.351E-07
143900 5.359E-07
144000 5.375E-07
144100 5.392E-07
144200 5.407E-07
144300 5.433E-07
144400 5.283E-07
144500 5.397E-07
144600 5.490E-07
144700 5.506E-07
144800 5.532E-07
144900 5.558E-07
145000 5.545E-07
145100 5.617E-07
145200 5.654E-07
145300 5.693E-07
145400 5.718E-07
145500 5.663E-07
145600 5.782E-07
145700 5.820E-07
145800 5.822E-07
145900 5.924E-07
146000 5.989E-07
146100 6.021E-07
146200 6.046E-07
146300 6.041E-07
146400 6.072E-07
146500 6.171E-07
146600 6.228E-07
146700 6.282E-07
146800 6.326E-07
146900 6.339E-07
147000 6.356E-07
147100 6.388E-07
147200 6.430E-07
147300 6.473E-07
147400 6.496E-07
147500 6.520E-07
147600 6.555E-07
147700 6.522E-07
147800 6.604E-07
147900 6.629E-07
148000 6.653E-07
148100 6.676E-07
148200 6.701E-07
148300 6.702E-07
148400 6.714E-07
148500 6.698E-07
148600 6.795E-07
148700 6.820E-07
148800 6.825E-07
148900 6.805E-07
149000 6.773E-07
149100 6.732E-07
149200 6.737E-07
149300 6.733E-07
149400 6.644E-07
149500 6.785E-07
149600 6.804E-07
149700 6.817E-07
149800 6.808E-07
149900 6.801E-07
150000 6.789E-07
150100 6.787E-07
150200 6.800E-07
150300 6.818E-07
150400 6.829E-07
150500 6.837E-07
150600 6.842E-07
150700 6.850E-07
150800 6.844E-07
150900 6.820E-07
151000 6.791E-07
151100 6.700E-07
151200 6.764E-07
151300 6.675E-07
151400 6.744E-07
151500 6.748E-07
151600 6.734E-07
151700 6.717E-07
151800 6.676E-07
151900 6.597E-07
152000 6.679E-07
152100 6.667E-07
152200 6.655E-07
152300 6.652E-07
152400 6.641E-07
152500 6.629E-07
152600 6.627E-07
152700 6.626E-07
152800 6.623E-07
152900 6.622E-07
153000 6.621E-07
153100 6.533E-07
153200 6.555E-07
153300 6.543E-07
153400 6.461E-07
153500 6.623E-07
153600 6.623E-07
153700 6.634E-07
153800 6.514E-07
153900 6.546E-07
154000 6.537E-07
154100 6.512E-07
154200 6.524E-07
154300 6.556E-07
154400 6.598E-07
154500 6.627E-07
154600 6.653E-07
154700 6.652E-07
154800 6.604E-07
154900 6.819E-07
155000 6.843E-07
155100 6.868E-07
155200 6.748E-07
155300 6.822E-07
155400 6.893E-07
155500 6.965E-07
155600 7.014E-07
155700 7.050E-07
155800 7.057E-07
155900 7.272E-07
156000 7.322E-07
156100 7.370E-07
156200 7.427E-07
156300 7.474E-07
156400 7.528E-07
156500 7.458E-07
156600 7.534E-07
156700 7.586E-07
156800 7.630E-07
156900 7.675E-07
157000 7.733E-07
157100 7.798E-07
157200 7.851E-07
157300 7.890E-07
157400 7.923E-07
157500 7.951E-07
157600 7.965E-07
157700 7.933E-07
157800 8.149E-07
157900 8.185E-07
158000 8.218E-07
158100 8.263E-07
158200 8.050E-07
158300 8.152E-07
158400 8.161E-07
158500 8.394E-07
158600 8.428E-07
158700 8.460E-07
158800 8.494E-07
158900 8.526E-07
159000 8.560E-07
159100 8.592E-07
159200 8.437E-07
159300 8.513E-07
159400 8.531E-07
159500 8.487E-07
159600 8.751E-07
159700 8.788E-07
159800 8.823E-07
159900 8.858E-07
160000 8.893E-07
160100 8.943E-07
160200 8.981E-07
160300 9.022E-07
160400 9.061E-07
160500 9.103E-07
160600 9.144E-07
160700 9.186E-07
160800 9.230E-07
160900 9.142E-07
161000 9.249E-07
161100 9.293E-07
161200 9.420E-07
161300 9.431E-07
161400 9.438E-07
161500 9.544E-07
161600 9.539E-07
161700 9.529E-07
161800 9.619E-07
161900 9.605E-07
162000 9.613E-07
162100 9.644E-07
162200 9.785E-07
162300 9.818E-07
162400 9.845E-07
162500 9.862E-07
162600 9.871E-07
162700 9.971E-07
162800 9.959E-07
162900 9.933E-07
163000 9.887E-07
163100 9.758E-07
163200 9.896E-07
163300 9.895E-07
163400 9.894E-07
163500 9.832E-07
163600 9.900E-07
163700 9.914E-07
163800 9.870E-07
163900 9.900E-07
164000 9.905E-07
164100 9.909E-07
164200 9.913E-07
164300 1.002E-06
164400 1.003E-06
164500 1.003E-06
164600 1.004E-06
164700 1.004E-06
164800 1.005E-06
164900 1.005E-06
165000 1.016E-06
165100 1.016E-06
165200 1.016E-06
165300 1.016E-06
165400 1.027E-06
165500 1.027E-06
165600 1.037E-06
165700 1.037E-06
165800 1.036E-06
165900 1.050E-06
166000 1.055E-06
166100 1.064E-06
166200 1.060E-06
166300 1.057E-06
166400 1.072E-06
166500 1.081E-06
166600 1.075E-06
166700 1.088E-06
166800 1.090E-06
166900 1.107E-06
167000 1.116E-06
167100 1.124E-06
167200 1.133E-06
167300 1.142E-06
167400 1.150E-06
167500 1.159E-06
167600 1.168E-06
167700 1.177E-06
167800 1.186E-06
167900 1.194E-06
168000 1.210E-06
168100 1.220E-06
168200 1.217E-06
168300 1.240E-06
168400 1.260E-06
168500 1.269E-06
168600 1.277E-06
168700 1.297E-06
168800 1.305E-06
168900 1.314E-06
169000 1.340E-06
169100 1.358E-06
169200 1.379E-06
169300 1.388E-06
169400 1.396E-06
169500 1.413E-06
169600 1.420E-06
169700 1.441E-06
169800 1.463E-06
169900 1.475E-06
170000 1.497E-06
170100 1.508E-06
170200 1.528E-06
170300 1.547E-06
170400 1.554E-06
170500 1.571E-06
170600 1.586E-06
170700 1.602E-06
170800 1.613E-06
170900 1.639E-06
171000 1.665E-06
171100 1.688E-06
171200 1.705E-06
171300 1.710E-06
171400 1.714E-06
171500 1.724E-06
171600 1.744E-06
171700 1.763E-06
171800 1.822E-06
171900 1.848E-06
172000 1.877E-06
172100 1.891E-06
172200 1.902E-06
172300 1.921E-06
172400 1.922E-06
172500 1.887E-06
172600 1.898E-06
172700 1.908E-06
172800 1.929E-06
172900 1.940E-06
173000 1.951E-06
173100 2.006E-06
173200 2.055E-06
173300 2.073E-06
173400 2.078E-06
173500 2.065E-06
173600 2.038E-06
173700 2.049E-06
173800 2.060E-06
173900 2.081E-06
174000 2.147E-06
174100 2.185E-06
174200 2.201E-06
174300 2.177E-06
174400 2.164E-06
174500 2.185E-06
174600 2.251E-06
174700 2.316E-06
174800 2.353E-06
174900 2.383E-06
175000 2.407E-06
175100 2.426E-06
175200 2.452E-06
175300 2.485E-06
175400 2.511E-06
175500 2.536E-06
175600 2.495E-06
175700 2.533E-06
175800 2.580E-06
175900 2.628E-06
176000 2.702E-06
176100 2.804E-06
176200 2.867E-06
176300 2.929E-06
176400 2.974E-06
176500 3.034E-06
176600 3.088E-06
176700 3.140E-06
176800 3.210E-06
176900 3.275E-06
177000 3.349E-06
177100 3.404E-06
177200 3.433E-06
177300 3.517E-06
177400 3.602E-06
177500 3.695E-06
177600 3.789E-06
177700 3.911E-06
177800 4.110E-06
177900 4.283E-06
178000 4.443E-06
178100 4.588E-06
178200 4.735E-06
178300 4.873E-06
178400 5.029E-06
178500 5.200E-06
178600 5.382E-06
178700 5.589E-06
178800 5.812E-06
178900 6.073E-06
179000 6.358E-06
179100 6.650E-06
179200 6.916E-06
179300 7.275E-06
179400 7.701E-06
179500 8.134E-06
179600 8.779E-06
179700 9.430E-06
179800 1.011E-05
179900 1.095E-05
180000 1.177E-05
180100 1.265E-05
180200 1.338E-05
180300 1.408E-05
180400 1.529E-05
180500 1.649E-05
180600 1.785E-05
180700 1.945E-05
180800 2.127E-05
180900 2.360E-05
181000 2.601E-05
181100 2.983E-05
181200 3.436E-05
181300 4.017E-05
181400 4.016E-05
181500 4.141E-05
181600 4.061E-05
181700 3.966E-05
181800 3.841E-05
181900 3.708E-05
182000 3.547E-05
182100 3.404E-05
182200 2.441E-05
182300 2.955E-05
182400 3.169E-05
182500 3.265E-05
182600 3.249E-05
182700 2.369E-05
182800 1.165E-05
182900 1.430E-05
183000 1.122E-05
183100 8.964E-06
183200 7.249E-06
183300 5.916E-06
183400 4.949E-06
183500 4.201E-06
183600 3.617E-06
183700 3.174E-06
183800 2.233E-06
183900 2.671E-06
184000 1.955E-06
184100 2.225E-06
184200 2.554E-06
184300 2.774E-06
184400 2.849E-06
184500 2.705E-06
184600 2.323E-06
184700 1.770E-06
184800 1.198E-06
184900 1.283E-06
185000 2.265E-06
185100 3.362E-06
185200 4.284E-06
185300 4.884E-06
185400 4.898E-06
185500 4.002E-06
185600 8.544E-07
185700 4.137E-07
185800 4.415E-07
185900 4.735E-07
186000 5.061E-07
186100 5.440E-07
186200 4.724E-06
186300 7.168E-06
186400 8.232E-06
186500 7.953E-06
186600 6.348E-06
186700 2.625E-06
186800 8.805E-07
186900 9.245E-07
187000 9.588E-07
187100 2.220E-06
187200 7.044E-06
187300 1.023E-05
187400 1.267E-05
187500 1.451E-05
187600 1.591E-05
187700 1.695E-05
187800 1.761E-05
187900 1.794E-05
188000 1.795E-05
188100 1.773E-05
188200 1.735E-05
188300 1.695E-05
188400 1.690E-05
188500 1.731E-05
188600 1.810E-05
188700 1.927E-05
188800 2.076E-05
188900 2.221E-05
189000 2.389E-05
189100 2.564E-05
189200 2.752E-05
189300 2.925E-05
189400 3.092E-05
189500 3.242E-05
189600 3.345E-05
189700 3.398E-05
189800 3.323E-05
189900 3.075E-05
190000 2.578E-05
190100 1.673E-05
190200 8.603E-06
190300 9.360E-06
190400 1.019E-05
190500 1.842E-05
190600 3.458E-05
190700 1.154E-04
190800 2.706E-04
190900 5.038E-04
191000 6.935E-04
191100 8.426E-04
191200 8.877E-04
191300 9.056E-04
191400 8.691E-04
191500 8.133E-04
191600 7.175E-04
191700 5.891E-04
191800 4.340E-04
191900 2.360E-04
192000 1.031E-04
192100 5.896E-05
192200 2.267E-05
192300 5.489E-05
192400 6.015E-05
192500 5.460E-05
192600 1.003E-04
192700 1.423E-04
192800 1.819E-04
192900 2.180E-04
193000 5.022E-05
193100 2.479E-04
193200 2.711E-04
193300 3.065E-04
193400 3.496E-04
193500 4.070E-04
193600 4.653E-04
193700 5.888E-04
193800 7.319E-04
193900 9.816E-04
194000 1.280E-03
194100 1.585E-03
194200 1.863E-03
194300 2.095E-03
194400 2.263E-03
194500 2.415E-03
194600 2.524E-03
194700 2.631E-03
194800 2.714E-03
194900 2.796E-03
195000 2.916E-03
195100 3.063E-03
195200 3.287E-03
195300 3.589E-03
195400 3.970E-03
195500 4.483E-03
195600 5.060E-03
195700 5.869E-03
195800 6.723E-03
195900 7.881E-03
196000 9.100E-03
196100 1.064E-02
196200 1.223E-02
196300 1.402E-02
196400 1.601E-02
196500 1.830E-02
196600 2.079E-02
196700 2.348E-02
196800 2.657E-02
196900 2.986E-02
197000 3.394E-02
197100 3.812E-02
197200 4.318E-02
197300 4.845E-02
197400 5.460E-02
197500 6.084E-02
197600 6.778E-02
197700 7.513E-02
197800 8.297E-02
197900 9.151E-02
198000 1.003E-01
198100 1.113E-01
198200 1.222E-01
198300 1.342E-01
198400 1.461E-01
198500 1.581E-01
198600 1.701E-01
198700 1.801E-01
198800 1.901E-01
198900 1.992E-01
199000 2.073E-01
199100 2.144E-01
199200 2.215E-01
199300 2.275E-01
199400 2.336E-01
199500 2.386E-01
199600 2.427E-01
199700 2.447E-01
199800 2.468E-01
199900 2.468E-01
200000 2.469E-01
200100 2.459E-01
200200 2.459E-01
200300 2.460E-01
200400 2.460E-01
200500 2.470E-01
200600 2.481E-01
200700 2.491E-01
200800 2.501E-01
200900 2.511E-01
201000 2.511E-01
201100 2.512E-01
201200 2.522E-01
201300 2.542E-01
201400 2.572E-01
201500 2.602E-01
201600 2.642E-01
201700 2.672E-01
201800 2.701E-01
201900 2.721E-01
202000 2.721E-01
202100 2.731E-01
202200 2.721E-01
202300 2.721E-01
202400 2.711E-01
202500 2.701E-01
202600 2.692E-01
202700 2.692E-01
202800 2.672E-01
202900 2.652E-01
203000 2.632E-01
203100 2.612E-01
203200 2.592E-01
203300 2.582E-01
203400 2.582E-01
203500 2.582E-01
203600 2.601E-01
203700 2.621E-01
203800 2.651E-01
203900 2.671E-01
204000 2.691E-01
204100 2.701E-01
204200 2.711E-01
204300 2.721E-01
204400 2.731E-01
204500 2.751E-01
204600 2.771E-01
204700 2.801E-01
204800 2.821E-01
204900 2.851E-01
205000 2.851E-01
205100 2.861E-01
205200 2.851E-01
205300 2.841E-01
205400 2.821E-01
205500 2.811E-01
205600 2.801E-01
205700 2.791E-01
205800 2.791E-01
205900 2.791E-01
206000 2.781E-01
206100 2.771E-01
206200 2.761E-01
206300 2.741E-01
206400 2.731E-01
206500 2.711E-01
206600 2.711E-01
206700 2.721E-01
206800 2.741E-01
206900 2.771E-01
207000 2.791E-01
207100 2.811E-01
207200 2.821E-01
207300 2.821E-01
207400 2.811E-01
207500 2.791E-01
207600 2.771E-01
207700 2.751E-01
207800 2.731E-01
207900 2.731E-01
208000 2.731E-01
208100 2.741E-01
208200 2.741E-01
208300 2.751E-01
208400 2.761E-01
208500 2.761E-01
208600 2.751E-01
208700 2.751E-01
208800 2.751E-01
208900 2.751E-01
209000 2.761E-01
209100 2.761E-01
209200 2.771E-01
209300 2.771E-01
209400 2.771E-01
209500 2.751E-01
209600 2.731E-01
209700 2.711E-01
209800 2.681E-01
209900 2.651E-01
210000 2.641E-01
210100 2.621E-01
210200 2.631E-01
210300 2.631E-01
210400 2.651E-01
210500 2.671E-01
210600 2.681E-01
210700 2.701E-01
210800 2.721E-01
210900 2.731E-01
211000 2.751E-01
211100 2.771E-01
211200 2.791E-01
211300 2.821E-01
211400 2.851E-01
211500 2.880E-01
211600 2.910E-01
211700 2.930E-01
211800 2.950E-01
211900 2.950E-01
212000 2.950E-01
212100 2.950E-01
212200 2.950E-01
212300 2.960E-01
212400 2.960E-01
212500 2.970E-01
212600 2.990E-01
212700 3.000E-01
212800 3.000E-01
212900 3.000E-01
213000 2.980E-01
213100 2.960E-01
213200 2.930E-01
213300 2.890E-01
213400 2.870E-01
213500 2.840E-01
213600 2.820E-01
213700 2.810E-01
213800 2.800E-01
213900 2.790E-01
214000 2.780E-01
214100 2.770E-01
214200 2.760E-01
214300 2.740E-01
214400 2.730E-01
214500 2.720E-01
214600 2.720E-01
214700 2.740E-01
214800 2.760E-01
214900 2.790E-01
215000 2.830E-01
215100 2.870E-01
215200 2.900E-01
215300 2.930E-01
215400 2.950E-01
215500 2.960E-01
215600 2.970E-01
215700 2.970E-01
215800 2.970E-01
215900 2.970E-01
216000 2.970E-01
216100 2.970E-01
216200 2.970E-01
216300 2.950E-01
216400 2.940E-01
216500 2.910E-01
216600 2.870E-01
216700 2.830E-01
216800 2.780E-01
216900 2.730E-01
217000 2.690E-01
217100 2.660E-01
217200 2.640E-01
217300 2.620E-01
217400 2.620E-01
217500 2.620E-01
217600 2.620E-01
217700 2.630E-01
217800 2.630E-01
217900 2.630E-01
218000 2.630E-01
218100 2.640E-01
218200 2.660E-01
218300 2.680E-01
218400 2.720E-01
218500 2.750E-01
218600 2.799E-01
218700 2.849E-01
218800 2.879E-01
218900 2.909E-01
219000 2.929E-01
219100 2.919E-01
219200 2.909E-01
219300 2.889E-01
219400 2.859E-01
219500 2.839E-01
219600 2.819E-01
219700 2.799E-01
219800 2.789E-01
219900 2.779E-01
220000 2.769E-01
220100 2.769E-01
220200 2.759E-01
220300 2.749E-01
220400 2.729E-01
220500 2.719E-01
220600 2.699E-01
220700 2.679E-01
220800 2.670E-01
220900 2.660E-01
221000 2.650E-01
221100 2.650E-01
221200 2.640E-01
221300 2.640E-01
221400 2.630E-01
221500 2.610E-01
221600 2.600E-01
221700 2.580E-01
221800 2.560E-01
221900 2.550E-01
222000 2.530E-01
222100 2.520E-01
222200 2.520E-01
222300 2.520E-01
222400 2.520E-01
222500 2.520E-01
222600 2.510E-01
222700 2.500E-01
222800 2.490E-01
222900 2.470E-01
223000 2.450E-01
223100 2.430E-01
223200 2.400E-01
223300 2.390E-01
223400 2.370E-01
223500 2.360E-01
223600 2.360E-01
223700 2.350E-01
223800 2.340E-01
223900 2.330E-01
224000 2.310E-01
224100 2.290E-01
224200 2.260E-01
224300 2.220E-01
224400 2.180E-01
224500 2.140E-01
224600 2.100E-01
224700 2.070E-01
224800 2.050E-01
224900 2.030E-01
225000 2.020E-01
225100 2.020E-01
225200 2.010E-01
225300 2.000E-01
225400 1.990E-01
225500 1.980E-01
225600 1.960E-01
225700 1.950E-01
225800 1.940E-01
225900 1.930E-01
226000 1.930E-01
226100 1.930E-01
226200 1.950E-01
226300 1.960E-01
226400 1.980E-01
226500 1.990E-01
226600 2.010E-01
226700 2.010E-01
226800 2.010E-01
226900 2.010E-01
227000 2.000E-01
227100 1.990E-01
227200 1.990E-01
227300 1.990E-01
227400 1.990E-01
227500 2.000E-01
227600 2.010E-01
227700 2.020E-01
227800 2.030E-01
227900 2.030E-01
228000 2.020E-01
228100 2.020E-01
228200 2.000E-01
228300 1.980E-01
228400 1.950E-01
228500 1.930E-01
228600 1.910E-01
228700 1.900E-01
228800 1.890E-01
228900 1.890E-01
229000 1.890E-01
229100 1.900E-01
229200 1.900E-01
229300 1.910E-01
229400 1.920E-01
229500 1.919E-01
229600 1.919E-01
229700 1.919E-01
229800 1.929E-01
229900 1.929E-01
230000 1.949E-01
230100 1.959E-01
230200 1.979E-01
230300 1.999E-01
230400 2.019E-01
230500 2.029E-01
230600 2.039E-01
230700 2.039E-01
230800 2.029E-01
230900 2.029E-01
231000 2.019E-01
231100 1.999E-01
231200 1.989E-01
231300 1.979E-01
231400 1.970E-01
231500 1.960E-01
231600 1.960E-01
231700 1.950E-01
231800 1.930E-01
231900 1.920E-01
232000 1.900E-01
232100 1.870E-01
232200 1.850E-01
232300 1.810E-01
232400 1.770E-01
232500 1.740E-01
232600 1.700E-01
232700 1.670E-01
232800 1.640E-01
232900 1.620E-01
233000 1.600E-01
233100 1.590E-01
233200 1.570E-01
233300 1.550E-01
233400 1.540E-01
233500 1.520E-01
233600 1.500E-01
233700 1.480E-01
233800 1.460E-01
233900 1.440E-01
234000 1.420E-01
234100 1.410E-01
234200 1.400E-01
234300 1.390E-01
234400 1.380E-01
234500 1.380E-01
234600 1.370E-01
234700 1.360E-01
234800 1.350E-01
234900 1.330E-01
235000 1.310E-01
235100 1.290E-01
235200 1.270E-01
235300 1.240E-01
235400 1.220E-01
235500 1.210E-01
235600 1.190E-01
235700 1.180E-01
235800 1.180E-01
235900 1.170E-01
236000 1.170E-01
236100 1.180E-01
236200 1.180E-01
236300 1.180E-01
236400 1.180E-01
236500 1.180E-01
236600 1.180E-01
236700 1.180E-01
236800 1.180E-01
236900 1.180E-01
237000 1.190E-01
237100 1.190E-01
237200 1.200E-01
237300 1.210E-01
237400 1.220E-01
237500 1.220E-01
237600 1.220E-01
237700 1.220E-01
237800 1.220E-01
237900 1.210E-01
238000 1.210E-01
238100 1.200E-01
238200 1.200E-01
238300 1.190E-01
238400 1.190E-01
238500 1.200E-01
238600 1.200E-01
238700 1.210E-01
238800 1.230E-01
238900 1.240E-01
239000 1.260E-01
239100 1.270E-01
239200 1.280E-01
239300 1.290E-01
239400 1.300E-01
239500 1.310E-01
239600 1.320E-01
239700 1.320E-01
239800 1.330E-01
239900 1.340E-01
240000 1.350E-01
240100 1.360E-01
240200 1.380E-01
240300 1.390E-01
240400 1.410E-01
240500 1.430E-01
240600 1.440E-01
240700 1.450E-01
240800 1.450E-01
240900 1.460E-01
241000 1.460E-01
241100 1.460E-01
241200 1.460E-01
241300 1.460E-01
241400 1.460E-01
241500 1.460E-01
241600 1.470E-01
241700 1.480E-01
241800 1.490E-01
241900 1.500E-01
242000 1.510E-01
242100 1.510E-01
242200 1.510E-01
242300 1.510E-01
242400 1.500E-01
242500 1.500E-01
242600 1.490E-01
242700 1.480E-01
242800 1.470E-01
242900 1.470E-01
243000 1.460E-01
243100 1.460E-01
243200 1.470E-01
243300 1.480E-01
243400 1.480E-01
243500 1.490E-01
243600 1.490E-01
243700 1.500E-01
243800 1.500E-01
243900 1.500E-01
244000 1.500E-01
244100 1.490E-01
244200 1.490E-01
244300 1.480E-01
244400 1.480E-01
244500 1.480E-01
244600 1.470E-01
244700 1.470E-01
244800 1.470E-01
244900 1.460E-01
245000 1.460E-01
245100 1.450E-01
245200 1.440E-01
245300 1.421E-01
245400 1.411E-01
245500 1.391E-01
245600 1.371E-01
245700 1.351E-01
245800 1.331E-01
245900 1.311E-01
246000 1.291E-01
246100 1.281E-01
246200 1.271E-01
246300 1.261E-01
246400 1.261E-01
246500 1.261E-01
246600 1.251E-01
246700 1.251E-01
246800 1.251E-01
246900 1.241E-01
247000 1.231E-01
247100 1.231E-01
247200 1.221E-01
247300 1.201E-01
247400 1.191E-01
247500 1.181E-01
247600 1.171E-01
247700 1.171E-01
247800 1.161E-01
247900 1.161E-01
248000 1.161E-01
248100 1.161E-01
248200 1.161E-01
248300 1.151E-01
248400 1.151E-01
248500 1.141E-01
248600 1.131E-01
248700 1.121E-01
248800 1.101E-01
248900 1.091E-01
249000 1.081E-01
249100 1.071E-01
249200 1.061E-01
249300 1.051E-01
249400 1.051E-01
249500 1.041E-01
249600 1.031E-01
249700 1.031E-01
249800 1.021E-01
249900 1.011E-01
250000 1.000E-01
250100 9.892E-02
250200 9.732E-02
250300 9.563E-02
250400 9.393E-02
250500 9.214E-02
250600 9.035E-02
250700 8.855E-02
250800 8.706E-02
250900 8.577E-02
251000 8.448E-02
251100 8.348E-02
251200 8.268E-02
251300 8.188E-02
251400 8.117E-02
251500 8.056E-02
251600 7.995E-02
251700 7.934E-02
251800 7.884E-02
251900 7.824E-02
252000 7.774E-02
252100 7.725E-02
252200 7.686E-02
252300 7.647E-02
252400 7.628E-02
252500 7.609E-02
252600 7.600E-02
252700 7.610E-02
252800 7.620E-02
252900 7.620E-02
253000 7.620E-02
253100 7.620E-02
253200 7.610E-02
253300 7.560E-02
253400 7.519E-02
253500 7.459E-02
253600 7.379E-02
253700 7.298E-02
253800 7.218E-02
253900 7.138E-02
254000 7.057E-02
254100 6.987E-02
254200 6.927E-02
254300 6.867E-02
254400 6.807E-02
254500 6.747E-02
254600 6.668E-02
254700 6.598E-02
254800 6.489E-02
254900 6.360E-02
255000 6.240E-02
255100 6.091E-02
255200 5.922E-02
255300 5.763E-02
255400 5.604E-02
255500 5.465E-02
255600 5.326E-02
255700 5.206E-02
255800 5.127E-02
255900 5.057E-02
256000 4.988E-02
256100 4.938E-02
256200 4.888E-02
256300 4.839E-02
256400 4.759E-02
256500 4.660E-02
256600 4.571E-02
256700 4.442E-02
256800 4.294E-02
256900 4.136E-02
257000 3.977E-02
257100 3.808E-02
257200 3.640E-02
257300 3.481E-02
257400 3.361E-02
257500 3.231E-02
257600 3.121E-02
257700 3.073E-02
257800 3.024E-02
257900 2.976E-02
258000 2.978E-02
258100 2.981E-02
258200 2.993E-02
258300 3.015E-02
258400 3.046E-02
258500 3.088E-02
258600 3.119E-02
258700 3.168E-02
258800 3.208E-02
258900 3.257E-02
259000 3.305E-02
259100 3.353E-02
259200 3.402E-02
259300 3.431E-02
259400 3.470E-02
259500 3.500E-02
259600 3.510E-02
259700 3.519E-02
259800 3.520E-02
259900 3.510E-02
260000 3.481E-02
260100 3.442E-02
260200 3.404E-02
260300 3.345E-02
260400 3.287E-02
260500 3.229E-02
260600 3.162E-02
260700 3.094E-02
260800 3.027E-02
260900 2.970E-02
261000 2.913E-02
261100 2.857E-02
261200 2.801E-02
261300 2.746E-02
261400 2.699E-02
261500 2.642E-02
261600 2.585E-02
261700 2.527E-02
261800 2.461E-02
261900 2.383E-02
262000 2.303E-02
262100 2.225E-02
262200 2.145E-02
262300 2.073E-02
262400 2.001E-02
262500 1.938E-02
262600 1.904E-02
262700 1.878E-02
262800 1.844E-02
262900 1.860E-02
263000 1.868E-02
263100 1.885E-02
263200 1.905E-02
263300 1.926E-02
263400 1.947E-02
263500 1.958E-02
263600 1.968E-02
263700 1.969E-02
263800 1.970E-02
263900 1.970E-02
264000 1.961E-02
264100 1.951E-02
264200 1.952E-02
264300 1.952E-02
264400 1.952E-02
264500 1.953E-02
264600 1.955E-02
264700 1.957E-02
264800 1.958E-02
264900 1.931E-02
265000 1.905E-02
265100 1.878E-02
265200 1.834E-02
265300 1.769E-02
265400 1.704E-02
265500 1.640E-02
265600 1.574E-02
265700 1.499E-02
265800 1.432E-02
265900 1.356E-02
266000 1.295E-02
266100 1.227E-02
266200 1.160E-02
266300 1.092E-02
266400 1.025E-02
266500 9.570E-03
266600 8.922E-03
266700 8.275E-03
266800 7.610E-03
266900 7.119E-03
267000 7.046E-03
267100 6.893E-03
267200 6.626E-03
267300 2.397E-02
267400 2.668E-02
267500 2.662E-02
267600 2.690E-02
267700 2.601E-02
267800 2.512E-02
267900 2.432E-02
268000 2.352E-02
268100 2.272E-02
268200 2.194E-02
268300 2.105E-02
268400 2.012E-02
268500 1.923E-02
268600 1.838E-02
268700 1.756E-02
268800 1.680E-02
268900 1.606E-02
269000 1.535E-02
269100 1.469E-02
269200 1.405E-02
269300 1.344E-02
269400 1.286E-02
269500 1.228E-02
269600 1.173E-02
269700 1.121E-02
269800 1.070E-02
269900 1.020E-02
270000 9.597E-03
270100 8.902E-03
270200 8.212E-03
270300 7.197E-03
270400 4.399E-03
270500 4.714E-03
270600 5.076E-03
270700 5.503E-03
270800 5.816E-03
270900 6.134E-03
271000 6.456E-03
271100 6.676E-03
271200 6.791E-03
271300 6.884E-03
271400 6.983E-03
271500 6.949E-03
271600 6.919E-03
271700 6.884E-03
271800 6.815E-03
271900 6.726E-03
272000 6.648E-03
272100 6.575E-03
272200 6.435E-03
272300 6.261E-03
272400 6.106E-03
272500 5.894E-03
272600 5.476E-03
272700 5.061E-03
272800 4.671E-03
272900 4.110E-03
273000 3.495E-03
273100 2.938E-03
273200 2.394E-03
273300 1.428E-03
273400 8.487E-04
273500 5.143E-04
273600 3.977E-04
273700 6.263E-05
273800 1.042E-04
273900 8.780E-05
274000 7.378E-05
274100 6.233E-05
274200 5.235E-05
274300 4.419E-05
274400 3.732E-05
274500 3.132E-05
274600 2.633E-05
274700 2.214E-05
274800 1.861E-05
274900 1.562E-05
275000 1.315E-05
275100 1.105E-05
275200 9.278E-06
275300 7.795E-06
275400 7.077E-06
275500 6.625E-06
275600 6.192E-06
275700 5.796E-06
275800 5.401E-06
275900 5.060E-06
276000 4.737E-06
276100 4.432E-06
276200 4.146E-06
276300 3.878E-06
276400 3.628E-06
276500 3.378E-06
276600 3.159E-06
276700 2.953E-06
276800 2.763E-06
276900 2.577E-06
277000 2.404E-06
277100 2.249E-06
277200 4.774E-06
277300 7.185E-06
277400 1.730E-05
277500 8.755E-05
277600 8.030E-04
277700 1.069E-03
277800 1.401E-03
277900 1.799E-03
278000 2.105E-03
278100 2.185E-03
278200 2.243E-03
278300 2.323E-03
278400 2.347E-03
278500 2.352E-03
278600 2.359E-03
278700 2.369E-03
278800 2.355E-03
278900 2.352E-03
279000 2.351E-03
279100 2.314E-03
279200 2.129E-03
279300 1.970E-03
279400 1.816E-03
279500 1.518E-03
279600 1.113E-03
279700 8.091E-04
279800 5.917E-04
279900 1.311E-04
280000 3.660E-05
280500 8.797E-06
281000 1.064E-05
281500 1.148E-05
282000 1.242E-05
282500 1.351E-05
283000 1.417E-05
283500 1.390E-05
284000 1.378E-05
284500 1.371E-05
285000 1.266E-05
285500 1.089E-05
